fecha,hora,473,47E1F02E,47201542,4724D566,472606FA,4727F484,4727470A,472FF022,472F50DA,472F86B2,472FA05E,47E94706,472C92CA,472F6540,472F7636,472FB328,472FE354,472F00A6,472F95C4,47E281B0,472FC5B8,47E3055E,472FD6CE,472F43AC,4726706A,472680EE,47269398,4726A602,4726C3E4,472D4658,472EA2A4,472F13D0,47E35522,105130,47E1D6C2,47E1E358,47E1C5B4,47E207A4,221008,106140
2026-02-16,19:00,0.048629208526998674,0.13948570132833346,0.02674684852843208,0.043077456002029224,0.07156955828654193,0.1319598523395853,,0.027921380916494824,0.0031827168110399513,0.07602363869600091,0.0708426736317892,0.09964593571850136,0.010660890999701196,0.04262212285843149,0.04929900114545638,0.060828762608155514,0.028047463372714715,0.08518139157634534,0.042829303118652656,0.060779536885202184,0.03408980645675588,0.19938324661107645,0.010929684547500868,0.07086625152117644,0.02171789046936436,0.05506355497173152,0.009646096386298554,0.007847667834495703,0.14626581034501973,0.10502188083156846,0.01189136740453793,0.05252322770594664,0.07061813991527795,0.07618346977759904,0.13686005607140253,0.1094572126420621,0.16666967590473752,0.03698719106564229,0.013330821825292669,0.0005510488665735912
2026-02-16,20:00,0.05902743069278797,0.10260120089572897,1.350967383123929,0.04011439091728122,0.09342820460310156,0.11880424118397212,,0.03096725875097879,0.014633333747881292,0.19539689305715002,1.4999432177554093,0.08839820729522271,0.011724950061136198,3.5861100607198666,1.0798292580497661,0.06959686933463825,0.024440270755944418,0.1463533169468566,0.2706277770004846,0.0673595294523717,0.04265865864389072,0.16534501248933328,0.013681128654647294,0.09629928858911668,0.01382374439418817,0.04470743329731179,0.006603355092958551,0.040187304242316,0.10947142753370671,0.08173291637335652,0.00879500160841714,0.06721672911521201,0.355336338130518,0.07771369068766304,0.4935301961220482,0.07995198434460864,0.12800749532083175,0.04242306537220699,0.014717716646708567,0.0034929540636074096
2026-02-16,21:00,0.04902237419160409,0.07124061151660976,0.86864278284704,0.39807610527575826,0.05792254370676814,0.06280091185355618,,0.026889636060149925,0.008763234238810758,0.1391916694055705,0.18144899438174558,0.06270914761265486,0.009978535186373004,1.2362278836283964,2.3649692538308855,0.06995623720811792,0.02373728601243992,0.07302097579608435,0.30099954407267604,0.055988459298844745,0.034640721259884655,0.09938039355472807,0.03426120676827185,0.06017844866910604,0.01568297911708595,0.030609452499608274,0.006906627507337984,0.018264977706634627,0.025534870175710787,0.051735675152787056,0.009566302999823896,0.03688549305841717,0.5814614695175263,0.07699439855377048,0.22942098880654296,0.23491317184442376,0.19602516885380414,0.03698845264697208,0.0012104620486559677,0.005590813896588399
2026-02-16,22:00,0.026162481372901253,0.20188550594637797,0.5302585911942735,0.013269258071465694,0.05621228549646916,0.0486399107118662,,0.016398987211857122,0.003101206931350331,0.08616724590325887,0.5002269675545306,0.03478083454333946,0.008060946984951994,3.0396854193276215,0.9771931508819646,0.043185700463052645,0.020131222958624656,0.07435228883973088,0.2445254349600345,0.038587985164632924,0.025204475650524333,0.15370493609418084,0.002826123796356733,0.053405564047693074,0.020511200986499344,0.027761947558190624,0.037506410297219094,0.017173043957439432,0.03980252399481007,0.05736759258832324,0.009152494872837025,0.034350141285935075,1.2971603880078038,0.06530144517462175,0.5962737698363564,0.09426590868346331,0.20178730217036883,0.026256099141151314,0.012764005037333824,0.00461849973465955
2026-02-16,23:00,0.19102907381247847,0.2313890772739672,0.8911085919281047,0.3217137852602496,0.04173689512143002,0.03050275158133219,,0.01603823763573338,0.0018113409247439555,0.09987915554857123,3.7660446218218517,0.2176066787370196,0.0014524779675334032,3.4537149756810828,0.12001230871675586,0.041737956497381344,0.10422407877190326,0.053760631456890945,0.22768686219657144,0.029117161932525237,0.017171140648904334,0.13299830126442316,0.021810852782326053,0.03387256116645109,0.018801141099356017,0.02332595231515619,0.1373135313344824,0.018263335373000882,0.03792842170463129,0.041974027894441546,0.008771037142570659,0.01028544305901207,1.4280557951046782,0.0443978813128256,0.862825976172179,0.11435632142321792,0.06235185988677184,0.02835242720459113,0.005756436486148331,0.00209957360329966
2026-02-17,00:00,0.12903883834300728,0.18671095985097014,1.3922358011818594,0.016647154058601357,0.02921918033546987,0.015378403513713059,,0.015661878899677895,0.19656035956422183,0.09902631089653217,0.09738776742036631,0.13222526129262963,0.08219557203672291,1.2559448151309667,0.8240736498022099,0.09424531111364982,0.011828472335814593,0.053760631456890945,0.06910026883638254,0.011507056917027582,0.017171140648904334,0.22924630710851907,0.13359029133957537,0.03387256116645109,0.018906160883284756,0.016753928107389612,0.00450096500721501,0.03675787335021624,0.07852657354127458,0.013299190498207462,0.008136076404900832,0.02240091817021293,1.99102481097295,0.013917563426324936,0.9757321292722888,0.0734607715630728,0.08072960382113281,0.019648638127053936,0.0010291286654521953,0.00044555041562532844
2026-02-17,01:00,0.4742822346918632,0.200338657044143,0.9407732208900625,0.2884273462918361,0.029660969127673863,0.0034158472541303358,,0.01543715930592316,0.02457524986722274,0.08873296177495416,0.28261322325974114,0.030619941172009127,0.09185650803529648,0.7298027943481746,0.43248536357080647,0.17710362532063367,0.010762685062863406,0.053760631456890945,0.5402921699235361,0.011479174024837646,0.017171140648904334,0.026127439902350447,0.035422118739643044,0.03387256116645109,0.022064585130637485,0.014533674879650682,0.01542198866020459,0.009231774100856825,0.10120026023663538,0.00521971457308791,0.008138006736625106,0.02240091817021293,0.022137383882171176,0.1532198361970562,0.07206488001228015,0.30073622362504393,0.0468366868798541,0.019626960901927434,0.051824970284513404,0.0021744184649192585
2026-02-17,02:00,0.17423643035423875,0.1950988005518524,0.5767569063203265,0.023199616549952732,0.03275128568761316,0.007225844569842471,,0.015587275896963397,0.09808597213640963,0.07830595066687646,0.1471195625936213,0.032080498172631436,0.005771100045347982,0.17320552302079256,0.16736462686767178,0.04205680190716144,0.018976334659395532,0.06427319454169242,0.09648609996610023,0.008685526738192444,0.02122523791155681,0.16446782963485024,0.05692747161601,0.042183024807536544,0.018874151856340587,0.032750997237375956,0.012721518457485488,0.0011174052184823994,0.02723778205579116,0.004622872127705398,0.00822941400211656,0.028093229682139897,0.3036960906449713,0.05043336605178671,0.02536870177129921,0.6064241571262834,0.16256790656328973,0.018271790266732577,0.005168087817018021,0.0020954069743506745
2026-02-17,03:00,0.4352636904416491,0.36729231571636367,0.745196466669061,0.2767503685001098,0.032574425165444065,0.007535446885174132,,0.04166822752823214,0.024297765866677503,0.0724284408781188,0.05335756332494222,0.3173029221382414,0.14380408385269242,1.3270311695742756,0.27124902849126525,0.020464027768595093,0.02764777566623122,0.06402986322465361,0.34221592952061836,0.005023112246879421,0.02402890134799795,0.4054768379889574,0.0038635606354290044,0.0452236223492106,0.018320350091270376,0.004810386457696996,0.035402597046442275,0.001863568709247304,0.012845234282612514,0.004622872127705398,0.008346213571169847,0.030343852799154445,0.1515539548944613,0.18280377201566794,0.042594457485486265,0.10348483809425155,0.01958457444336227,0.04518887455642256,0.02203310414117968,0.0010636316268996457
2026-02-17,04:00,0.5131263162355408,0.20737940501494478,0.0187829586623134,0.04896023124414123,0.03442665017217954,0.007535446885174132,,0.016726425591553164,0.056222571196273455,0.03995109229447121,0.024604904530288154,0.5620766530922142,0.07897504607652907,0.6165883647888273,0.02039722691086137,0.06036977693501302,0.0073593874391973116,0.09116738390520844,0.02701325171309765,0.008685526738192444,0.02481206462819588,0.20157454782059403,0.04917601010570588,0.05456918258599441,0.018197588802005095,0.017404671854972926,0.025088269685066226,0.005504519356824664,0.012845234282612514,0.004622872127705398,0.00811747616027009,0.04777217761979521,0.28292965760732885,0.09934502402931766,0.03194782454187505,0.39431667310101576,0.013541250728802943,0.055084511421311884,0.04535044783173614,0.0006909711016209534
2026-02-17,05:00,0.10204757021346697,0.01622578507183722,0.01839504458195128,0.02657330535191409,0.03419334692699471,0.007535446885174132,,0.027781916513034383,0.08189105587401983,0.045732542004095954,0.024773300358575136,0.37094191455920994,0.023094262075159702,0.7366506795408201,0.020491135424018272,0.046553567222481426,0.010338193202036492,0.240264483969748,0.10919534430364372,0.008685526738192444,0.02434201447139789,0.06287951867919628,0.027432984002596594,0.15095573493901387,0.01831780677800946,0.042942261937276974,0.006797045615169568,0.018173417259536914,0.012845234282612514,0.0,0.009726239337352552,0.07423205615895875,0.11850462650585211,0.07774130243999706,0.03194782454187505,0.05407333141374381,0.010736931673797133,0.1002487056556206,0.004366395482199392,9.569294994316729e-05
2026-02-17,06:00,0.19878207563750117,0.012649796463829905,0.5689894163374607,0.026319169499829778,0.02712407254767439,0.0,,0.016581195440652025,0.012625207706731024,0.015610325198931964,0.15861552732175066,0.06032675908504981,0.058756480296429645,0.004080838199621941,0.020491135424018272,0.032054780139021764,0.0019509943346078555,0.2127116739651698,0.11919905272495494,0.0024371581061193967,0.02507743694001568,0.13491323635022273,0.07624513972772504,0.27132701678221793,0.01818187880119725,0.0075403077036172135,0.015932107776095175,0.014759408295552102,0.01232752529976724,0.0,0.011533950048695132,0.0853462267225726,0.11961714599065443,0.07354800539465893,0.26974402937024,0.14417459205806832,0.010334033057632221,0.021781005247448974,0.004054401074514576,8.812293129286567e-05
2026-02-17,07:00,0.052731066069443375,0.012952714330600681,0.017289497357910123,0.02198298250994094,0.02288770507044554,0.007535446885174132,,0.011965448135728083,0.0018849058972319457,0.0651003206798969,0.016999025413523213,0.015548200286237188,0.005355302250147695,0.017156447984754245,0.01250518373390066,0.009339034502992618,0.00803804935518438,0.06849330938177603,0.02474898507507906,0.008612983907567416,0.02173358047755992,0.044773082383443574,0.002195383996889618,0.04880546339349718,0.01808663452278517,0.01553579027583359,0.01568590463191072,0.024333464291353194,0.012421257131008721,0.004622872127705398,0.01266651548902378,0.04306191430466608,0.028282359454215075,0.063662517701448,0.019829498683113237,0.04080289537749618,0.010736931673797133,0.021565150145193356,0.018207871840407914,3.7585364704942434e-05
2026-02-17,08:00,0.00565419916999397,0.012952714330600681,0.012800722145229038,0.020764373791569802,0.02315886605059747,0.007535446885174132,,0.011254626058666345,0.0016347790862526886,0.04904970394415131,0.016765981081035622,0.10166696019480588,0.004664249035497327,0.015060310631029116,0.01250518373390066,0.009339034502992618,0.008139036287564532,0.03700229316440037,0.02119494087017223,0.008612983907567416,0.020121897429912692,0.044773082383443574,0.0021403536802999633,0.02199372550524754,0.06045771616334481,0.01553579027583359,0.03521351778076871,0.0061126920671775884,0.012421257131008721,0.004622872127705398,0.012512099307089323,0.014453576427487215,0.020117293648894072,0.04205692277125178,0.019829498683113237,0.04061731588575486,0.010736931673797133,0.020933286125867697,0.00048613471617232966,3.7585364704942434e-05
2026-02-17,09:00,0.006068436595306924,0.012952714330600681,0.01290421660839712,0.01827419605866029,0.022921895950334822,0.007535446885174132,,0.009119140521860426,0.0009648879541885364,0.01583912529833923,0.014576418715484906,0.04076589975264528,0.0038130715129856825,0.01382370139979103,0.011742506675317796,0.009339034502992618,0.00814890139420718,0.016935012087687263,0.009012956268138918,0.008612983907567416,0.012574499060813997,0.044773082383443574,0.002126449617220242,0.010930125503883607,0.06690933595458251,0.01553579027583359,0.09209476671204615,0.010677385180796145,0.012421257131008721,0.004622872127705398,0.01219687390189523,0.007614958277388355,0.012072173913176505,0.02638172087037384,0.019829498683113237,0.03449646019520832,0.010736931673797133,0.020050172338054208,0.017766501229810456,3.7585364704942434e-05
2026-02-17,10:00,0.004294634776406329,0.011716239167765916,0.005831507881094656,0.0028019209175488484,0.00854671354753657,0.007535446885174132,,0.007122431313704916,0.0007464557621972836,0.013968938693915937,0.0014786084939164544,0.012486673993684541,0.0007507878701472448,0.0005686405940698131,0.0015073643501618908,0.009339034502992618,0.00725400912506841,0.00146274538164687,0.0029271308234903024,0.008612983907567416,0.0039006681651095852,0.00929868653463834,0.0020070089530507284,0.002884546668893488,0.061067262990061544,0.01280576418806204,0.022721874009448986,0.01137952258554214,0.01221965217347866,0.004622872127705398,0.0002958845459013228,0.0016389937014684598,0.004677970618906785,0.01915227597181596,0.0077879312675677706,0.003432894424360898,0.010736931673797133,0.008809748950961314,0.0,3.571757210496963e-05
2026-02-17,11:00,0.030729158032460426,0.016578562499169607,0.06273822171438426,0.0016924216306569248,0.00802866007364942,0.0010515030152864649,,0.0013402819402819407,0.00023916326619604424,0.0003448575036075037,0.041382971113853424,0.0024518805956041264,0.018967649012279406,0.04247472984465863,0.0013198471789504832,0.012668876650156709,0.0033710979847628468,0.0,0.003973160173160174,0.03523991999293276,0.0024550356543381648,0.1615225130630597,0.14294949189341147,0.003035383789386537,0.008731994770569502,0.012336219020610849,0.047485286513850894,0.006454701110273186,0.07601672744789079,0.014104706963610407,0.00046240375348827125,0.005018820193349066,0.007817531911243214,0.0071085031671612574,0.01099281130805899,0.0012918325669428606,0.017566519583142762,0.0063311052058866255,0.013706043038719508,0.0
2026-02-17,12:00,0.0012619952866247568,0.015419324912424204,0.002862803046938924,0.0029019464712920825,0.005664951401608522,0.0022118910909352087,,0.054868898282152204,0.0004319092011018281,0.0096327099684265,0.0009315690887912746,0.005030763960405627,0.04646601197516279,0.0007316646348714738,0.001108889530705867,0.022355797501504692,0.01076485275978764,0.0015077960347062022,0.001571652338210989,0.014264974519098179,0.00173655680555998,0.007271258601353162,0.001404763454438583,0.0022323209533427883,0.008619901325677932,0.0162653099327153,0.0023070037265240304,0.02592046926642143,0.019678901637272893,0.020562053858691306,0.0004898369706646911,0.0007183715296678823,0.0029202337533485822,0.1083764000930998,0.005915604086637504,0.0029427898566322047,0.024604647723829923,0.011979232238931423,0.004218683374159378,4.1704322142287075e-05
2026-02-17,13:00,0.15803271296378854,0.030422886315867485,0.006666258444064721,0.004593618548186664,0.08290617702538156,0.021078634378776072,,0.01479646010513131,0.0003894553302434902,0.4320592961545394,0.002733032730156727,0.013822526360778955,0.03761081111947224,0.0022329639571549474,0.0026263429525565235,0.35232188530015107,0.014104970426547974,0.004131846536842944,0.001823698216846873,0.07869380428176082,0.048732878714951446,0.015498241053141203,0.001934262820311439,0.00438185583508548,0.004824202332643535,0.02023110357838558,0.007333128945854219,0.005433613314349776,0.031068343535229838,0.05114338926117741,0.0031247500446461175,0.002441623800373396,0.009035180849118809,0.004583707463765289,0.010201886971946652,0.010519396710394018,0.06467853677943211,0.020799382709468402,0.0004649870717517775,0.00019395411442095636
2026-02-17,14:00,0.2690656666480675,0.054572659909259406,0.007775261713061505,0.012302678645354719,0.04403013115916206,0.33526090330125946,,0.21377560699200182,0.00030916309791570185,0.15652660004054542,0.007302377997188744,0.02766279363084886,0.047502462511175604,0.004184743167634637,0.0041135973164870936,0.36171620034561963,0.02128213209637336,0.016270726141874206,0.0046174712916272394,0.0064063981811960866,0.03246166590302955,0.0500863088087458,0.0021700111184850264,0.009450893593493404,0.014605007938569432,0.025596544492846048,0.019329853251632622,0.00871835032167053,0.04708172838952805,0.10282671200025303,0.007380594887421697,0.0028724332021050542,0.14878078397624045,0.04109700310672079,0.2735407137910448,0.02391523720482564,0.11118823950962932,0.05666950638786506,0.028402906144568685,0.00054156839958935
2026-02-17,15:00,0.7156505798700878,0.09730102601024099,0.01861428159277778,0.026533192841794905,0.07587200524343385,0.38961412808299456,,0.0808032364824436,0.00031428974840999846,0.2776317970877913,0.018670250171828204,0.05789605055783798,0.22204928031944088,0.019996897873917077,0.021045847581019243,0.2721011246819355,0.028437251683956447,0.0,0.012007230360542845,0.10728561456998627,0.033684770241839024,0.0988192869298458,0.026496827835979255,0.02563295626050661,0.01683076246066944,0.046375980279070056,0.06690634704757864,0.011784867666697573,0.0970982662545373,0.15163995375344683,0.014758936498983372,0.01864315824988883,0.6721620020523271,0.047490416220702006,0.20027819691319215,0.0566431569097499,0.19426373730030355,0.22887150477942012,0.011373197868565157,0.0009184167377578064
2026-02-17,16:00,0.49189601354489987,0.13947819160494132,0.09900510989808804,0.03212510457057814,0.45549085531629374,0.6894099508097403,,0.7205679021055482,0.005408230969670658,0.8099309247223416,0.2871314574935104,0.07515945113838868,0.05337574365454909,0.030755237212293535,0.041766121297280766,0.49882575702122595,0.02972745491870261,0.04665601525641324,0.032954613883791305,0.1377557992298859,0.03589831623790575,0.18249713216048577,0.007487041245035544,0.03280339324988466,0.011507399306397787,0.06033335561321888,0.006601547255726082,0.009911979631682786,0.1644018212681466,0.1836179881026797,0.01595078107360674,0.023073902730157934,1.1369370150478968,0.04709221063950946,0.5133575536754402,0.0804691216808836,0.22967360802366105,0.34153359606477407,0.010632011816218513,0.0009771957366291435
2026-02-17,17:00,0.35678554148366987,0.14942347178784482,0.9091700500415425,0.044660423711518585,1.0941995451098974,0.1513522054648834,,0.035586536327100016,0.11451806185141523,0.14813842011101166,1.3170830484153258,0.2734718960877297,0.2063955028905657,0.05788746674799062,1.2977099335697082,0.47880670576314815,0.02843855043126461,0.20870314534425488,0.19803514773056183,0.02761421949592278,0.05089049186618791,0.19662563228913157,0.008785235357900115,0.06530959980071009,0.018557303478297517,0.06549865601714168,0.008759157091785019,0.0012400439162940703,0.16485439139895985,0.19990253704556898,0.019425579832451308,0.054027343334879664,0.4529351368644848,0.07307309056320874,0.12754216789545303,0.1069237888206643,0.23737521069634773,0.22301675398776374,0.014508014474443255,0.0008970530059064404
2026-02-17,18:00,0.04411584923355567,0.15063898100079787,1.0135336272625424,0.04712513189316808,0.23928946956349648,0.7446545208645265,,0.028910509694805707,0.052844287877047404,0.8728452662738782,0.7820004668743672,0.08676651488822106,0.4069824589299565,1.0407934671354109,2.4034131839779054,1.118713947335313,0.024839030538558644,0.0,2.5401900452199193,0.09410338486146382,0.5035763473678677,0.8047409560531231,0.012956238102667505,0.06282318684991697,0.02081607856766782,0.05879059661894673,0.006119084042661327,0.04410403745164928,0.15375033932769228,0.6685237969487712,0.014371595581303099,0.05266910537358296,0.24205426456025284,0.06420612331393999,0.8737304347669879,0.4967319590279678,0.15279707342830348,0.050385635655470745,0.03578154494752492,0.0007106462511945288
2026-02-17,19:00,0.048629208526998674,0.13948570132833346,0.9423342352992929,0.043077456002029224,0.09779450948518706,0.40874935519856576,,0.12145381343157471,0.06341302259710734,0.612521345453439,1.3585940751723433,0.09964593571850136,0.11300588571735226,2.5783380962820006,1.4677828940352686,0.35341470748727866,0.028047463372714715,0.8031640181916537,1.198894047439135,0.020061295390194644,0.12813876903120036,0.19938324661107645,0.1778742262901275,0.19100209337202861,0.02171789046936436,0.05506355497173152,0.009646096386298554,0.04352606579575759,0.14626581034501973,0.46091179603620264,0.01189136740453793,0.05252322770594664,0.8429018764909647,0.17587044131722623,0.30832784397737995,0.1094572126420621,0.16666967590473752,0.03698719106564229,0.08594955797750937,0.0005510488665735912
2026-02-17,20:00,0.43748790404242166,0.10260120089572897,0.0292723957774795,0.04011439091728122,0.4081201758257945,0.3339199569367125,,0.04421188353985223,0.0087537867513366,0.39216413074251977,0.3340084775763676,0.08839820729522271,0.011806911742861286,2.2724244603806567,1.2493207408741471,0.6327797052920026,0.024440270755944418,0.1463533169468566,0.17462707021529775,0.0673595294523717,0.1244964499577585,0.16534501248933328,0.1660695303306,0.09629928858911668,0.01382374439418817,0.04470743329731179,0.006603355092958551,0.04736746154377745,0.10947142753370671,0.024748380429679143,0.00879500160841714,0.06721672911521201,0.7077374853418381,0.07771369068766304,0.07803509512814162,0.08405692865501407,0.12800749532083175,0.06532406008717472,0.051779649299219827,0.0009895591823708188
2026-02-17,21:00,1.6193526455115261,0.07124061151660976,0.02583907174134925,0.036473781703592244,0.05792254370676814,0.06280091185355618,,0.06601121845190516,0.010833967909972028,0.44107181134003043,0.11967633095228213,0.18967628946195272,0.009978535186373004,2.1180226471154584,1.3312689897145389,0.15058950729812573,0.03336958198106883,1.1789356925799812,0.7210292718603339,0.17868248798185093,0.03463654617500183,0.09938039355472807,0.0862126651214058,0.21109595593099917,0.01568297911708595,0.030609452499608274,0.0007058828876120067,0.005229136886764612,0.12115613483719563,0.051735675152787056,0.009566302999823896,0.03688549305841717,0.17423683534929854,0.07699439855377048,0.056469214381007556,0.0781640017477304,0.07592374732404795,0.11366624826198907,0.0017211181501990281,0.0005880160628264792
2026-02-17,22:00,0.8006022352825917,0.05499356027354537,0.023843791727515,0.031099955390124123,0.05621228549646916,0.0486399107118662,,0.15967671886206827,0.07189022436983658,0.14661504945963105,3.2019915531300405,0.1822039908931081,0.08091607912923399,2.169956923974977,0.27049657097912233,0.043185700463052645,0.020696653578262406,0.8710887835001243,1.674076996387995,0.038587985164632924,0.10952484382451655,0.29853567240958045,0.06147252855357669,0.8605628969727144,0.020511200986499344,0.027761947558190624,0.007747599680433665,0.019118071583649875,0.03980252399481007,0.05736759258832324,0.009152494872837025,0.1497146226051447,0.4985734401214322,0.06901072312258182,0.03754011214520166,0.2467385922262796,0.05957366255318717,0.026256099141151314,0.003269994616555506,0.0012069538549808485
2026-02-17,23:00,0.16158351048829075,0.041888192705264664,0.5790114043493255,0.11418086725425461,0.12162525860719754,0.03050275158133219,,0.21710301408898658,0.04906645172420045,0.255919624386131,1.0737604875545543,0.0902985244215657,0.09370650418891965,0.2877681243473934,0.016356360236016478,0.14855708752049981,0.01709335998664634,0.3286174835082745,0.19957944149689028,0.029117161932525237,0.6836134541721046,0.05007486403709807,0.018053405717613505,0.16227016981688297,0.018801141099356017,0.02332595231515619,0.007498259764688108,0.0044660081555358945,0.03792842170463129,0.041974027894441546,0.008771037142570659,0.1536590691747436,0.023005389609510294,0.18083750192498405,0.16008138075892508,0.4352678164597343,0.2705699222263743,0.07652546079478666,0.016758355318042754,0.0003106765379262216
2026-02-18,00:00,0.018019150619983496,0.017711418218127765,0.01117862210520236,0.0171112794487415,0.22926931731885936,0.015378403513713059,,0.3331890697455797,0.017669754258961553,0.13094305709861356,0.018692241636737304,0.1614161643592156,0.0037444732593161865,0.017150790495271795,0.016356360236016478,0.012201595653951052,0.06109449873824591,0.820108514829273,0.020757824137461033,0.011507056917027582,0.8443921860250072,0.04844965124694383,0.023345621434542177,0.77724634451041,0.018906160883284756,0.016753928107389612,0.007330176818373431,0.005852863842660504,0.04919169989602708,0.013299190498207462,0.008136076404900832,0.16507098773420165,0.022498252228248784,0.05544885628730003,0.4311339707482994,0.03631873986505682,0.01764461636535045,0.019648638127053936,0.008086153515745086,0.0001015980247940348
2026-02-18,01:00,0.2839343495642985,0.0178678924495561,0.011193474828641713,0.0171112794487415,0.12319297599541307,0.008314624858068194,,0.05626837350417093,0.010608040775585992,0.21223340415564562,0.018692241636737304,0.0902985244215657,0.008085667987849446,0.017150790495271795,0.33704165351544885,0.372115485867278,0.1099501864061136,0.12221035975131471,0.020757824137461033,0.2711607891280401,0.2641200200495561,0.048550139724511075,0.0950919693321912,0.24551884933834373,0.022064585130637485,0.014533674879650682,0.008290503397273675,0.005555867412019993,0.05185763383213431,0.00521971457308791,0.008138006736625106,0.26195335949314885,0.16194655412214068,0.16951962848671187,0.4127368852672516,0.03632192472453153,0.013686574873755361,0.021585981971067994,0.012083416166499517,0.00010634629240290376
2026-02-18,02:00,0.9366865172505355,0.26958424027386413,0.01768390233453923,0.02439901728159907,0.22082793531901296,0.007535446885174132,,0.045097847631542703,0.001570629372906398,0.39708428242186566,0.32600896130530027,0.04856027751484929,0.002734765049550384,0.01953415483917712,0.016412268787541665,0.18264885831889852,0.03806352615740583,0.06427319454169242,0.022108362718320677,0.09722830925279688,0.10553123472436271,0.3312270842755951,0.01683000673239778,0.23527506123030675,0.018874151856340587,0.014993425199851685,0.011859266187677598,0.012223261685379336,0.08465580864554298,0.004622872127705398,0.00822941400211656,0.5341641835622444,0.09148384227333613,0.13627161716839972,0.030005432194050097,0.31854156646001064,0.010736931673797133,0.03698739313152373,0.04833220195245345,9.560227566700235e-05
2026-02-18,03:00,2.011302398851375,0.01622578507183722,0.01801949919631039,0.026144814953231132,0.18821765170131813,0.007535446885174132,,0.016602292705331034,0.04543157910901553,0.14412538527126462,0.023908626445534112,0.3266009826919263,0.002909551586600426,0.0222985141727059,0.020424291994409732,0.12438020917088301,0.010201317117978463,0.5460287127244781,0.35450648693591014,0.06515102807993081,0.1311302835892866,0.06287951867919628,0.08934547976452459,0.39285852877373684,0.018320350091270376,0.015060818106485775,0.02068115258157139,0.006931508492198038,0.12742418935064623,0.004622872127705398,0.008346213571169847,0.030343852799154445,0.3030336803439314,0.026404259283005008,0.05690580501627952,0.053549478671592966,0.010736931673797133,0.01991989863331791,0.011968114162767543,9.569294994316729e-05
2026-02-18,04:00,0.6929831451296734,0.3007122424730861,0.3245255102641524,0.026540699017146337,0.03442665017217954,0.007535446885174132,,0.016726425591553164,0.0024134186485079865,0.20074891566641828,0.024604904530288154,0.21369895372776904,0.0030457603363633744,0.023085918160325587,0.2563614396191033,0.07300861580061331,0.010240959774324003,0.09116738390520844,0.05711986421658678,0.008685526738192444,0.02481206462819588,0.06287951867919628,0.0497457029563688,0.05456918258599441,0.018197588802005095,0.015060818106485775,0.009808512343357096,0.007912550956335099,0.012845234282612514,0.004622872127705398,0.00811747616027009,0.04777217761979521,0.03616406004337094,0.2054948385061169,0.03194782454187505,0.05387645290678986,0.010736931673797133,0.05346718789961473,0.021602878751026563,0.00040581170171207084
2026-02-18,05:00,0.02563310713181412,0.19977103048772812,0.5419332358457966,0.02657330535191409,0.03419334692699471,0.007535446885174132,,0.016602244367164554,0.0022508625497858,0.7170251229574032,0.405239171676379,0.45657422096974853,0.0029886015506106122,0.022929174115671334,0.494157731414195,0.009339034502992618,0.010338193202036492,0.07659538243528925,0.028981432957452778,0.008685526738192444,0.49554163196885065,0.06287951867919628,0.003897343667466946,0.05085405833231879,0.015128619304744708,0.015060818106485775,0.010394892972693432,0.02030819497945026,0.012845234282612514,0.004622872127705398,0.009726239337352552,0.04408783504016829,0.03849229569258934,0.06599335494029615,0.03194782454187505,0.05407333141374381,0.010736931673797133,0.05896087693660256,0.040829007425401825,9.569294994316729e-05
2026-02-18,06:00,0.024666957196117934,0.012649796463829905,0.3155716379076008,0.026319169499829778,0.02712407254767439,0.007535446885174132,,0.10595678683491588,0.002281777527142955,0.051569065153154826,0.024597901212196356,0.03541277291813208,0.0029489251214402028,0.023206181109869987,0.020491135424018272,0.009339034502992618,0.007976272527507464,0.07231960341707372,0.03029867317148041,0.008612983907567416,0.21891526271670853,0.34935276092720036,0.003890096798329097,0.04954012497120748,0.01818187880119725,0.01456247883084349,0.03838698259557324,0.006478858647839656,0.01232752529976724,0.004622872127705398,0.011533950048695132,0.04405368976732166,0.03674524606242406,0.06300079957082863,0.02525415164547701,0.053881610162578586,0.010736931673797133,0.021781005247448974,0.02529867836460674,3.7585364704942434e-05
2026-02-18,07:00,0.02344277866008992,0.012952714330600681,0.017289497357910123,0.02198298250994094,0.02288770507044554,0.007535446885174132,,0.011965448135728083,0.0018849058972319457,0.051496763225453046,0.016999025413523213,0.012529517641055588,0.005355302250147695,0.017156447984754245,0.01250518373390066,0.009339034502992618,0.00803804935518438,0.06849330938177603,0.02474898507507906,0.008612983907567416,0.34735383061806646,0.044773082383443574,0.002195383996889618,0.04880546339349718,0.01808663452278517,0.01553579027583359,0.01215432114615657,0.009736250313492581,0.012421257131008721,0.004622872127705398,0.01266651548902378,0.04306191430466608,0.028282359454215075,0.063662517701448,0.019829498683113237,0.04080289537749618,0.010736931673797133,0.021565150145193356,0.01132822861326315,3.7585364704942434e-05
2026-02-18,08:00,0.00565419916999397,0.012952714330600681,0.012800722145229038,0.020764373791569802,0.02315886605059747,0.007535446885174132,,0.13510729387234327,0.0016347790862526886,0.04904970394415131,0.016765981081035622,0.012529517641055588,0.004664249035497327,0.15141183181511325,0.01250518373390066,0.009339034502992618,0.008139036287564532,0.03700229316440037,0.02119494087017223,0.008612983907567416,0.020121897429912692,0.044773082383443574,0.0021403536802999633,0.02199372550524754,0.01801075114886333,0.01553579027583359,0.012115807453712076,0.006100482269032017,0.012421257131008721,0.004622872127705398,0.012512099307089323,0.014453576427487215,0.020117293648894072,0.04205692277125178,0.019829498683113237,0.04061731588575486,0.010736931673797133,0.020933286125867697,0.01280883939887758,3.7585364704942434e-05
2026-02-18,09:00,0.006068436595306924,0.012952714330600681,0.01290421660839712,0.01827419605866029,0.022921895950334822,0.007535446885174132,,0.04409089162188914,0.0009648879541885364,0.210498602172697,0.014576418715484906,0.012529517641055588,0.0038130715129856825,0.01382370139979103,0.011742506675317796,0.009339034502992618,0.00814890139420718,0.016935012087687263,0.0704628051966659,0.008612983907567416,0.012574499060813997,0.044773082383443574,0.002126449617220242,0.010930125503883607,0.018116940140488095,0.01553579027583359,0.012287114526600576,0.0035010855618705194,0.012421257131008721,0.004622872127705398,0.01219687390189523,0.007614958277388355,0.012072173913176505,0.03448563451503326,0.019829498683113237,0.03449646019520832,0.010736931673797133,0.020050172338054208,0.040645670493704544,3.7585364704942434e-05
2026-02-18,10:00,0.05793156802367881,0.011716239167765916,0.005831507881094656,0.0028019209175488484,0.00854671354753657,0.007535446885174132,,0.08127205140766454,0.0007464557621972836,0.013968938693915937,0.0014786084939164544,0.010733258343507057,0.0007507878701472448,0.0005686405940698131,0.0015073643501618908,0.009339034502992618,0.00725400912506841,0.00146274538164687,0.0029271308234903024,0.008612983907567416,0.0039006681651095852,0.00929868653463834,0.0020070089530507284,0.002884546668893488,0.018053458784441038,0.01280576418806204,0.012261734222041697,0.005520408890918391,0.01221965217347866,0.004622872127705398,0.0002958845459013228,0.0016389937014684598,0.004677970618906785,0.04129538682455532,0.0077879312675677706,0.003432894424360898,0.010736931673797133,0.008809748950961314,0.004844120214704632,3.571757210496963e-05
2026-02-18,11:00,0.0565080793546288,0.016151899894176217,0.003645840625771537,0.0018866007973836782,0.00802866007364942,0.007809553573146833,,0.006346979544022332,0.0004804183911709095,0.010952279684268264,0.0012924311583285037,0.010294039777879517,0.0013358209416300172,0.0005366019678559376,0.0013198471789504832,0.009393832145096212,0.008963818573501193,0.004904531415249041,0.0013062224972798155,0.014177488544468668,0.0024550356543381648,0.012861925613928592,0.0017822083930049864,0.027985684266638944,0.026026839294506963,0.012336219020610849,0.0016156709587739624,0.00379938850045139,0.017619994934508932,0.005914261322569508,0.00046240375348827125,0.0021338578468563046,0.004234340327508674,0.03227348008379804,0.012507082703224055,0.004080711520027834,0.017196575465252356,0.01212764573587096,0.005786573213481832,6.202356812391509e-05
2026-02-18,12:00,0.009393960269420302,0.015419324912424204,0.002862803046938924,0.0029019464712920825,0.019904102635375346,0.009842570007687354,,0.034883371859856516,0.0004319092011018281,0.0096327099684265,0.0009315690887912746,0.005030763960405627,0.011435983828831741,0.0007316646348714738,0.001108889530705867,0.015689725600924423,0.01076485275978764,0.10674170837676793,0.001571652338210989,0.014264974519098179,0.00173655680555998,0.007271258601353162,0.001404763454438583,0.0022323209533427883,0.017287410707523345,0.0162653099327153,0.0007408099927533002,0.0031914178098658252,0.019678901637272893,0.020562053858691306,0.0004898369706646911,0.0012745126234725277,0.0257929267746105,0.005784743346500281,0.005915604086637504,0.0029427898566322047,0.024604647723829923,0.011979232238931423,0.0032656921997357563,4.1704322142287075e-05
2026-02-18,13:00,0.028322179400740447,0.030422886315867485,0.006666258444064721,0.004593618548186664,0.02433120108897559,0.00021874999999999998,,0.05876188338611173,0.0003894553302434902,0.09821145268022562,0.002733032730156727,0.013822526360778955,0.020018426140220296,0.0022329639571549474,0.0026263429525565235,0.14502084538887694,0.014104970426547974,0.004131846536842944,0.001823698216846873,0.03246451923873092,0.005224870937605396,0.015498241053141203,0.001934262820311439,0.00438185583508548,0.015327325399783081,0.02023110357838558,0.006475413240009498,0.002440340388153125,0.031068343535229838,0.05114338926117741,0.0031247500446461175,0.06269402885308512,0.0494737679262329,0.03162304789166239,0.010201886971946652,0.010519396710394018,0.06467853677943211,0.08188037403411451,0.003470425447137122,0.0006110801768964231
2026-02-18,14:00,0.1478293715948236,0.24319152596887914,0.007775261713061505,0.012302678645354719,0.0014982292275060602,0.10148211128684237,,0.012219175742613029,0.00030916309791570185,0.032497212450229906,0.007302377997188744,0.02766279363084886,0.10446620468924397,0.004184743167634637,0.0041135973164870936,0.2798692852423562,0.02128213209637336,0.016270726141874206,0.0046174712916272394,0.07580959392490721,0.007186004715487882,0.0500863088087458,0.0021700111184850264,0.7696409841128634,0.014605007938569432,0.025596544492846048,0.008419159645430763,0.0024408136445929042,0.005543049072236512,0.10282671200025303,0.007380594887421697,0.005410244190002167,0.048334000665025,0.11922481458692444,0.03116626832353776,0.21469834831092427,0.11118823950962932,0.2637682548380379,0.002060137562821137,0.00054156839958935
2026-02-18,15:00,0.19490753796963728,0.0382722620025261,0.01861428159277778,0.026533192841794905,0.7766589326246622,0.5434586592946802,,0.018111989131107092,0.0013318565062286386,0.03210462234531711,0.018670250171828204,0.05789605055783798,0.014675951016600065,0.019996897873917077,0.7229368630297164,0.26684402590365863,0.0313607612459988,0.036236709929072866,0.9237274189574517,0.32556453313580486,0.22410360439502694,0.0988192869298458,0.005104424050859115,0.02563295626050661,0.01683076246066944,0.046375980279070056,0.009536075879886583,0.003586036355515635,0.0665276919193071,0.15163995375344683,0.014758936498983372,0.01864315824988883,0.8020445879522111,0.047490416220702006,0.06510987080685526,0.0566431569097499,0.5540743385267298,0.2066475540591613,0.011373197868565157,0.0009184167377578064
2026-02-18,16:00,0.5533382812810465,0.3875013338947336,0.5567209343592806,0.03212510457057814,0.48556861158330733,0.13843207973189295,,0.2077350645781249,0.0026785752544278467,0.5143797059273225,0.15491935199292986,0.05118112146817194,0.20100368889388787,0.030755237212293535,0.43317465510032377,0.941835241677678,0.05467888297376741,0.4660658515762033,0.03118584429004705,0.1377557992298859,0.4312972128292171,0.1190369116253517,0.007487041245035544,0.03280339324988466,0.011507399306397787,0.1994504548228726,0.013860802859576537,0.00739138775414092,0.1644018212681466,0.1836179881026797,0.01595078107360674,0.023073902730157934,0.26322347908772015,0.04709221063950946,0.5133575536754402,0.250337537499946,0.22967360802366105,0.04865693211183632,0.010632011816218513,0.0009771957366291435
2026-02-18,17:00,1.5121815156490965,0.14942347178784482,0.22334478083847153,0.044660423711518585,0.48858313541699067,0.1513522054648834,,0.035586536327100016,0.008036912273923065,0.31535244300565674,0.6940630785762006,0.4330359546656273,0.16496390570807776,0.05788746674799062,0.06720947103912722,1.0357956044777883,0.02599600488428055,0.9080779506841443,0.17548760139497233,0.24659943393099723,0.05089049186618791,0.19662563228913157,0.008785235357900115,0.06530959980071009,0.018557303478297517,0.29747385068418253,0.035164762347766866,0.04723856153389674,0.16485439139895985,0.19990253704556898,0.019425579832451308,0.054027343334879664,0.9680696365961002,0.2464001097644905,0.26268840965719703,0.313662076123238,0.23737521069634773,0.056866293624526165,0.014508014474443255,0.0008970530059064404
2026-02-18,18:00,1.0058496456168817,0.15063898100079787,0.6895468085839824,0.21666563438233133,0.36299374677328045,0.39916436562834007,,0.2519817719990661,0.004491239760155081,0.37492921210871766,0.07232032293257692,0.4272285705978206,0.1019619586166192,1.0506659383781956,0.06358410716121758,1.230364263551903,0.09094126772357576,0.7217428688224616,0.6027357090317627,0.4366513388986195,0.04408506018080664,0.21087770537489883,0.012956238102667505,0.06282318684991697,0.1436404835683452,0.18676702332319856,0.00478757120691021,0.0029209324447542887,0.15375033932769228,0.13226610032482056,0.014371595581303099,0.05266910537358296,0.4159261646064033,0.33521933493894523,0.7976576712350409,0.11846178663492803,0.21828032427245378,0.11363965889332367,0.03450786359090647,0.0007106462511945288
2026-02-18,19:00,0.28191398852169647,0.13948570132833346,0.02674684852843208,0.043077456002029224,0.44070205970690723,0.1319598523395853,,0.17646644599915057,0.0593505285901488,0.366460265683936,0.0708426736317892,0.3319165776566954,0.12840170734196887,0.9053110917438058,0.9642381511434374,0.5122922598361446,0.261362736529661,0.9588210954189141,0.042829303118652656,0.491880582074624,0.520972398550193,0.19938324661107645,0.010929684547500868,0.4256215081995307,0.02171789046936436,0.15023299168345222,0.009646096386298554,0.041099655402488305,0.5339834388912018,0.10502188083156846,0.01189136740453793,0.05252322770594664,1.2215037427810405,0.30758583081581437,0.30832784397737995,0.1094572126420621,0.16666967590473752,0.03698719106564229,0.08576466216192566,0.0005510488665735912
2026-02-18,20:00,0.6054880817036896,0.3456634990990098,0.0292723957774795,0.04011439091728122,0.09342820460310156,0.4690832456380831,,0.13210389609457854,0.004629305001059497,0.07888879536073513,0.8696134577074625,0.23819438600704526,0.1749271149933199,1.0517204799684234,0.29493464740420144,0.06959686933463825,0.006875972996482039,0.43486559253189205,0.04203931418293461,0.0673595294523717,0.04265865864389072,1.1423225978578972,0.1711007122774163,0.33137909259852877,0.01382374439418817,0.04470743329731179,0.006603355092958551,0.021494574807460004,0.38195758691709053,0.05587006093560887,0.00879500160841714,0.1740254408247438,0.43455626554412313,0.08779918879394684,0.4294572153393358,0.08405692865501407,0.12800749532083175,0.04242306537220699,0.051779649299219827,0.00038498242000611937
2026-02-18,21:00,0.16959013761557043,0.05004390438246266,0.02583907174134925,0.036473781703592244,0.05792254370676814,0.09268608679976939,,0.11300095220798433,0.0036867443469646545,0.14815223628073868,0.030526030917469256,0.105639209171119,0.15111777018137715,0.45216345878772835,2.260736795295998,0.696144830075791,0.02373728601243992,0.8128109930038379,1.6442853660128554,0.055988459298844745,0.24014049384864716,0.3731618188260387,0.009692150689134198,1.4192319214341924,0.01568297911708595,0.0863669053390732,0.005717676567143544,0.03261595200526056,0.03341587558877908,0.051735675152787056,0.009566302999823896,0.6759661023634672,0.401391102846578,0.07699439855377048,0.8286879578943016,0.17921009354064257,0.07592374732404795,0.15550675751693607,0.0017211181501990281,0.0012306563168947033
2026-02-18,22:00,0.9206942950846798,0.262885276941731,0.023843791727515,0.0588637392726847,0.05621228549646916,0.2550333155067642,,0.0702425762907999,0.02397194869079037,1.2490393203605084,1.7838586099825184,0.6357716286477141,0.10099131024827203,0.754178106954788,0.25563942729024186,0.5885873428363354,0.06857773075873982,1.10547565779815,0.5553278949278136,0.038587985164632924,1.1095214688697017,0.12721531104973782,0.19595383325851878,0.28965278054866733,0.0010977244212639708,0.027761947558190624,0.01177386149692791,0.06486306580317064,0.28706465021878613,0.05736759258832324,0.009152494872837025,0.168187685364723,0.08918035285650118,0.06901072312258182,0.08586083201722992,0.9583189718043057,0.2988127770189588,0.06340445969126045,0.01573505113164321,0.0003491879756643481
2026-02-18,23:00,0.7129292960273296,0.16585545701829776,0.011411885460358803,0.04413529630359521,0.34504621958166537,0.11359589611551991,,0.05489373439601021,0.0015028567316496537,0.03794037807442766,0.6732245153130866,0.2772097189878572,0.09230521452583948,0.43467623891822416,0.1271344201468113,2.6948955457151027,0.01709335998664634,0.20304201377280098,0.42260827554615715,0.33324496801361675,0.6758324461533912,0.08696937067295563,0.1567390946007854,0.26205886685033497,0.02218184338942216,0.02332595231515619,0.0045110615128772106,0.005864608268489363,0.08805874356035882,0.4633284769038002,0.008771037142570659,0.538702257513027,0.13384497661329278,0.11726158322742349,0.2637409322468857,1.0540493342947967,0.11376070238578471,0.023650750787595536,0.007965769803862148,0.003667931878878428
2026-02-19,00:00,0.7129292960273296,0.23091691973630055,0.5791522444033983,0.11038543525438418,0.21201080368518066,0.015378403513713059,,0.13493018787062358,0.04906645172420045,0.034732610465479256,1.8259170776347926,0.25374069488710094,0.10995233315043233,0.2572461632535507,0.17099339126409635,0.7549584110616866,0.1407345910942267,0.5392373859218264,1.9133411646834302,0.011507056917027582,0.17641071055305524,0.3081981070351988,0.028616559738442772,0.1270276790425161,0.04840926536786522,0.016753928107389612,0.024787596323690462,0.0043656663747378595,0.016596023698991862,0.04039328410561951,0.008136076404900832,0.07578084004643729,0.4663746644121904,0.10424276626731195,0.3277792041170071,0.3739479212031157,0.024638830638014822,0.019648638127053936,0.012083416166499517,6.681807574304862e-05
2026-02-19,01:00,0.7129292960273296,0.13630027843958623,0.9654648934163628,0.0332907913601599,0.3233416357151515,0.008314624858068194,,0.05626837350417093,0.0015037242657015403,0.11447962116415299,2.2778399925405783,0.07446959583244606,0.1620255955725737,1.122295287191109,0.7358796034121998,0.586707402695415,0.14044118511281303,0.20304201377280098,0.6842950371687239,0.20758944509791008,0.21323760822786145,0.021704359386713733,0.017307971866453057,0.6412507394561702,0.09493249695584462,0.014927797062102333,0.017259488238322754,0.0023522262792959707,0.015614369808795632,0.11612656769853684,0.008138006736625106,0.02240091817021293,0.303571655622131,0.05501480366031198,0.024490481104173085,0.3726812355378183,0.09493671210511405,0.019626960901927434,0.005978842451199428,7.32843008707967e-05
2026-02-19,02:00,0.8793425752727483,0.23403399355669383,1.5444991378034132,0.02439901728159907,0.5418990419776463,0.06407291737625571,,0.08790100924353875,0.024281220836880547,0.4703529873052258,3.037912093121685,0.05777922054777639,0.07439563039465058,2.038400405208458,1.4063634811156533,0.7993572729323293,0.194714243349731,0.4583821327817633,0.26060872434195864,0.403965279270263,0.30479506802735906,0.25872718444677234,0.0037382269409103703,0.41754651478764104,0.04901396961320313,0.05791014478413312,0.032360999516016294,0.05122221088556895,0.2121283252392694,0.1209481827448962,0.00822941400211656,0.7692089450690608,0.20019201396963543,0.09030966922536594,0.25497939525650465,0.7147767253056648,0.013381383984675239,0.018271790266732577,0.029366857471529388,0.001460419478066902
2026-02-19,03:00,0.22995462254018292,0.38058566956509116,1.2006987501135973,0.026144814953231132,0.5083725830882413,0.04921450774560334,,0.23386653407391486,0.08719479904401485,0.4379546620716882,2.760446553637841,0.41722315861017717,0.06678330445517087,1.3260216425088407,0.9399533261004863,0.756047234487463,0.15665208356214097,0.17840122701153927,1.1684459627757346,0.15449653054144588,0.219073645829459,0.0933811303137388,0.0038635606354290044,0.09008994025598577,0.00392472284297053,0.009332580085500775,0.0428472027636884,0.01282058584108002,0.1682759111545164,0.004622872127705398,0.008346213571169847,0.2690095356594058,0.46789139102242217,0.1541513751064928,0.1558423071981556,0.6347576620535567,0.010736931673797133,0.06124451491754857,0.021627742887028463,0.00023784531708263758
2026-02-19,04:00,0.4277276963695071,0.11705385929498233,0.5408717573077128,0.14656591219937007,0.2173604724074778,0.04921450774560334,,0.43343991403362464,0.0657683754345373,0.26784891547043643,0.7537854051713094,0.19871371823183856,0.09163015884704792,1.6084881728757798,0.03988865490818264,0.46173516147366045,0.07304408202665429,0.22356493379262105,1.4380518014367325,0.18354499688997106,0.18649371765148118,0.24581941115115064,0.01202700171721535,0.4734572650812725,0.025189788821245552,0.021718680041662056,0.032840554620386916,0.0068156657801190105,0.15667158968371103,0.004622872127705398,0.00811747616027009,0.5402604395042025,0.8003129065463603,0.1746332701585073,0.24759090087903612,0.364782431974316,0.06006663604780822,0.12991321259063435,0.046811362165071264,0.00018358552105089153
2026-02-19,05:00,0.7005565861172515,0.11944131265666623,0.4602023018521483,0.22011753460247616,0.23491889919216974,0.17612783743801838,,0.24769712247272488,0.052004029139109315,0.4845961108367056,0.34162442056025427,0.5243105515657361,0.017438903521755245,0.28482783472433587,0.24274298771079203,0.525733312682346,0.10120133574141989,0.47799708246660616,0.29491539725162214,0.0689485404543943,0.23285569224132835,0.506151168038835,0.003897343667466946,0.5068201003903612,0.013038335648764686,0.0177555032107388,0.013854009490442932,0.02210651827099472,0.22286115867827533,0.004622872127705398,0.009726239337352552,0.04408783504016829,0.4157110291702322,0.08883042345416506,0.08092011268399966,0.3564928152699857,0.02699993210336818,0.13423429255987235,0.034573173214601315,0.009326574342845999
2026-02-19,06:00,0.36765853432326295,0.20381618965221665,0.49358192000647205,0.19599750317359724,0.39785236235795063,0.11456982832100883,,0.12596045498831435,0.08544357304305672,0.2552997191299421,0.468416062034589,0.0934261595689595,0.04025129464891115,0.3543785759639883,0.32537098860643376,0.5607098991293874,0.06410487345184289,0.39671796834035816,0.3198871718900392,0.1267621361713201,0.2581863401588221,0.5680186849695553,0.056168323249430066,0.04954012497120748,0.07283081305587649,0.00600623340465063,0.029222004885324556,0.009222762838044995,0.13045246846946265,0.004622872127705398,0.011533950048695132,0.04405368976732166,0.35303341988001224,0.0834021159424643,0.24249687460967742,0.33301109422600755,0.007026546802063596,0.09670301633283826,0.005101158989007507,0.00021256187172809832
2026-02-19,07:00,1.6514494030820115,0.11945919286523435,0.21543488691174761,0.14855317334433135,0.6604939503290104,0.09673372382218223,,0.07493984830718216,0.03872074542742388,0.21371234098233302,2.6193904175707194,0.24987020139607388,0.005355302250147695,1.2691012917512212,0.2254350497810506,0.5391448969164587,0.15141878589446872,0.37498573615597736,0.3060792779843162,0.17355671864921862,0.18421474518315117,0.2836620494293981,0.1093015492738428,0.19281609614808104,0.06587326512992751,0.00504882859512003,0.07457369124403372,0.022671175442365524,0.14444743218367756,0.004622872127705398,0.01266651548902378,0.04306191430466608,0.43889219534777113,0.15673823316807198,0.2255848646105238,0.2666957266202814,0.039984691372778075,0.15771056913162837,0.009724893195379154,0.0020427603094066455
2026-02-19,08:00,0.39714485288226326,0.36131907260672286,0.5012547275205672,0.048136405997714196,0.21406370243407447,0.1534893156415862,,0.16369723424107108,0.044123091790999054,0.22422264347003984,0.7900787210219374,0.1297022942140971,0.004664249035497327,0.4275031795999124,0.48866047737506446,0.2999549652498079,0.16640527189366014,0.2500502375644668,0.3065378216781705,0.21771244760933917,0.11914905397707906,0.32004850745950686,0.053373727130823195,0.23938890086401404,0.09076921310165532,0.008480868340247152,0.033911689816629405,0.01871303387140076,0.41046700493710714,0.004622872127705398,0.012512099307089323,0.014453576427487215,0.39323529853383943,0.1684268945198355,0.13319751846447722,0.2214101874861418,0.005022975392125932,0.09243646335230522,0.0051570132446595,3.7585364704942434e-05
2026-02-19,09:00,0.14505423697496553,0.07647116470598632,0.01290421660839712,0.018665486265065066,0.35371307881532255,0.09790273440807372,,0.15736925399461762,0.008479562732817554,0.5944591252371161,0.07163438225707558,0.1213116485705434,0.0038130715129856825,0.9971756192455057,0.011742506675317796,0.11612053270178213,0.11391207338592971,0.12440669079947864,0.009012956268138918,0.17178112618487798,0.06744524674044562,0.14401256570838053,0.008781318411817568,0.07461232893354738,0.07385591617441936,0.08090717982577285,0.015066340459936012,0.0035010855618705194,0.21610122108020494,0.004622872127705398,0.01219687390189523,0.007614958277388355,0.3006195462897098,0.05164989177720705,0.019829498683113237,0.04704939295669015,0.012580600834572448,0.03711867609057365,0.0011285237905093958,3.7585364704942434e-05
2026-02-19,10:00,0.08090628226248717,0.011716239167765916,0.005831507881094656,0.0028019209175488484,0.14019043829270803,0.05509908829449819,,0.0481590223475856,0.0007464557621972836,0.031159846044493032,0.2722135232116539,0.010733258343507057,0.0007507878701472448,0.0336964984528264,0.21730280331962434,0.1484894032211463,0.11018412704800529,0.45847549738949744,0.05792314281573325,0.22569590371554102,0.08560488539959003,0.00929868653463834,0.008896900342373953,0.02475236330314233,0.000987055547669997,0.05330416145072104,0.0577948444779242,0.00326247911437683,0.01221965217347866,0.004622872127705398,0.0002958845459013228,0.03557167003252966,0.004677970618906785,0.051870517504978376,0.0077879312675677706,0.003432894424360898,0.010736931673797133,0.008809748950961314,0.009724509022225608,3.571757210496963e-05
2026-02-19,11:00,0.2707951499594032,0.016151899894176217,0.003645840625771537,0.0018866007973836782,0.05692115401473827,0.00929329494054333,,0.0370367590414118,0.003658728804588218,0.010952279684268264,0.0012924311583285037,0.010294039777879517,0.0013358209416300172,0.0005366019678559376,0.21729126485808586,0.09104593790708025,0.008963818573501193,0.004904531415249041,0.06539900023152515,0.014177488544468668,0.09367377652505988,0.012861925613928592,0.004661418705402633,0.01981654898656088,0.05867433586932225,0.012336219020610849,0.01126077482252598,0.00379938850045139,0.017619994934508932,0.005914261322569508,0.00046240375348827125,0.0021338578468563046,0.004234340327508674,0.03444634094890303,0.010149513187112708,0.004080711520027834,0.017196575465252356,0.01212764573587096,0.006421077002175147,6.202356812391509e-05
2026-02-19,12:00,0.0011032020240433085,0.06474016838018141,0.002862803046938924,0.0029019464712920825,0.005664951401608522,0.001771834554060735,,0.09266361707941721,0.001372699910383734,0.0096327099684265,0.0167433285379155,0.005030763960405627,0.0029087394786298532,0.0007316646348714738,0.001108889530705867,0.015689725600924423,0.030423413719003624,0.0015077960347062022,0.001571652338210989,0.014264974519098179,0.00173655680555998,0.007271258601353162,0.001404763454438583,0.0022323209533427883,0.08965451228776501,0.0162653099327153,0.0007408099927533002,0.0031914178098658252,0.019678901637272893,0.020562053858691306,0.0004898369706646911,0.0007183715296678823,0.0029202337533485822,0.014754495897839037,0.005915604086637504,0.0029427898566322047,0.024604647723829923,0.011979232238931423,0.0031703985148838067,4.1704322142287075e-05
2026-02-19,13:00,0.03236592132430983,0.02777268647984142,0.006666258444064721,0.004593618548186664,0.014320071553238533,0.1408807295700588,,0.007262867973816731,0.0003894553302434902,0.019904213742676164,0.002733032730156727,0.013822526360778955,0.010505092404894749,0.0022329639571549474,0.0026263429525565235,0.048501204418212714,0.014104970426547974,0.004131846536842944,0.001823698216846873,0.03246451923873092,0.005224870937605396,0.015498241053141203,0.001934262820311439,0.00438185583508548,0.015327325399783081,0.02023110357838558,0.007848334840953253,0.002440340388153125,0.031068343535229838,0.05114338926117741,0.0031247500446461175,0.002441623800373396,0.009035180849118809,0.025151784585305238,0.010201886971946652,0.010519396710394018,0.06467853677943211,0.020799382709468402,0.0005178556998556999,0.00019395411442095636
2026-02-19,14:00,0.12559024920678424,0.054572659909259406,0.007775261713061505,0.012302678645354719,0.04403013115916206,0.09555201865008799,,0.012219175742613029,0.00030916309791570185,0.032497212450229906,0.007302377997188744,0.02766279363084886,0.2504939450334268,0.004184743167634637,0.0041135973164870936,0.4369805510967079,0.02128213209637336,0.016270726141874206,0.0046174712916272394,0.32368195573079006,0.007186004715487882,0.0500863088087458,0.0021700111184850264,0.009450893593493404,0.014605007938569432,0.025596544492846048,0.008419159645430763,0.0024408136445929042,0.04708172838952805,0.10282671200025303,0.007380594887421697,0.01030876392918806,0.018080325832022157,0.0422586143558646,0.03116626832353776,0.02391523720482564,0.5865878734134271,0.02576099300791527,0.003736764825103791,0.00054156839958935
2026-02-19,15:00,0.1329129809883321,0.04630854880904908,0.01861428159277778,0.00899321993724509,0.5226527069080362,0.4774308015904934,,0.05390272969759326,0.0013318565062286386,0.03210462234531711,0.018670250171828204,0.05789605055783798,0.15917702902920283,0.019996897873917077,0.021045847581019243,0.26684402590365863,0.028437251683956447,0.036236709929072866,0.012007230360542845,0.10728561456998627,0.2974204319709065,0.25380704047525354,0.005104424050859115,0.02563295626050661,0.01683076246066944,0.046375980279070056,0.009536075879886583,0.003586036355515635,0.37965318341554016,0.15163995375344683,0.014758936498983372,0.01864315824988883,0.0251417918330408,0.047490416220702006,0.06510987080685526,0.2549264603035257,0.19426373730030355,0.30128414495630573,0.030478894138150314,0.0009184167377578064
2026-02-19,16:00,0.36302233407682755,0.060667060275510304,0.016736990931825218,0.1342312126908507,0.5005750316151383,0.13843207973189295,,0.6335131134857533,0.0026785752544278467,0.07954437606511014,0.04177894158421811,0.07515945113838868,0.36902163799663434,0.030755237212293535,0.041766121297280766,0.7171878781006171,0.02972745491870261,0.04665601525641324,0.03118584429004705,0.1377557992298859,0.03207067773471781,0.04699739854478225,0.007487041245035544,0.03280339324988466,0.05210865670820095,0.06033335561321888,0.006601547255726082,0.00739138775414092,0.8198683143564185,0.1836179881026797,0.01595078107360674,0.023073902730157934,0.028237418630842705,0.04709221063950946,0.10814508016111342,0.1600242250067362,0.6953791176037235,0.34289368352212185,0.0606981281511768,0.0009771957366291435
2026-02-19,17:00,0.2925162168905744,0.14942347178784482,0.028822308419908352,0.45864954578234135,0.4648210647928026,0.1513522054648834,,0.23665157068269457,0.002949091489009441,0.09268497152490235,0.07080870568214828,0.307061008729451,0.26021670932954666,0.05788746674799062,0.06720947103912722,0.8297499357367976,0.02843855043126461,0.34631660372527906,0.052330190729662655,0.1277096045472518,0.15281807831931926,0.8103818546679594,0.008785235357900115,1.2834521315112906,0.018557303478297517,0.06549865601714168,0.005408869735882519,0.039789576853360493,0.19426294284738993,0.19990253704556898,0.019425579832451308,0.054027343334879664,0.40320695259805367,0.07307309056320874,0.12754216789545303,0.39844787354560907,1.4168914714552434,0.1089980976947294,0.014508014474443255,0.0008970530059064404
2026-02-19,18:00,0.41920571958649444,0.6716068307987877,1.299858534682067,0.21666563438233133,0.9768981597913325,1.469155597071761,,0.028910509694805707,0.03549344669084334,0.08089540891895179,0.07232032293257692,0.1090511257065393,0.11818188479789907,0.0721726922585593,0.06358410716121758,2.081971377603902,0.024839030538558644,0.6730389211526097,0.06906030121374852,0.09410338486146382,0.348639775302896,0.8039300610950876,0.012956238102667505,0.40659299351809225,0.02081607856766782,0.05879059661894673,0.00478757120691021,0.02959251344120666,0.15375033932769228,0.13226610032482056,0.014371595581303099,0.05266910537358296,0.4263726991482509,0.06420612331393999,0.8737304347669879,0.4533227727793925,0.09180573544529745,0.3451085760400742,0.016423527425974572,0.0007106462511945288
2026-02-19,19:00,0.8870787248448511,0.13948570132833346,1.5505547891852323,0.043077456002029224,0.07156955828654193,0.7828630084711893,,0.23707860115265994,0.0295570313911642,0.493810619526998,0.0708426736317892,0.09964593571850136,0.19344901368460035,0.04262212285843149,0.04929900114545638,0.060828762608155514,0.028047463372714715,0.3388864687865667,0.042829303118652656,0.060779536885202184,0.11666843897865721,1.3823730375671628,0.010929684547500868,0.2051834144717373,0.02171789046936436,0.05506355497173152,0.00022736407721073854,0.007847667834495703,0.84236318378874,0.10502188083156846,0.01189136740453793,0.8034244714679075,0.07061813991527795,0.07618346977759904,0.3478843894266312,0.2192380768518664,0.49141244452952043,0.13054310529321314,0.08594955797750937,0.0005510488665735912
2026-02-19,20:00,1.0231303543741883,0.10260120089572897,0.5524319769152933,0.04011439091728122,0.09342820460310156,0.2530174362597081,,0.09338962046714812,0.23463494756152659,0.5014369273509396,0.399633914104049,0.08839820729522271,0.10761152463124535,0.05897923218533612,0.039984968336124374,0.26929875653073404,0.024440270755944418,1.102817101372174,0.054278430208454374,0.0673595294523717,0.04265865864389072,0.16534501248933328,0.013681128654647294,1.4037001409983239,0.01382374439418817,0.04470743329731179,0.006603355092958551,0.009214551922595383,0.955297806878246,0.38693937914116583,0.00879500160841714,0.20120104048968937,0.4479262646971709,0.07771369068766304,0.07803509512814162,0.08405692865501407,0.8894630553258157,0.04242306537220699,0.014717716646708567,0.00038498242000611937
2026-02-19,21:00,0.43749666176133606,0.07124061151660976,0.02583907174134925,0.036473781703592244,0.05792254370676814,0.1289930093720991,,0.3359265484725762,0.2373221370576671,0.7207545080625605,0.17428848711508663,0.06270914761265486,0.06880650410972383,0.83643479669809,0.30651392506403163,0.06995623720811792,0.02373728601243992,1.3851512716602992,0.4726074366547312,0.033619972491967534,0.034640721259884655,0.09938039355472807,0.1076514798045129,0.42038908526185326,0.01568297911708595,0.030609452499608274,0.005717676567143544,0.009014121156147265,0.057822992135676994,0.051735675152787056,0.009566302999823896,0.1763504674375332,0.04802847442737854,0.07699439855377048,0.056469214381007556,0.0781640017477304,0.07592374732404795,0.03698845264697208,0.016115662983300687,0.0004364638424953006
2026-02-19,22:00,0.343089665208233,0.053679058130606236,0.023843791727515,0.031099955390124123,0.05621228549646916,0.0486399107118662,,0.016398987211857122,0.2881403828549293,0.03848013833097196,1.3308250786588178,0.04034629063231206,0.19355045548758343,0.8897983435970004,0.5754703680075832,0.043185700463052645,0.020696653578262406,0.7641469879279179,0.43366984469880393,0.038587985164632924,0.3704452098017518,0.6493012327964006,0.004527711560196375,0.49411932363285016,0.020511200986499344,0.027761947558190624,0.007747599680433665,0.007040578414954351,0.03980252399481007,0.05736759258832324,0.009152494872837025,0.6324924138002312,0.03728951055887803,0.06901072312258182,0.03754011214520166,0.06404757334450924,0.05957366255318717,0.026256099141151314,0.015006400993049679,0.0003491879756643481
2026-02-19,23:00,1.1022299826545008,0.041888192705264664,0.011411885460358803,0.0171112794487415,0.04173689512143002,0.03050275158133219,,0.01603823763573338,0.3934505815690239,0.03794037807442766,0.4839361610082095,0.03353399532296437,0.029212842071283173,0.6358578881240163,0.17182225462938608,0.041737956497381344,0.01709335998664634,1.546251615802002,1.893182755892933,0.029117161932525237,0.23762338227511054,0.05007486403709807,0.0031042296391147256,0.6428352012852683,0.018801141099356017,0.02332595231515619,0.007498259764688108,0.0050069124475589834,0.03792842170463129,0.041974027894441546,0.008771037142570659,0.30232160775075306,0.023005389609510294,0.05544885628730003,0.03062012920472271,0.036392216764966484,0.03577850042703467,0.02835242720459113,0.01280367385614363,0.0003106765379262216
2026-02-20,00:00,0.018019150619983496,0.017711418218127765,0.01117862210520236,0.0171112794487415,0.02921918033546987,0.015378403513713059,,0.015661878899677895,0.17216815227192017,0.4730195246810834,0.018692241636737304,0.032266894769390334,0.006179138026365905,0.2877681243473934,0.9291253854573651,0.3622514424592789,0.011828472335814593,0.8123982772559022,0.07974484550423654,0.011507056917027582,0.017171140648904334,0.04844965124694383,0.0030783753257961092,1.1385857955542429,0.018906160883284756,0.016753928107389612,0.007330176818373431,0.000690544072631764,0.016596023698991862,0.013299190498207462,0.008136076404900832,0.451852069733392,0.022498252228248784,0.05544885628730003,0.028822283243121596,0.03631873986505682,0.01764461636535045,0.019648638127053936,0.01280367385614363,0.0001015980247940348
2026-02-20,01:00,0.017947586702325092,0.0178678924495561,0.011193474828641713,0.0171112794487415,0.029660969127673863,0.06108754784991025,,0.01543715930592316,0.17905072319419557,0.0348160973341943,0.024053017084120443,0.03233895614439101,0.10211241711258508,0.7577751557016533,0.016356360236016478,0.009318795097300582,0.010762685062863406,1.2215337779818163,0.020757824137461033,0.011479174024837646,0.49438980820867956,0.048550139724511075,0.0030705365266981647,1.143468104115783,0.022064585130637485,0.014533674879650682,0.008290503397273675,0.0050069124475589834,0.015614369808795632,0.00521971457308791,0.008138006736625106,0.4824373450136992,0.022504606863833838,0.05544885628730003,0.02845624227396799,0.03632192472453153,0.013686574873755361,0.019626960901927434,0.01280367385614363,0.00010634629240290376
2026-02-20,02:00,0.02114093634718814,0.015957195103189558,0.01768390233453923,0.02439901728159907,0.03275128568761316,0.007535446885174132,,0.015587275896963397,0.001570629372906398,0.207094428238402,0.5746111498164916,0.035473643231421444,0.002734765049550384,0.5644498237170211,0.016412268787541665,0.009339034502992618,0.010137503873103576,2.5150938065475223,0.022108362718320677,0.008685526738192444,0.06654643089233128,0.052988246339639125,0.0037382269409103703,0.8122166543241724,0.018874151856340587,0.014993425199851685,0.012079334728457071,0.014789604614308956,0.012816374047787437,0.004622872127705398,0.00822941400211656,0.18862135667051455,0.7531937927566001,0.0615683265606276,0.030005432194050097,0.05020987387655898,0.010736931673797133,0.018271790266732577,0.0022461919795903275,9.560227566700235e-05
2026-02-20,03:00,0.02473743546964842,0.01622578507183722,0.01801949919631039,0.026144814953231132,0.032574425165444065,0.007535446885174132,,0.016602292705331034,0.03408994150722107,0.516271972596114,0.3008932925873158,0.22573172640375966,0.05528913890762938,0.5655375171747008,2.4153499164917536,0.009339034502992618,0.010201317117978463,0.44785604201620566,0.23181792538079563,0.3317621746857705,0.02402890134799795,0.06287951867919628,0.0038635606354290044,0.31400434618771755,0.018320350091270376,0.015060818106485775,0.01201193128922347,0.023787636213041405,0.012845234282612514,0.004622872127705398,0.008346213571169847,0.17975243454197978,0.34725406716676543,0.06599121357999924,0.03194782454187505,0.053549478671592966,0.010736931673797133,0.01991989863331791,0.03038235780085174,9.569294994316729e-05
2026-02-20,04:00,0.02662410674554816,0.01622578507183722,0.0187829586623134,0.026540699017146337,0.28707829607819013,0.03882021586520848,,0.016726425591553164,0.0024134186485079865,0.6497924553760243,1.3111517291232957,0.03598329136625663,0.04999453524556413,0.8870942388937995,0.7707932629808917,0.009339034502992618,0.010240959774324003,0.09116738390520844,0.34619246390153813,0.008685526738192444,0.4843719533536132,0.06287951867919628,0.003897343667466946,0.4734572650812725,0.018197588802005095,0.015060818106485775,0.012075379027746086,0.008914715712937879,0.012845234282612514,0.004622872127705398,0.00811747616027009,0.04777217761979521,0.03616406004337094,0.06648345892372648,0.03194782454187505,0.05387645290678986,0.010736931673797133,0.045316736483454266,0.024933197794557077,0.00034724231362728055
2026-02-20,05:00,0.02563310713181412,0.01622578507183722,0.01839504458195128,0.02657330535191409,0.03419334692699471,0.060446202068350455,,0.23385684813068097,0.0022508625497858,0.05048035640940584,0.31542331218181824,0.03598329136625663,0.05666574285105831,0.22289450543130254,0.020491135424018272,0.009339034502992618,0.010338193202036492,0.07659538243528925,0.28721427731264326,0.008685526738192444,0.02434201447139789,0.06287951867919628,0.003897343667466946,0.05085405833231879,0.01831780677800946,0.015060818106485775,0.012139428615893627,0.006735274040918815,0.012845234282612514,0.004622872127705398,0.009726239337352552,0.16393133314253294,0.03849229569258934,0.06599335494029615,0.03194782454187505,0.05407333141374381,0.010736931673797133,0.02023817946129366,0.0367860367753896,9.569294994316729e-05
2026-02-20,06:00,0.024666957196117934,0.012649796463829905,0.018782451222150408,0.026319169499829778,0.02712407254767439,0.007535446885174132,,0.17971201723876506,0.002281777527142955,0.051569065153154826,0.024597901212196356,0.03541277291813208,0.0029489251214402028,0.6489467874954313,0.1967060277494818,0.009339034502992618,0.007976272527507464,0.07231960341707372,0.03029867317148041,0.008612983907567416,0.02507743694001568,0.05009618057928758,0.003890096798329097,0.04954012497120748,0.01818187880119725,0.01456247883084349,0.01209262868147652,0.006478858647839656,0.01232752529976724,0.004622872127705398,0.011533950048695132,0.04405368976732166,0.03674524606242406,0.06300079957082863,0.02525415164547701,0.053881610162578586,0.010736931673797133,0.021781005247448974,0.038265579809992546,3.7585364704942434e-05
2026-02-20,07:00,0.02344277866008992,0.012952714330600681,0.017289497357910123,0.02198298250994094,0.02288770507044554,0.007535446885174132,,0.011965448135728083,0.0018849058972319457,0.051496763225453046,0.36782246084249776,0.012529517641055588,0.005355302250147695,0.017156447984754245,0.37174206166512297,0.009339034502992618,0.00803804935518438,0.06849330938177603,0.02474898507507906,0.008612983907567416,0.02173358047755992,0.044773082383443574,0.002195383996889618,0.04880546339349718,0.01808663452278517,0.01553579027583359,0.01215432114615657,0.006303737357325764,0.012421257131008721,0.004622872127705398,0.01266651548902378,0.04306191430466608,0.028282359454215075,0.063662517701448,0.019829498683113237,0.04080289537749618,0.010736931673797133,0.021565150145193356,0.013798472308259148,3.7585364704942434e-05
2026-02-20,08:00,0.00565419916999397,0.012952714330600681,0.012800722145229038,0.020764373791569802,0.02315886605059747,0.007535446885174132,,0.011254626058666345,0.0016347790862526886,0.04904970394415131,0.016765981081035622,0.012529517641055588,0.004664249035497327,0.015060310631029116,0.01250518373390066,0.009339034502992618,0.008139036287564532,0.03700229316440037,0.06229785016946778,0.008612983907567416,0.020121897429912692,0.044773082383443574,0.0021403536802999633,0.02199372550524754,0.01801075114886333,0.01553579027583359,0.012115807453712076,0.006100482269032017,0.012421257131008721,0.004622872127705398,0.012512099307089323,0.014453576427487215,0.020117293648894072,0.04205692277125178,0.019829498683113237,0.04061731588575486,0.010736931673797133,0.020933286125867697,0.011195933385860536,3.7585364704942434e-05
2026-02-20,09:00,0.006068436595306924,0.012952714330600681,0.01290421660839712,0.01827419605866029,0.022921895950334822,0.007535446885174132,,0.009119140521860426,0.0009648879541885364,0.01583912529833923,0.014576418715484906,0.012529517641055588,0.0038130715129856825,0.1924460376105508,0.011742506675317796,0.009339034502992618,0.00814890139420718,0.016935012087687263,0.18098867842248367,0.008612983907567416,0.012574499060813997,0.044773082383443574,0.002126449617220242,0.010930125503883607,0.018116940140488095,0.01553579027583359,0.012287114526600576,0.0035010855618705194,0.012421257131008721,0.004622872127705398,0.01219687390189523,0.007614958277388355,0.012072173913176505,0.03448563451503326,0.019829498683113237,0.03449646019520832,0.010736931673797133,0.020050172338054208,7.059921646370436e-05,3.7585364704942434e-05
2026-02-20,10:00,0.004294634776406329,0.011716239167765916,0.005831507881094656,0.0028019209175488484,0.00854671354753657,0.007535446885174132,,0.007122431313704916,0.0007464557621972836,0.013968938693915937,0.0014786084939164544,0.010733258343507057,0.0007507878701472448,0.0005686405940698131,0.0015073643501618908,0.009339034502992618,0.00725400912506841,0.00146274538164687,0.0029271308234903024,0.008612983907567416,0.0039006681651095852,0.00929868653463834,0.0020070089530507284,0.002884546668893488,0.018053458784441038,0.01280576418806204,0.012261734222041697,0.01677058423027239,0.01221965217347866,0.004622872127705398,0.0002958845459013228,0.0016389937014684598,0.004677970618906785,0.01915227597181596,0.0077879312675677706,0.003432894424360898,0.010736931673797133,0.008809748950961314,0.009724509022225608,3.571757210496963e-05
2026-02-20,11:00,0.006091905823363161,0.016151899894176217,0.003645840625771537,0.0018866007973836782,0.00802866007364942,0.00929329494054333,,0.006346979544022332,0.0004804183911709095,0.010952279684268264,0.0012924311583285037,0.03638691700476265,0.0013358209416300172,0.0005366019678559376,0.0013198471789504832,0.009393832145096212,0.008963818573501193,0.004485466923760111,0.0013062224972798155,0.014177488544468668,0.0024550356543381648,0.012861925613928592,0.0017822083930049864,0.005391749570918672,0.026026839294506963,0.012336219020610849,0.008419110128980693,0.009199651918180392,0.017619994934508932,0.005914261322569508,0.00046240375348827125,0.0021338578468563046,0.004234340327508674,0.04021261999403967,0.012507082703224055,0.004080711520027834,0.017196575465252356,0.01212764573587096,0.0,6.202356812391509e-05
2026-02-20,12:00,0.00924589055037649,0.06474016838018141,0.002862803046938924,0.0029019464712920825,0.004276345994641108,0.06862196532380987,,0.005884888037891939,0.0004319092011018281,0.005522401004439126,0.0009315690887912746,0.005030763960405627,0.0029087394786298532,0.0007316646348714738,0.001108889530705867,0.015689725600924423,0.01076485275978764,0.0015077960347062022,0.001571652338210989,0.014264974519098179,0.00173655680555998,0.007271258601353162,0.001404763454438583,0.0022323209533427883,0.017287410707523345,0.0162653099327153,0.00526649346621332,0.01121242612539934,0.019678901637272893,0.020562053858691306,0.0004898369706646911,0.0007183715296678823,0.0029202337533485822,0.021180495526889404,0.005915604086637504,0.0029427898566322047,0.024604647723829923,0.011979232238931423,0.0023702867623541157,4.1704322142287075e-05
2026-02-20,13:00,0.06220685611946461,0.030422886315867485,0.006666258444064721,0.004593618548186664,0.039759619430177855,0.05681811279642347,,0.13802904471942845,0.0003894553302434902,0.019904213742676164,0.002733032730156727,0.013822526360778955,0.02849252598172674,0.0022329639571549474,0.0026263429525565235,0.14502084538887694,0.014104970426547974,0.004131846536842944,0.001823698216846873,0.03246451923873092,0.005224870937605396,0.015498241053141203,0.001934262820311439,0.00438185583508548,0.015327325399783081,0.02023110357838558,0.006475413240009498,0.002440340388153125,0.031068343535229838,0.05114338926117741,0.0031247500446461175,0.002441623800373396,0.005006938201543856,0.0042692833476563365,0.010201886971946652,0.010519396710394018,0.06467853677943211,0.020799382709468402,0.008805190214714187,0.00019395411442095636
2026-02-20,14:00,0.09590758862270862,0.25511161463414095,0.03761072532423786,0.012302678645354719,0.003967211413600013,0.0801959238458418,,0.022837023242386546,0.00030916309791570185,0.15490776640188428,0.574168325959975,0.02766279363084886,0.011133071780523463,0.004184743167634637,0.0041135973164870936,0.2391329781352561,0.02128213209637336,0.016270726141874206,0.0046174712916272394,0.07580959392490721,0.17038686976598133,0.0500863088087458,0.0021700111184850264,0.009450893593493404,0.014605007938569432,0.025596544492846048,0.008419159645430763,0.0024408136445929042,0.15006277749061867,0.10282671200025303,0.007380594887421697,0.0028724332021050542,0.018080325832022157,0.0422586143558646,0.4593033721448572,0.02391523720482564,0.11118823950962932,0.02576099300791527,0.006067390809236506,0.00054156839958935
2026-02-20,15:00,0.4908501491259835,0.08221229626922798,0.01861428159277778,0.026533192841794905,0.573622257580013,0.026010195394981252,,0.16725092107928285,0.0013318565062286386,0.07458055374486523,0.018670250171828204,0.15842289784245134,0.17478150813151883,0.019996897873917077,0.021045847581019243,0.22420655854140734,0.028437251683956447,0.07515161111211649,0.11354115912829504,0.5581540031168959,0.020334657504944724,0.0988192869298458,0.005104424050859115,0.02563295626050661,0.01683076246066944,0.046375980279070056,0.023333719010926974,0.009470959114530603,0.0970982662545373,0.15163995375344683,0.014758936498983372,0.01864315824988883,0.4029311123696802,0.047490416220702006,0.28274670476156155,0.0566431569097499,0.19426373730030355,0.05660449047112424,0.011373197868565157,0.0009184167377578064
2026-02-20,16:00,0.32812692717598113,0.13947819160494132,0.016736990931825218,0.03212510457057814,1.233268040537699,0.8538480978212651,,0.023401667645347922,0.04856082521007365,0.6431526060652394,0.04177894158421811,0.19234579490329629,0.18084416660686245,0.030755237212293535,0.041766121297280766,0.7343668425480648,0.02972745491870261,0.6752550595433462,0.03118584429004705,0.7008528108259274,0.11167209253839289,0.18249713216048577,0.007487041245035544,0.250867945658869,0.011507399306397787,0.06033335561321888,0.006601547255726082,0.013877517958955577,0.1644018212681466,0.1836179881026797,0.01595078107360674,0.023073902730157934,0.028237418630842705,0.021764726898912387,0.10814508016111342,0.20614504438976428,0.22967360802366105,0.1591663863661454,0.010632011816218513,0.0009771957366291435
2026-02-20,17:00,0.8423936861771466,0.3878751364321647,0.2997956886806513,0.13466580973129136,0.09517056749191426,0.43156515463010536,,0.4277204568365305,0.0727165591486356,1.3008364953596532,0.17565928672460665,0.10328538233390491,0.3357982081207666,0.05788746674799062,0.06720947103912722,0.5207144198691662,0.02843855043126461,0.07391358896275305,0.052330190729662655,0.5173425797150705,0.05089049186618791,0.8710013909797855,0.14248417958887744,0.06530959980071009,0.018557303478297517,0.06549865601714168,0.0006056477028428042,0.05703659396765632,0.16485439139895985,0.19990253704556898,0.019425579832451308,0.42354136096698985,0.0485756239538368,0.07307309056320874,0.3638391849522148,0.554389072894234,0.23737521069634773,0.11472659140474828,0.014508014474443255,0.0008970530059064404
2026-02-20,18:00,0.792292164724494,0.870389037435917,0.5949169963455512,0.04712513189316808,0.4035830918073608,0.08823627204168157,,0.028910509694805707,0.076772733304366,0.8354297208011993,0.8584627717528138,0.1090511257065393,0.16947604086629853,1.0506659383781956,0.06358410716121758,0.09091032670036667,0.024839030538558644,0.0732238461987202,0.6414144908665476,0.5932046113412405,0.04408506018080664,0.9909525759442548,0.012956238102667505,0.06282318684991697,0.02081607856766782,0.19829611202368816,0.0176870422343647,0.02959251344120666,0.4378773324975153,0.13226610032482056,0.014371595581303099,0.05266910537358296,0.6121677047340852,0.3803383736988989,0.9716407436203838,0.6972164914022531,0.5394311174007395,0.09662015388942376,0.016423527425974572,0.0007106462511945288
2026-02-20,19:00,0.8870787248448511,0.18831061873371663,1.2919609832649304,0.043077456002029224,0.8488524877608994,0.29991604625677093,,0.027921380916494824,0.0031827168110399513,1.8664600425961544,2.0714214301781015,0.46487474691764374,0.12127874564463241,0.2688826100361081,0.1535301397989282,0.8775357535488116,0.09896900164048963,0.08518139157634534,0.7234613294858221,0.9230289752635791,0.03408980645675588,0.5432370040351933,0.010929684547500868,0.07086625152117644,0.005150388262319578,0.05506355497173152,0.025575645739762395,0.0070177784230700205,0.05586613175946363,0.10502188083156846,0.01189136740453793,0.7558163872560109,0.7518236539094267,0.25184205055879233,0.41050946141093436,0.8619141623111658,0.16666967590473752,0.08988464130447121,0.08594955797750937,0.0005510488665735912
2026-02-20,20:00,0.33046270804015604,0.10260120089572897,2.050259169442758,0.04011439091728122,0.8076042657235121,0.6654525628463084,,0.03096725875097879,0.004629305001059497,0.20565553066391132,1.3606555522578987,0.16438560859250617,0.07588160675118193,1.0685070823162943,0.710709982581296,0.5537304112769229,0.13320828697095266,0.6589881717655548,0.8207296060486455,0.22930198953719647,0.04265865864389072,1.782910727564325,0.04085918938552943,0.9682034135890712,0.00020249042145593872,0.03813495759325625,0.008699077733510694,0.047512701174951044,0.39436306812926253,0.05587006093560887,0.00879500160841714,0.06721672911521201,1.0257632570474429,0.4006502178643626,0.07803509512814162,0.08405692865501407,0.12800749532083175,0.09010583570234612,0.017447198770336653,0.0012173263694869806
2026-02-20,21:00,0.2523255420318122,0.07124061151660976,0.9223048595255493,0.3595748004529306,0.7160258948545949,0.06280091185355618,,0.026889636060149925,0.06019636040258616,0.20664647551262993,0.5473197968202238,0.06270914761265486,0.15111777018137715,0.031120961450285374,0.23124401380144718,0.6882405411177573,0.02373728601243992,0.5164636028568621,0.582054480056536,0.055988459298844745,0.034640721259884655,0.09938039355472807,0.04586342421416292,0.928638695000671,0.07438641536774063,0.16815922220114263,0.00981476717207141,0.005455653466217489,0.08867956596750776,0.3199168887284573,0.009566302999823896,0.6712764563629285,0.18786542257262626,0.07699439855377048,0.1715066922210917,0.0781640017477304,0.4297149004765842,0.03698845264697208,0.016115662983300687,0.0006548662026865981
2026-02-20,22:00,0.2665814996949091,0.2604524680392372,1.3724131966726925,0.641303732522745,0.05621228549646916,0.40730776556210707,,0.016398987211857122,0.0016601164578291957,2.135455558112952,1.7838586099825184,0.04034629063231206,0.21322388068283726,0.022480368130552767,0.615372025479994,0.26662540529621587,0.020696653578262406,0.40386797897057763,0.31617636698884316,0.038587985164632924,0.025204475650524333,0.06630622626124279,0.004527711560196375,0.39651933182699195,0.020511200986499344,0.006159495099731872,0.026551862473000648,0.010203834814441705,0.12065217517728274,0.3259786339276192,0.009152494872837025,0.6905597724238214,0.8235085227631366,0.08523815875568015,1.0029071914372958,1.229042246417449,0.05957366255318717,0.08889515696880512,0.015006400993049679,0.00011164815237662338
2026-02-20,23:00,1.1693147979729879,0.18204679268858967,0.37798977776552894,0.0171112794487415,0.5042914054616048,0.10136507947248957,,0.01603823763573338,0.0015028567316496537,0.6018892808919056,0.12263108200467705,0.02400597183570078,0.04392604448246346,0.017150790495271795,0.1271344201468113,0.10754773120235457,0.01709335998664634,0.9112516569495277,0.6316948351985091,0.029117161932525237,0.017171140648904334,0.27035563470925966,0.020611767596272697,0.08475749535834132,0.018801141099356017,0.00379270398372373,0.007498259764688108,0.0021740373968426614,0.20783263951949277,0.2800932062954182,0.008771037142570659,0.06490658522861338,0.023005389609510294,0.2901372409001787,0.3133428308718743,0.29735062925098066,0.04671030072295265,0.10392972018234561,0.01280367385614363,0.0003106765379262216
2026-02-21,00:00,0.7805087005959794,0.263222645467683,0.01117862210520236,0.14464160229361372,0.3192881330895004,0.14212932143453427,,0.015661878899677895,0.0015028567316496537,0.593264659987016,0.5928508476491402,0.16343529802258544,0.11356846630224635,0.017150790495271795,0.016356360236016478,0.2670276203699953,0.011828472335814593,0.053760631456890945,1.2668125026933017,0.011507056917027582,0.49514857282982533,0.7860314805557193,0.0030783753257961092,0.25584545968209005,0.03934954614455241,0.016753928107389612,0.007330176818373431,0.06369426559103598,0.5095556413846858,0.049676153247480134,0.008136076404900832,0.02240091817021293,0.8323849979143558,0.05544885628730003,0.3468491097425954,0.1578125926079447,0.06048364978370763,0.058313047826955816,0.01280367385614363,0.0001015980247940348
2026-02-21,01:00,1.002700650679228,0.23275069401103657,0.011193474828641713,0.5989460169274647,0.029660969127673863,0.05984934451015981,,0.01543715930592316,0.023308892464902843,0.593385808976915,0.4515903753810957,0.5840773233174125,0.08302559614515595,0.017150790495271795,0.016356360236016478,0.009318795097300582,0.25396586989285125,0.053760631456890945,0.44070520349744574,0.011479174024837646,0.017171140648904334,0.3516997367076076,0.028616559738442772,0.03387256116645109,0.06353248727171885,0.014533674879650682,0.008290503397273675,0.0016474058976493104,0.26709326102863673,0.00521971457308791,0.008138006736625106,0.02240091817021293,0.40872407665185934,0.2068609944308287,0.306788296717888,0.25814053875739346,0.0747868324752303,0.02041104851865982,0.01280367385614363,7.32843008707967e-05
2026-02-21,02:00,0.02114093634718814,0.015957195103189558,0.01768390233453923,0.28357792257238507,0.03275128568761316,0.18709249216251622,,0.015587275896963397,0.04879075249266132,0.0350906390912421,0.02100645798188282,0.035473643231421444,0.03908716825290512,0.01953415483917712,0.016412268787541665,0.009339034502992618,0.010137503873103576,0.06427319454169242,0.022108362718320677,0.008685526738192444,0.02122523791155681,0.052988246339639125,0.0037382269409103703,0.042183024807536544,0.006201165638545059,0.014993425199851685,0.012079334728457071,0.006017563060096139,0.012816374047787437,0.14766942915508133,0.00822941400211656,0.028093229682139897,0.028959383667920727,0.0615683265606276,0.03605883094280183,0.05020987387655898,0.05089437397809978,0.04623783965174221,0.013838725313817156,0.0001221048130711996
2026-02-21,03:00,0.4756108694052363,0.01622578507183722,0.01801949919631039,0.026144814953231132,0.032574425165444065,0.11135359279065836,,0.016602292705331034,0.07377956807698911,0.047987776025016374,0.023908626445534112,0.03598329136625663,0.043072259023217895,0.0222985141727059,0.020424291994409732,0.009339034502992618,0.010201317117978463,0.06402986322465361,0.026216011904174344,0.008685526738192444,0.02402890134799795,0.06287951867919628,0.0038635606354290044,0.0452236223492106,0.012318194875184095,0.015060818106485775,0.031886501380471555,0.007055979945704926,0.012845234282612514,0.14766942915508133,0.008346213571169847,0.030343852799154445,0.03494964075887977,0.3641226491811087,0.05690580501627952,0.4025812954107632,0.2113573289533325,0.06417586871131836,0.014418769712077062,0.0004506536362871549
2026-02-21,04:00,0.20278869454070925,0.01622578507183722,0.0187829586623134,0.026540699017146337,0.28707829607819013,0.007535446885174132,,0.016726425591553164,0.0024134186485079865,0.05086023561904487,0.024604904530288154,0.03598329136625663,0.03688080637233622,0.023085918160325587,0.02039722691086137,0.009339034502992618,0.1743179466319906,0.09116738390520844,0.029514431419237135,0.008685526738192444,0.02481206462819588,0.06287951867919628,0.003897343667466946,0.05456918258599441,0.018197588802005095,0.07064681624521695,0.012075379027746086,0.023813825542408313,0.012845234282612514,0.11178014971593461,0.00811747616027009,0.04777217761979521,0.38019205302446785,0.30406959122609173,0.03194782454187505,0.05387645290678986,0.054072531369431055,0.05346718789961473,0.0462603228462821,9.569294994316729e-05
2026-02-21,05:00,0.8353065742446933,0.01622578507183722,0.01839504458195128,0.3584396580872787,0.31017246475153537,0.007535446885174132,,0.016602244367164554,0.0022508625497858,0.05048035640940584,0.024773300358575136,0.03598329136625663,0.03845018082166594,0.022929174115671334,0.020491135424018272,0.009339034502992618,0.010338193202036492,0.07659538243528925,0.028981432957452778,0.008685526738192444,0.02434201447139789,0.06287951867919628,0.003897343667466946,0.05085405833231879,0.007040140052679199,0.015060818106485775,0.01138621620280197,0.02030819497945026,0.012845234282612514,0.004622872127705398,0.009726239337352552,0.04408783504016829,0.03849229569258934,0.11278688075366451,0.03194782454187505,0.05407333141374381,0.010736931673797133,0.061752602002765535,0.04831729460987022,9.569294994316729e-05
2026-02-21,06:00,0.36765853432326295,0.012649796463829905,0.018782451222150408,0.026319169499829778,0.27583359992000617,0.007535446885174132,,0.17971201723876506,0.002281777527142955,0.5722278644340181,0.024597901212196356,0.6698488755403758,0.12762158133785578,0.023206181109869987,0.020491135424018272,0.26763928282243227,0.12365182598777709,0.07231960341707372,0.7725306263222186,0.32976571714903796,0.02507743694001568,0.05009618057928758,0.003890096798329097,0.04954012497120748,0.020117292335604144,0.01456247883084349,0.0077672808171962695,0.01793195865417111,0.01232752529976724,0.004622872127705398,0.011533950048695132,0.04405368976732166,0.03674524606242406,0.06300079957082863,0.19009549300805825,0.053881610162578586,0.010736931673797133,0.021781005247448974,0.016887752315539913,0.0003159070773872133
2026-02-21,07:00,0.4786293021236513,0.012952714330600681,0.017289497357910123,0.02198298250994094,0.02288770507044554,0.007535446885174132,,0.011965448135728083,0.0018849058972319457,0.33534524441123925,0.12360320843016473,0.012529517641055588,0.057531538070262914,0.017156447984754245,0.01250518373390066,0.009339034502992618,0.00803804935518438,0.06849330938177603,0.02474898507507906,0.008612983907567416,0.02173358047755992,0.044773082383443574,0.002195383996889618,0.04880546339349718,0.01808663452278517,0.01553579027583359,0.0194421551682854,0.006303737357325764,0.012421257131008721,0.004622872127705398,0.01266651548902378,0.04306191430466608,0.028282359454215075,0.1868078324061089,0.019829498683113237,0.04080289537749618,0.010736931673797133,0.021565150145193356,0.03778995723060502,3.7585364704942434e-05
2026-02-21,08:00,0.15444635270242524,0.012952714330600681,0.012800722145229038,0.020764373791569802,0.02315886605059747,0.007535446885174132,,0.011254626058666345,0.0016347790862526886,0.04904970394415131,0.016765981081035622,0.012529517641055588,0.004664249035497327,0.015060310631029116,0.01250518373390066,0.3385147157820824,0.008139036287564532,0.03700229316440037,0.02119494087017223,0.008612983907567416,0.020121897429912692,0.044773082383443574,0.0021403536802999633,0.02199372550524754,0.08108876518657183,0.01553579027583359,0.010072353505324034,0.006100482269032017,0.012421257131008721,0.004622872127705398,0.012512099307089323,0.014453576427487215,0.020117293648894072,0.04205692277125178,0.019829498683113237,0.04061731588575486,0.010736931673797133,0.020933286125867697,0.041535824706255935,3.7585364704942434e-05
2026-02-21,09:00,0.006068436595306924,0.012952714330600681,0.01290421660839712,0.01827419605866029,0.4979302196265886,0.007535446885174132,,0.009119140521860426,0.0009648879541885364,0.01583912529833923,0.014576418715484906,0.012529517641055588,0.0038130715129856825,0.01382370139979103,0.011742506675317796,0.009339034502992618,0.00814890139420718,0.016935012087687263,0.009012956268138918,0.23946032767532974,0.012574499060813997,0.044773082383443574,0.002126449617220242,0.010930125503883607,0.014144112868652874,0.01553579027583359,0.030924386780081567,0.0035010855618705194,0.012421257131008721,0.004622872127705398,0.01219687390189523,0.007614958277388355,0.012072173913176505,0.03448563451503326,0.019829498683113237,0.03449646019520832,0.010736931673797133,0.020050172338054208,0.02371760867424287,3.7585364704942434e-05
2026-02-21,10:00,0.004294634776406329,0.011716239167765916,0.06442193997336011,0.0028019209175488484,0.00854671354753657,0.007535446885174132,,0.040186630267168254,0.0007464557621972836,0.013968938693915937,0.0014786084939164544,0.010733258343507057,0.0007507878701472448,0.0005686405940698131,0.0015073643501618908,0.009339034502992618,0.00725400912506841,0.00146274538164687,0.0029271308234903024,0.008612983907567416,0.0039006681651095852,0.00929868653463834,0.0020070089530507284,0.002884546668893488,0.0005430803962729779,0.01280576418806204,0.012261734222041697,0.008784605787979625,0.01221965217347866,0.004622872127705398,0.0002958845459013228,0.0016389937014684598,0.004677970618906785,0.0922309827374467,0.0077879312675677706,0.003432894424360898,0.010736931673797133,0.008809748950961314,0.002646083516891913,3.571757210496963e-05
2026-02-21,11:00,0.006091905823363161,0.016151899894176217,0.003645840625771537,0.0018866007973836782,0.00802866007364942,0.009122603327614932,,0.006346979544022332,0.0004804183911709095,0.010952279684268264,0.0012924311583285037,0.024947817587935083,0.0013358209416300172,0.0005366019678559376,0.0013198471789504832,0.023687645908020083,0.008963818573501193,0.004485466923760111,0.0013062224972798155,0.014177488544468668,0.0024550356543381648,0.012861925613928592,0.0017822083930049864,0.005391749570918672,0.026026839294506963,0.012336219020610849,0.008419110128980693,0.015950050543245997,0.017619994934508932,0.005914261322569508,0.00046240375348827125,0.0021338578468563046,0.004234340327508674,0.04021261999403967,0.012507082703224055,0.004080711520027834,0.017196575465252356,0.01212764573587096,0.006510970118694797,6.202356812391509e-05
2026-02-21,12:00,0.006455924003182161,0.015419324912424204,0.002862803046938924,0.0029019464712920825,0.005664951401608522,0.03324767273168006,,0.005884888037891939,0.0004319092011018281,0.0096327099684265,0.0009315690887912746,0.022912707118950187,0.0029087394786298532,0.0007316646348714738,0.001108889530705867,0.015689725600924423,0.01076485275978764,0.0015077960347062022,0.001571652338210989,0.06320584916049264,0.00173655680555998,0.007271258601353162,0.001404763454438583,0.0022323209533427883,0.017287410707523345,0.0162653099327153,0.0009130223501214869,0.003420179454855514,0.019678901637272893,0.020562053858691306,0.0004898369706646911,0.0007183715296678823,0.0257929267746105,0.012262881270839458,0.005915604086637504,0.0029427898566322047,0.024604647723829923,0.011979232238931423,0.011528460975540557,4.1704322142287075e-05
2026-02-21,13:00,0.006180449862704127,0.030422886315867485,0.006666258444064721,0.004593618548186664,0.014320071553238533,0.09913614317543136,,0.007262867973816731,0.0003894553302434902,0.019904213742676164,0.002733032730156727,0.0042311226663332415,0.02291737963322236,0.0022329639571549474,0.0026263429525565235,0.048501204418212714,0.014104970426547974,0.004131846536842944,0.001823698216846873,0.03246451923873092,0.005224870937605396,0.015498241053141203,0.001934262820311439,0.00438185583508548,0.015327325399783081,0.02023110357838558,0.006475413240009498,0.0028139401831083523,0.031068343535229838,0.05114338926117741,0.0031247500446461175,0.002441623800373396,0.009035180849118809,0.03162304789166239,0.010201886971946652,0.010519396710394018,0.06467853677943211,0.020799382709468402,7.142857142857143e-06,0.00019395411442095636
2026-02-21,14:00,0.052627463297285376,0.054572659909259406,0.007775261713061505,0.012302678645354719,0.029125101762283515,0.04286718016139458,,0.002806539223331127,0.0025684492456849546,0.33743227813711735,0.007302377997188744,0.02766279363084886,0.27013808483589863,0.004184743167634637,0.0041135973164870936,0.40030957276141443,0.02128213209637336,0.21208033387549197,0.0046174712916272394,0.32368195573079006,0.03906580108167924,0.0500863088087458,0.0021700111184850264,0.009450893593493404,0.014605007938569432,0.025596544492846048,0.008419159645430763,0.00030857686203377506,0.04708172838952805,0.10282671200025303,0.007380594887421697,0.0028724332021050542,0.018080325832022157,0.0422586143558646,0.03116626832353776,0.02391523720482564,0.11118823950962932,0.11773138149098088,0.0003997318490333197,0.00054156839958935
2026-02-21,15:00,0.3651622649250488,0.2975830161667035,0.3383452466220359,0.026533192841794905,0.07587200524343385,0.15699791071219643,,0.13589252152017953,0.0024474914627654197,0.6011792832830946,0.018670250171828204,0.05789605055783798,0.46152766551544167,0.019996897873917077,0.021045847581019243,0.6450627754666083,0.028437251683956447,0.6904134808890735,0.012007230360542845,0.10728561456998627,0.18264476529548276,0.0988192869298458,0.005104424050859115,0.4818760314191905,0.01683076246066944,0.046375980279070056,0.009536075879886583,0.003586036355515635,0.0970982662545373,0.15163995375344683,0.014758936498983372,0.01864315824988883,0.0251417918330408,0.06157257197805541,0.06510987080685526,0.11957185246176731,0.19426373730030355,0.1281653679467174,0.011373197868565157,0.0009184167377578064
2026-02-21,16:00,0.7518221753822527,0.2273380225394331,0.016736990931825218,0.03212510457057814,0.12867104068924945,0.13843207973189295,,0.14075986900541254,0.0026785752544278467,0.10960870222659419,0.5681315812137828,0.07515945113838868,0.128837865755709,0.11634470677391753,0.041766121297280766,1.1420124996618883,0.15950192326725884,0.857616529128704,0.12034641313993909,0.5605743112844209,0.03207067773471781,0.18249713216048577,0.007487041245035544,0.03280339324988466,0.011507399306397787,0.06033335561321888,0.006601547255726082,0.00021725159906216235,0.1644018212681466,0.1836179881026797,0.01595078107360674,0.023073902730157934,0.028237418630842705,0.04709221063950946,0.10814508016111342,0.0804691216808836,0.22967360802366105,0.04865693211183632,0.010632011816218513,0.0009771957366291435
2026-02-21,17:00,0.7840424148039753,0.14942347178784482,0.2626741302721053,0.044660423711518585,0.6340399092037601,0.3351755329809409,,0.195483188012986,0.006269610973307557,1.5360410350483624,0.07457888769533245,0.2876285359539299,0.21398251075260488,0.7156690846090581,0.41310089823160845,1.4231001682342626,0.2520008297403002,0.07934687158970671,0.5109989180635524,0.4307815819690455,0.05089049186618791,0.3233959143519383,0.1523371494890677,1.111523607205862,0.018557303478297517,0.30481412559237947,0.008759157091785019,0.007783748091993222,0.3709947784043518,0.19990253704556898,0.019425579832451308,0.054027343334879664,0.9680696365961002,0.07307309056320874,0.4052294082841749,0.1069237888206643,0.23737521069634773,0.3950265809847446,0.043220865912227326,0.0008970530059064404
2026-02-21,18:00,0.9092499668148433,0.20310897070610084,0.031083362813019787,0.04712513189316808,0.8012915376555242,0.8913691662996115,,0.3227318565524622,0.041377978815200604,0.2700561873746287,1.8667633303467381,0.1090511257065393,0.21161195201584884,0.0721726922585593,0.06358410716121758,0.7151813486539897,0.024839030538558644,0.2705363616901339,0.15293685274752877,0.5843072927395204,0.38373792705766624,0.21087770537489883,0.040569778044145105,2.1176585997115422,0.02081607856766782,0.468101465591391,0.006119084042661327,0.007107069777083958,0.23380541208044772,0.5715033565787966,0.014371595581303099,0.05266910537358296,0.059261811716567185,0.2708512224226295,0.49079619472340946,0.11846178663492803,0.21828032427245378,0.04607855954285145,0.016423527425974572,0.0007106462511945288
2026-02-21,19:00,1.0961422295121113,0.13948570132833346,0.42080807283043464,0.043077456002029224,0.7475498271513387,0.4825100933601763,,0.1628782559641267,0.06238579979733219,0.5713771418839176,1.1837774064424986,0.09964593571850136,0.1545900437794615,1.076004482946229,1.537149515912089,1.2100600133034665,0.06898639579076168,1.2478356699323907,0.6180850299967517,0.31792440911974046,0.6270778034560726,0.19938324661107645,0.010929684547500868,0.6714113752277829,0.005150388262319578,0.23899341999098633,0.009646096386298554,0.020656195685647267,0.6105814808892838,0.10502188083156846,0.01189136740453793,0.7558163872560109,0.07061813991527795,0.2240951153381326,0.13686005607140253,0.1094572126420621,1.0891688669169803,0.10831983330374666,0.013330821825292669,0.0005510488665735912
