CODIGO,ESTACION,YEAR,MONTH,PP,TMAX,TMIN
100090,MONTEGRANDE,1990,1,-999.0,-999.0,-999.0
100090,MONTEGRANDE,1990,2,-999.0,-999.0,-999.0
100090,MONTEGRANDE,1990,3,-999.0,-999.0,-999.0
100090,MONTEGRANDE,1990,4,-999.0,-999.0,-999.0
100090,MONTEGRANDE,1990,5,-999.0,-999.0,-999.0
100090,MONTEGRANDE,1990,6,-999.0,-999.0,-999.0
100090,MONTEGRANDE,1990,7,-999.0,-999.0,-999.0
100090,MONTEGRANDE,1990,8,-999.0,-999.0,-999.0
100090,MONTEGRANDE,1990,9,-999.0,-999.0,-999.0
100090,MONTEGRANDE,1990,10,-999.0,-999.0,-999.0
100090,MONTEGRANDE,1990,11,-999.0,-999.0,-999.0
100090,MONTEGRANDE,1990,12,-999.0,-999.0,-999.0
100090,MONTEGRANDE,1991,1,-999.0,-999.0,-999.0
100090,MONTEGRANDE,1991,2,-999.0,-999.0,-999.0
100090,MONTEGRANDE,1991,3,-999.0,-999.0,-999.0
100090,MONTEGRANDE,1991,4,-999.0,-999.0,-999.0
100090,MONTEGRANDE,1991,5,-999.0,-999.0,-999.0
100090,MONTEGRANDE,1991,6,-999.0,-999.0,-999.0
100090,MONTEGRANDE,1991,7,-999.0,-999.0,-999.0
100090,MONTEGRANDE,1991,8,-999.0,-999.0,-999.0
100090,MONTEGRANDE,1991,9,-999.0,-999.0,-999.0
100090,MONTEGRANDE,1991,10,-999.0,-999.0,-999.0
100090,MONTEGRANDE,1991,11,-999.0,-999.0,-999.0
100090,MONTEGRANDE,1991,12,-999.0,-999.0,-999.0
100090,MONTEGRANDE,1992,1,-999.0,-999.0,-999.0
100090,MONTEGRANDE,1992,2,-999.0,-999.0,-999.0
100090,MONTEGRANDE,1992,3,-999.0,-999.0,-999.0
100090,MONTEGRANDE,1992,4,-999.0,-999.0,-999.0
100090,MONTEGRANDE,1992,5,-999.0,-999.0,-999.0
100090,MONTEGRANDE,1992,6,-999.0,-999.0,-999.0
100090,MONTEGRANDE,1992,7,-999.0,-999.0,-999.0
100090,MONTEGRANDE,1992,8,-999.0,-999.0,-999.0
100090,MONTEGRANDE,1992,9,-999.0,-999.0,-999.0
100090,MONTEGRANDE,1992,10,-999.0,-999.0,-999.0
100090,MONTEGRANDE,1992,11,-999.0,-999.0,-999.0
100090,MONTEGRANDE,1992,12,-999.0,-999.0,-999.0
100090,MONTEGRANDE,1993,1,-999.0,-999.0,-999.0
100090,MONTEGRANDE,1993,2,-999.0,-999.0,-999.0
100090,MONTEGRANDE,1993,3,-999.0,-999.0,-999.0
100090,MONTEGRANDE,1993,4,-999.0,-999.0,-999.0
100090,MONTEGRANDE,1993,5,-999.0,-999.0,-999.0
100090,MONTEGRANDE,1993,6,-999.0,-999.0,-999.0
100090,MONTEGRANDE,1993,7,-999.0,-999.0,-999.0
100090,MONTEGRANDE,1993,8,-999.0,-999.0,-999.0
100090,MONTEGRANDE,1993,9,-999.0,-999.0,-999.0
100090,MONTEGRANDE,1993,10,-999.0,-999.0,-999.0
100090,MONTEGRANDE,1993,11,-999.0,-999.0,-999.0
100090,MONTEGRANDE,1993,12,-999.0,-999.0,-999.0
100090,MONTEGRANDE,1994,1,-999.0,-999.0,-999.0
100090,MONTEGRANDE,1994,2,17.7,-999.0,-999.0
100090,MONTEGRANDE,1994,3,20.0,-999.0,-999.0
100090,MONTEGRANDE,1994,4,-999.0,-999.0,-999.0
100090,MONTEGRANDE,1994,5,-999.0,-999.0,-999.0
100090,MONTEGRANDE,1994,6,-999.0,-999.0,-999.0
100090,MONTEGRANDE,1994,7,-999.0,-999.0,-999.0
100090,MONTEGRANDE,1994,8,-999.0,-999.0,-999.0
100090,MONTEGRANDE,1994,9,-999.0,-999.0,-999.0
100090,MONTEGRANDE,1994,10,-999.0,-999.0,-999.0
100090,MONTEGRANDE,1994,11,-999.0,-999.0,-999.0
100090,MONTEGRANDE,1994,12,4.1,-999.0,-999.0
100090,MONTEGRANDE,1995,1,2.3,-999.0,-999.0
100090,MONTEGRANDE,1995,2,13.3,-999.0,-999.0
100090,MONTEGRANDE,1995,3,0.0,-999.0,-999.0
100090,MONTEGRANDE,1995,4,0.0,-999.0,-999.0
100090,MONTEGRANDE,1995,5,5.0,-999.0,-999.0
100090,MONTEGRANDE,1995,6,0.0,-999.0,-999.0
100090,MONTEGRANDE,1995,7,0.0,-999.0,-999.0
100090,MONTEGRANDE,1995,8,0.0,-999.0,-999.0
100090,MONTEGRANDE,1995,9,0.0,-999.0,-999.0
100090,MONTEGRANDE,1995,10,0.0,-999.0,-999.0
100090,MONTEGRANDE,1995,11,0.0,-999.0,-999.0
100090,MONTEGRANDE,1995,12,11.0,-999.0,-999.0
100090,MONTEGRANDE,1996,1,7.9,-999.0,-999.0
100090,MONTEGRANDE,1996,2,14.1,-999.0,-999.0
100090,MONTEGRANDE,1996,3,21.4,-999.0,-999.0
100090,MONTEGRANDE,1996,4,0.0,-999.0,-999.0
100090,MONTEGRANDE,1996,5,1.2,-999.0,-999.0
100090,MONTEGRANDE,1996,6,0.0,-999.0,-999.0
100090,MONTEGRANDE,1996,7,0.0,-999.0,15.43
100090,MONTEGRANDE,1996,8,0.0,-999.0,15.39
100090,MONTEGRANDE,1996,9,0.9,-999.0,15.11
100090,MONTEGRANDE,1996,10,0.0,-999.0,-999.0
100090,MONTEGRANDE,1996,11,0.0,-999.0,-999.0
100090,MONTEGRANDE,1996,12,1.7,-999.0,-999.0
100090,MONTEGRANDE,1997,1,0.0,-999.0,-999.0
100090,MONTEGRANDE,1997,2,15.9,-999.0,17.95
100090,MONTEGRANDE,1997,3,0.0,-999.0,-999.0
100090,MONTEGRANDE,1997,4,15.7,-999.0,-999.0
100090,MONTEGRANDE,1997,5,0.0,-999.0,-999.0
100090,MONTEGRANDE,1997,6,0.0,-999.0,-999.0
100090,MONTEGRANDE,1997,7,0.0,29.15,-999.0
100090,MONTEGRANDE,1997,8,0.0,-999.0,-999.0
100090,MONTEGRANDE,1997,9,9.0,29.65,-999.0
100090,MONTEGRANDE,1997,10,2.4,29.89,17.38
100090,MONTEGRANDE,1997,11,10.4,30.12,18.25
100090,MONTEGRANDE,1997,12,113.5,30.37,-999.0
100090,MONTEGRANDE,1998,1,102.6,30.86,-999.0
100090,MONTEGRANDE,1998,2,328.4,31.2,-999.0
100090,MONTEGRANDE,1998,3,452.0,30.5,-999.0
100090,MONTEGRANDE,1998,4,9.9,29.88,-999.0
100090,MONTEGRANDE,1998,5,1.6,29.66,-999.0
100090,MONTEGRANDE,1998,6,0.0,28.28,17.01
100090,MONTEGRANDE,1998,7,0.0,27.74,16.56
100090,MONTEGRANDE,1998,8,0.0,26.74,15.71
100090,MONTEGRANDE,1998,9,0.0,27.13,15.99
100090,MONTEGRANDE,1998,10,2.8,27.5,16.58
100090,MONTEGRANDE,1998,11,0.0,28.33,16.97
100090,MONTEGRANDE,1998,12,0.0,28.13,17.29
100090,MONTEGRANDE,1999,1,17.0,28.84,18.37
100090,MONTEGRANDE,1999,2,84.1,29.67,-999.0
100090,MONTEGRANDE,1999,3,0.0,30.56,-999.0
100090,MONTEGRANDE,1999,4,12.0,29.3,-999.0
100090,MONTEGRANDE,1999,5,4.5,27.87,16.73
100090,MONTEGRANDE,1999,6,0.0,26.33,16.15
100090,MONTEGRANDE,1999,7,0.0,25.5,15.15
100090,MONTEGRANDE,1999,8,0.0,25.81,15.19
100090,MONTEGRANDE,1999,9,1.3,26.76,15.84
100090,MONTEGRANDE,1999,10,0.0,27.97,16.45
100090,MONTEGRANDE,1999,11,0.0,27.82,17.12
100090,MONTEGRANDE,1999,12,12.9,-999.0,17.91
100090,MONTEGRANDE,2000,1,0.0,28.89,18.12
100090,MONTEGRANDE,2000,2,7.5,29.6,18.39
100090,MONTEGRANDE,2000,3,24.9,30.0,-999.0
100090,MONTEGRANDE,2000,4,5.6,29.03,-999.0
100090,MONTEGRANDE,2000,5,15.0,27.45,-999.0
100090,MONTEGRANDE,2000,6,0.0,24.95,-999.0
100090,MONTEGRANDE,2000,7,0.0,24.68,-999.0
100090,MONTEGRANDE,2000,8,0.0,25.75,-999.0
100090,MONTEGRANDE,2000,9,0.0,26.83,-999.0
100090,MONTEGRANDE,2000,10,0.0,27.63,-999.0
100090,MONTEGRANDE,2000,11,0.0,27.52,-999.0
100090,MONTEGRANDE,2000,12,9.7,28.01,-999.0
100090,MONTEGRANDE,2001,1,3.8,29.3,-999.0
100090,MONTEGRANDE,2001,2,2.7,30.1,-999.0
100090,MONTEGRANDE,2001,3,167.2,29.29,-999.0
100090,MONTEGRANDE,2001,4,21.8,28.79,-999.0
100090,MONTEGRANDE,2001,5,0.0,27.29,-999.0
100090,MONTEGRANDE,2001,6,0.0,24.27,-999.0
100090,MONTEGRANDE,2001,7,0.0,25.12,-999.0
100090,MONTEGRANDE,2001,8,0.0,25.02,-999.0
100090,MONTEGRANDE,2001,9,7.2,26.07,-999.0
100090,MONTEGRANDE,2001,10,0.0,26.83,-999.0
100090,MONTEGRANDE,2001,11,0.0,27.59,-999.0
100090,MONTEGRANDE,2001,12,0.0,29.19,-999.0
100090,MONTEGRANDE,2002,1,0.0,30.6,-999.0
100090,MONTEGRANDE,2002,2,22.8,29.1,-999.0
100090,MONTEGRANDE,2002,3,39.7,30.0,-999.0
100090,MONTEGRANDE,2002,4,11.0,29.92,18.58
100090,MONTEGRANDE,2002,5,0.0,29.85,18.04
100090,MONTEGRANDE,2002,6,0.0,28.04,16.89
100090,MONTEGRANDE,2002,7,0.0,26.77,15.84
100090,MONTEGRANDE,2002,8,0.0,26.71,15.76
100090,MONTEGRANDE,2002,9,0.0,27.22,15.76
100090,MONTEGRANDE,2002,10,0.0,27.35,16.55
100090,MONTEGRANDE,2002,11,2.0,27.67,16.68
100090,MONTEGRANDE,2002,12,0.0,28.12,18.05
100090,MONTEGRANDE,2003,1,0.0,29.05,18.95
100090,MONTEGRANDE,2003,2,6.5,29.18,19.14
100090,MONTEGRANDE,2003,3,0.0,30.19,17.55
100090,MONTEGRANDE,2003,4,0.0,29.6,18.18
100090,MONTEGRANDE,2003,5,0.0,28.12,17.08
100090,MONTEGRANDE,2003,6,0.0,26.57,16.21
100090,MONTEGRANDE,2003,7,0.0,-999.0,15.48
100090,MONTEGRANDE,2003,8,0.0,25.79,15.32
100090,MONTEGRANDE,2003,9,0.0,25.81,15.15
100090,MONTEGRANDE,2003,10,0.0,27.29,16.23
100090,MONTEGRANDE,2003,11,0.0,27.52,-999.0
100090,MONTEGRANDE,2003,12,8.6,29.43,-999.0
100090,MONTEGRANDE,2004,1,0.0,29.95,-999.0
100090,MONTEGRANDE,2004,2,7.6,30.03,-999.0
100090,MONTEGRANDE,2004,3,0.0,31.26,-999.0
100090,MONTEGRANDE,2004,4,0.0,30.12,-999.0
100090,MONTEGRANDE,2004,5,0.0,27.85,-999.0
100090,MONTEGRANDE,2004,6,0.0,25.58,-999.0
100090,MONTEGRANDE,2004,7,0.0,25.47,-999.0
100090,MONTEGRANDE,2004,8,0.0,25.76,-999.0
100090,MONTEGRANDE,2004,9,0.0,26.67,-999.0
100090,MONTEGRANDE,2004,10,0.0,27.42,-999.0
100090,MONTEGRANDE,2004,11,0.0,28.03,-999.0
100090,MONTEGRANDE,2004,12,0.0,29.58,-999.0
100090,MONTEGRANDE,2005,1,2.9,30.13,-999.0
100090,MONTEGRANDE,2005,2,8.3,30.25,-999.0
100090,MONTEGRANDE,2005,3,20.0,29.6,-999.0
100090,MONTEGRANDE,2005,4,0.0,30.62,-999.0
100090,MONTEGRANDE,2005,5,0.0,26.63,-999.0
100090,MONTEGRANDE,2005,6,0.0,25.87,-999.0
100090,MONTEGRANDE,2005,7,0.0,24.82,-999.0
100090,MONTEGRANDE,2005,8,0.0,25.63,-999.0
100090,MONTEGRANDE,2005,9,0.0,25.54,-999.0
100090,MONTEGRANDE,2005,10,0.0,26.2,-999.0
100090,MONTEGRANDE,2005,11,0.0,26.58,-999.0
100090,MONTEGRANDE,2005,12,0.0,28.4,-999.0
100090,MONTEGRANDE,2006,1,12.5,29.97,-999.0
100090,MONTEGRANDE,2006,2,19.3,30.06,-999.0
100090,MONTEGRANDE,2006,3,30.6,29.69,-999.0
100090,MONTEGRANDE,2006,4,0.0,29.38,-999.0
100090,MONTEGRANDE,2006,5,0.0,28.13,-999.0
100090,MONTEGRANDE,2006,6,0.0,25.72,-999.0
100090,MONTEGRANDE,2006,7,0.0,25.52,-999.0
100090,MONTEGRANDE,2006,8,0.0,26.03,-999.0
100090,MONTEGRANDE,2006,9,0.0,26.43,-999.0
100090,MONTEGRANDE,2006,10,0.0,27.08,-999.0
100090,MONTEGRANDE,2006,11,1.9,28.05,-999.0
100090,MONTEGRANDE,2006,12,15.4,28.55,-999.0
100090,MONTEGRANDE,2007,1,2.9,29.84,-999.0
100090,MONTEGRANDE,2007,2,0.0,30.34,-999.0
100090,MONTEGRANDE,2007,3,17.1,29.9,-999.0
100090,MONTEGRANDE,2007,4,0.0,29.83,-999.0
100090,MONTEGRANDE,2007,5,0.0,27.37,-999.0
100090,MONTEGRANDE,2007,6,0.0,25.5,-999.0
100090,MONTEGRANDE,2007,7,0.0,25.19,-999.0
100090,MONTEGRANDE,2007,8,0.0,24.84,-999.0
100090,MONTEGRANDE,2007,9,0.0,25.47,-999.0
100090,MONTEGRANDE,2007,10,0.0,25.06,-999.0
100090,MONTEGRANDE,2007,11,0.0,26.38,-999.0
100090,MONTEGRANDE,2007,12,0.0,27.71,-999.0
100090,MONTEGRANDE,2008,1,6.2,28.26,-999.0
100090,MONTEGRANDE,2008,2,71.7,29.41,-999.0
100090,MONTEGRANDE,2008,3,21.6,29.11,-999.0
100090,MONTEGRANDE,2008,4,24.1,28.37,-999.0
100090,MONTEGRANDE,2008,5,0.0,26.69,-999.0
100090,MONTEGRANDE,2008,6,0.0,25.33,-999.0
100090,MONTEGRANDE,2008,7,0.0,24.96,-999.0
100090,MONTEGRANDE,2008,8,0.0,24.97,-999.0
100090,MONTEGRANDE,2008,9,0.0,25.93,-999.0
100090,MONTEGRANDE,2008,10,0.0,26.39,-999.0
100090,MONTEGRANDE,2008,11,0.0,26.78,-999.0
100090,MONTEGRANDE,2008,12,0.0,28.15,-999.0
100090,MONTEGRANDE,2009,1,69.1,28.64,-999.0
100090,MONTEGRANDE,2009,2,8.5,29.29,-999.0
100090,MONTEGRANDE,2009,3,0.0,29.55,-999.0
100090,MONTEGRANDE,2009,4,0.0,29.22,-999.0
100090,MONTEGRANDE,2009,5,0.0,27.89,-999.0
100090,MONTEGRANDE,2009,6,0.0,25.47,-999.0
100090,MONTEGRANDE,2009,7,0.0,24.73,14.75
100090,MONTEGRANDE,2009,8,0.0,25.56,14.7
100090,MONTEGRANDE,2009,9,0.0,26.02,14.85
100090,MONTEGRANDE,2009,10,0.0,26.84,16.0
100090,MONTEGRANDE,2009,11,0.2,27.03,16.84
100090,MONTEGRANDE,2009,12,0.0,28.46,17.6
100090,MONTEGRANDE,2010,1,0.0,28.57,17.63
100090,MONTEGRANDE,2010,2,19.6,29.74,-999.0
100090,MONTEGRANDE,2010,3,5.4,29.98,-999.0
100090,MONTEGRANDE,2010,4,0.0,29.69,-999.0
100090,MONTEGRANDE,2010,5,0.0,27.58,-999.0
100090,MONTEGRANDE,2010,6,0.0,25.68,15.42
100090,MONTEGRANDE,2010,7,-999.0,-999.0,-999.0
100090,MONTEGRANDE,2010,8,0.0,24.79,14.69
100090,MONTEGRANDE,2010,9,0.0,25.42,15.53
100090,MONTEGRANDE,2010,10,0.0,25.87,15.75
100090,MONTEGRANDE,2010,11,0.0,26.55,16.37
100090,MONTEGRANDE,2010,12,0.0,27.97,17.87
100090,MONTEGRANDE,2011,1,4.6,29.13,18.47
100090,MONTEGRANDE,2011,2,3.0,29.67,18.51
100090,MONTEGRANDE,2011,3,2.8,29.79,18.52
100090,MONTEGRANDE,2011,4,8.1,29.09,18.44
100090,MONTEGRANDE,2011,5,0.0,27.27,17.36
100090,MONTEGRANDE,2011,6,0.0,26.25,16.42
100090,MONTEGRANDE,2011,7,0.0,25.1,15.07
100090,MONTEGRANDE,2011,8,0.0,24.66,14.89
100090,MONTEGRANDE,2011,9,0.0,26.4,15.55
100090,MONTEGRANDE,2011,10,0.0,26.39,15.34
100090,MONTEGRANDE,2011,11,0.0,27.86,16.31
100090,MONTEGRANDE,2011,12,15.0,28.4,17.53
100090,MONTEGRANDE,2012,1,1.8,29.35,17.85
100090,MONTEGRANDE,2012,2,34.0,29.9,-999.0
100090,MONTEGRANDE,2012,3,28.3,29.91,-999.0
100090,MONTEGRANDE,2012,4,6.5,30.38,18.36
100090,MONTEGRANDE,2012,5,0.0,28.97,17.8
100090,MONTEGRANDE,2012,6,0.0,27.55,17.36
100090,MONTEGRANDE,2012,7,0.0,-999.0,16.86
100090,MONTEGRANDE,2012,8,0.0,25.8,15.65
100090,MONTEGRANDE,2012,9,0.0,26.42,15.87
100090,MONTEGRANDE,2012,10,0.0,26.67,16.1
100090,MONTEGRANDE,2012,11,2.2,27.86,17.04
100090,MONTEGRANDE,2012,12,4.0,28.6,17.76
100090,MONTEGRANDE,2013,1,0.0,29.27,18.15
100090,MONTEGRANDE,2013,2,4.2,29.73,-999.0
100090,MONTEGRANDE,2013,3,71.3,28.59,-999.0
100090,MONTEGRANDE,2013,4,0.0,28.54,-999.0
100090,MONTEGRANDE,2013,5,5.2,26.77,16.73
100090,MONTEGRANDE,2013,6,0.0,24.97,16.04
100090,MONTEGRANDE,2013,7,0.0,25.02,15.23
100090,MONTEGRANDE,2013,8,0.0,25.16,14.98
100090,MONTEGRANDE,2013,9,0.0,25.81,15.56
100090,MONTEGRANDE,2013,10,0.0,26.51,15.98
100090,MONTEGRANDE,2013,11,0.0,26.61,16.42
100090,MONTEGRANDE,2013,12,0.0,28.76,18.39
100090,MONTEGRANDE,2014,1,0.0,29.12,18.81
100090,MONTEGRANDE,2014,2,0.0,30.27,19.96
100090,MONTEGRANDE,2014,3,6.5,30.7,19.89
100090,MONTEGRANDE,2014,4,0.0,29.77,19.87
100090,MONTEGRANDE,2014,5,0.0,28.59,19.8
100090,MONTEGRANDE,2014,6,0.0,27.74,19.11
100090,MONTEGRANDE,2014,7,0.0,26.48,16.88
100090,MONTEGRANDE,2014,8,0.0,26.11,15.75
100090,MONTEGRANDE,2014,9,0.0,27.06,16.13
100090,MONTEGRANDE,2014,10,0.0,27.87,17.1
100090,MONTEGRANDE,2014,11,0.0,27.83,17.54
100090,MONTEGRANDE,2014,12,2.5,29.3,18.36
100090,MONTEGRANDE,2015,1,6.0,29.59,-999.0
100090,MONTEGRANDE,2015,2,10.4,30.27,-999.0
100090,MONTEGRANDE,2015,3,73.5,30.49,-999.0
100090,MONTEGRANDE,2015,4,4.1,30.13,-999.0
100090,MONTEGRANDE,2015,5,0.0,28.76,-999.0
100090,MONTEGRANDE,2015,6,0.0,27.36,-999.0
100090,MONTEGRANDE,2015,7,0.0,27.04,-999.0
100090,MONTEGRANDE,2015,8,0.0,26.46,15.3
100090,MONTEGRANDE,2015,9,0.0,27.99,16.72
100090,MONTEGRANDE,2015,10,0.0,28.56,17.5
100090,MONTEGRANDE,2015,11,1.0,28.44,17.33
100090,MONTEGRANDE,2015,12,4.4,29.44,-999.0
100090,MONTEGRANDE,2016,1,7.3,29.85,-999.0
100090,MONTEGRANDE,2016,2,78.2,29.83,-999.0
100090,MONTEGRANDE,2016,3,12.6,31.6,-999.0
100090,MONTEGRANDE,2016,4,4.0,30.25,-999.0
100090,MONTEGRANDE,2016,5,0.0,29.39,-999.0
100090,MONTEGRANDE,2016,6,0.0,27.6,-999.0
100090,MONTEGRANDE,2016,7,0.0,26.66,-999.0
100090,MONTEGRANDE,2016,8,0.0,26.91,-999.0
100090,MONTEGRANDE,2016,9,0.0,27.79,-999.0
100090,MONTEGRANDE,2016,10,0.0,27.65,-999.0
100090,MONTEGRANDE,2016,11,0.0,28.69,-999.0
100090,MONTEGRANDE,2016,12,0.0,29.6,-999.0
100090,MONTEGRANDE,2017,1,68.4,31.3,-999.0
100090,MONTEGRANDE,2017,2,176.0,29.91,-999.0
100090,MONTEGRANDE,2017,3,498.7,28.86,-999.0
100090,MONTEGRANDE,2017,4,0.0,29.17,-999.0
100090,MONTEGRANDE,2017,5,0.0,28.9,-999.0
100090,MONTEGRANDE,2017,6,0.0,26.54,-999.0
100090,MONTEGRANDE,2017,7,0.0,25.77,-999.0
100090,MONTEGRANDE,2017,8,0.0,26.53,-999.0
100090,MONTEGRANDE,2017,9,0.0,26.65,15.66
100090,MONTEGRANDE,2017,10,5.0,26.99,16.94
100090,MONTEGRANDE,2017,11,0.0,26.63,16.13
100090,MONTEGRANDE,2017,12,0.0,28.94,18.08
100090,MONTEGRANDE,2018,1,3.7,30.1,19.03
100090,MONTEGRANDE,2018,2,9.4,29.85,19.21
100090,MONTEGRANDE,2018,3,-999.0,-999.0,-999.0
100090,MONTEGRANDE,2018,4,-999.0,-999.0,-999.0
100090,MONTEGRANDE,2018,5,-999.0,-999.0,-999.0
100090,MONTEGRANDE,2018,6,-999.0,-999.0,-999.0
100090,MONTEGRANDE,2018,7,-999.0,-999.0,-999.0
100090,MONTEGRANDE,2018,8,-999.0,-999.0,-999.0
100090,MONTEGRANDE,2018,9,0.0,27.02,-999.0
100090,MONTEGRANDE,2018,10,5.7,28.27,15.59
100090,MONTEGRANDE,2018,11,0.0,28.39,17.65
100090,MONTEGRANDE,2018,12,6.2,28.99,18.7
100090,MONTEGRANDE,2019,1,7.3,29.81,19.3
100090,MONTEGRANDE,2019,2,32.0,29.95,20.14
100090,MONTEGRANDE,2019,3,10.1,31.19,20.51
100090,MONTEGRANDE,2019,4,6.4,30.9,19.84
100090,MONTEGRANDE,2019,5,0.0,29.08,18.81
100090,MONTEGRANDE,2019,6,0.2,27.45,16.57
100090,MONTEGRANDE,2019,7,0.0,25.29,15.05
100090,MONTEGRANDE,2019,8,0.0,26.37,14.45
100090,MONTEGRANDE,2019,9,1.0,26.94,15.17
100090,MONTEGRANDE,2019,10,1.1,27.66,15.33
100090,MONTEGRANDE,2019,11,1.0,28.32,16.27
100090,MONTEGRANDE,2019,12,16.5,-999.0,18.02
100090,MONTEGRANDE,2020,1,0.0,30.94,19.31
100090,MONTEGRANDE,2020,2,1.8,31.58,19.63
100090,MONTEGRANDE,2020,3,0.0,32.19,-999.0
100090,MONTEGRANDE,2020,4,5.4,31.17,18.89
100090,MONTEGRANDE,2020,5,1.0,29.81,-999.0
100090,MONTEGRANDE,2020,6,0.0,28.19,-999.0
100090,MONTEGRANDE,2020,7,0.0,26.31,15.21
100090,MONTEGRANDE,2020,8,0.0,26.35,15.63
100090,MONTEGRANDE,2020,9,0.8,27.11,15.46
100090,MONTEGRANDE,2020,10,1.6,29.23,16.14
100090,MONTEGRANDE,2020,11,1.5,28.42,16.25
100090,MONTEGRANDE,2020,12,4.6,30.06,17.61
100090,MONTEGRANDE,2021,1,12.8,30.55,18.88
100090,MONTEGRANDE,2021,2,0.0,31.22,20.35
100090,MONTEGRANDE,2021,3,51.4,31.01,19.22
100090,MONTEGRANDE,2021,4,8.4,30.29,17.85
100090,MONTEGRANDE,2021,5,0.8,29.22,16.23
100090,MONTEGRANDE,2021,6,0.0,-999.0,16.32
100090,MONTEGRANDE,2021,7,0.1,27.27,15.64
100090,MONTEGRANDE,2021,8,1.8,28.02,14.6
100090,MONTEGRANDE,2021,9,0.9,28.38,14.53
100090,MONTEGRANDE,2021,10,17.5,-999.0,14.36
100090,MONTEGRANDE,2021,11,0.0,-999.0,14.17
100090,MONTEGRANDE,2021,12,2.8,-999.0,-999.0
100090,MONTEGRANDE,2022,1,6.1,-999.0,-999.0
100090,MONTEGRANDE,2022,2,9.7,-999.0,-999.0
100090,MONTEGRANDE,2022,3,14.1,-999.0,-999.0
100090,MONTEGRANDE,2022,4,10.9,-999.0,-999.0
100090,MONTEGRANDE,2022,5,1.0,-999.0,15.11
100090,MONTEGRANDE,2022,6,0.0,-999.0,13.98
100090,MONTEGRANDE,2022,7,0.0,-999.0,13.17
100090,MONTEGRANDE,2022,8,0.8,-999.0,-999.0
100090,MONTEGRANDE,2022,9,1.1,-999.0,-999.0
100090,MONTEGRANDE,2022,10,0.0,-999.0,-999.0
100090,MONTEGRANDE,2022,11,0.0,-999.0,-999.0
100090,MONTEGRANDE,2022,12,4.3,-999.0,-999.0
100090,MONTEGRANDE,2023,1,7.3,-999.0,-999.0
100090,MONTEGRANDE,2023,2,73.0,-999.0,-999.0
100090,MONTEGRANDE,2023,3,264.3,32.41,-999.0
100090,MONTEGRANDE,2023,4,135.6,-999.0,-999.0
100090,MONTEGRANDE,2023,5,1.6,30.53,-999.0
100090,MONTEGRANDE,2023,6,0.0,29.66,-999.0
100090,MONTEGRANDE,2023,7,0.0,29.08,-999.0
100090,MONTEGRANDE,2023,8,0.0,29.09,-999.0
100090,MONTEGRANDE,2023,9,0.0,30.08,-999.0
100090,MONTEGRANDE,2023,10,13.0,30.69,-999.0
100090,MONTEGRANDE,2023,11,7.4,30.19,-999.0
100090,MONTEGRANDE,2023,12,-999.0,30.82,-999.0
100090,MONTEGRANDE,2024,1,-999.0,-999.0,-999.0
100090,MONTEGRANDE,2024,2,-999.0,-999.0,-999.0
100090,MONTEGRANDE,2024,3,0.0,32.39,-999.0
100090,MONTEGRANDE,2024,4,0.0,32.09,-999.0
100090,MONTEGRANDE,2024,5,0.0,-999.0,18.58
100090,MONTEGRANDE,2024,6,0.0,29.82,16.94
100090,MONTEGRANDE,2024,7,0.0,28.43,15.76
100090,MONTEGRANDE,2024,8,0.0,27.5,15.2
100090,MONTEGRANDE,2024,9,4.0,27.58,16.06
100090,MONTEGRANDE,2024,10,0.0,28.9,16.95
100090,MONTEGRANDE,2024,11,0.0,28.9,17.01
100090,MONTEGRANDE,2024,12,6.3,30.85,19.21
100090,MONTEGRANDE,2025,1,-999.0,-999.0,-999.0
100090,MONTEGRANDE,2025,2,-999.0,-999.0,-999.0
100090,MONTEGRANDE,2025,3,-999.0,-999.0,-999.0
100090,MONTEGRANDE,2025,4,-999.0,30.5,19.51
100090,MONTEGRANDE,2025,5,0.0,30.03,18.72
100090,MONTEGRANDE,2025,6,0.0,28.94,18.18
100090,MONTEGRANDE,2025,7,0.0,27.65,16.73
100090,MONTEGRANDE,2025,8,0.0,26.73,16.43
100090,MONTEGRANDE,2025,9,0.0,27.18,16.8
100090,MONTEGRANDE,2025,10,0.0,28.02,17.74
100090,MONTEGRANDE,2025,11,0.0,29.07,18.3
100090,MONTEGRANDE,2025,12,0.0,28.99,18.76
