CODIGO,ESTACION,YEAR,MONTH,PP,TMAX,TMIN
100030,CHONTACHACA,1990,1,-999.0,-999.0,-999.0
100030,CHONTACHACA,1990,2,-999.0,-999.0,-999.0
100030,CHONTACHACA,1990,3,-999.0,-999.0,-999.0
100030,CHONTACHACA,1990,4,-999.0,-999.0,-999.0
100030,CHONTACHACA,1990,5,-999.0,-999.0,-999.0
100030,CHONTACHACA,1990,6,-999.0,-999.0,-999.0
100030,CHONTACHACA,1990,7,-999.0,-999.0,-999.0
100030,CHONTACHACA,1990,8,-999.0,-999.0,-999.0
100030,CHONTACHACA,1990,9,-999.0,-999.0,-999.0
100030,CHONTACHACA,1990,10,-999.0,-999.0,-999.0
100030,CHONTACHACA,1990,11,-999.0,-999.0,-999.0
100030,CHONTACHACA,1990,12,-999.0,-999.0,-999.0
100030,CHONTACHACA,1991,1,-999.0,-999.0,-999.0
100030,CHONTACHACA,1991,2,-999.0,-999.0,-999.0
100030,CHONTACHACA,1991,3,-999.0,-999.0,-999.0
100030,CHONTACHACA,1991,4,-999.0,-999.0,-999.0
100030,CHONTACHACA,1991,5,-999.0,-999.0,-999.0
100030,CHONTACHACA,1991,6,-999.0,-999.0,-999.0
100030,CHONTACHACA,1991,7,-999.0,-999.0,-999.0
100030,CHONTACHACA,1991,8,-999.0,-999.0,-999.0
100030,CHONTACHACA,1991,9,-999.0,-999.0,-999.0
100030,CHONTACHACA,1991,10,-999.0,-999.0,-999.0
100030,CHONTACHACA,1991,11,-999.0,-999.0,-999.0
100030,CHONTACHACA,1991,12,-999.0,-999.0,-999.0
100030,CHONTACHACA,1992,1,-999.0,-999.0,-999.0
100030,CHONTACHACA,1992,2,-999.0,-999.0,-999.0
100030,CHONTACHACA,1992,3,-999.0,-999.0,-999.0
100030,CHONTACHACA,1992,4,-999.0,-999.0,-999.0
100030,CHONTACHACA,1992,5,-999.0,-999.0,-999.0
100030,CHONTACHACA,1992,6,-999.0,-999.0,-999.0
100030,CHONTACHACA,1992,7,-999.0,-999.0,-999.0
100030,CHONTACHACA,1992,8,-999.0,-999.0,-999.0
100030,CHONTACHACA,1992,9,-999.0,-999.0,-999.0
100030,CHONTACHACA,1992,10,-999.0,-999.0,-999.0
100030,CHONTACHACA,1992,11,-999.0,-999.0,-999.0
100030,CHONTACHACA,1992,12,-999.0,-999.0,-999.0
100030,CHONTACHACA,1993,1,-999.0,-999.0,-999.0
100030,CHONTACHACA,1993,2,-999.0,-999.0,-999.0
100030,CHONTACHACA,1993,3,-999.0,-999.0,-999.0
100030,CHONTACHACA,1993,4,-999.0,-999.0,-999.0
100030,CHONTACHACA,1993,5,-999.0,-999.0,-999.0
100030,CHONTACHACA,1993,6,-999.0,-999.0,-999.0
100030,CHONTACHACA,1993,7,-999.0,-999.0,-999.0
100030,CHONTACHACA,1993,8,-999.0,-999.0,-999.0
100030,CHONTACHACA,1993,9,-999.0,-999.0,-999.0
100030,CHONTACHACA,1993,10,-999.0,-999.0,-999.0
100030,CHONTACHACA,1993,11,-999.0,-999.0,-999.0
100030,CHONTACHACA,1993,12,-999.0,-999.0,-999.0
100030,CHONTACHACA,1994,1,-999.0,-999.0,-999.0
100030,CHONTACHACA,1994,2,-999.0,-999.0,-999.0
100030,CHONTACHACA,1994,3,-999.0,-999.0,-999.0
100030,CHONTACHACA,1994,4,-999.0,-999.0,-999.0
100030,CHONTACHACA,1994,5,-999.0,-999.0,-999.0
100030,CHONTACHACA,1994,6,-999.0,-999.0,-999.0
100030,CHONTACHACA,1994,7,-999.0,-999.0,-999.0
100030,CHONTACHACA,1994,8,-999.0,-999.0,-999.0
100030,CHONTACHACA,1994,9,-999.0,-999.0,-999.0
100030,CHONTACHACA,1994,10,-999.0,-999.0,-999.0
100030,CHONTACHACA,1994,11,-999.0,-999.0,-999.0
100030,CHONTACHACA,1994,12,-999.0,-999.0,-999.0
100030,CHONTACHACA,1995,1,-999.0,-999.0,-999.0
100030,CHONTACHACA,1995,2,-999.0,-999.0,-999.0
100030,CHONTACHACA,1995,3,-999.0,-999.0,-999.0
100030,CHONTACHACA,1995,4,-999.0,-999.0,-999.0
100030,CHONTACHACA,1995,5,-999.0,-999.0,-999.0
100030,CHONTACHACA,1995,6,-999.0,-999.0,-999.0
100030,CHONTACHACA,1995,7,-999.0,-999.0,-999.0
100030,CHONTACHACA,1995,8,-999.0,-999.0,-999.0
100030,CHONTACHACA,1995,9,-999.0,-999.0,-999.0
100030,CHONTACHACA,1995,10,-999.0,-999.0,-999.0
100030,CHONTACHACA,1995,11,-999.0,-999.0,-999.0
100030,CHONTACHACA,1995,12,-999.0,-999.0,-999.0
100030,CHONTACHACA,1996,1,-999.0,-999.0,-999.0
100030,CHONTACHACA,1996,2,-999.0,-999.0,-999.0
100030,CHONTACHACA,1996,3,-999.0,-999.0,-999.0
100030,CHONTACHACA,1996,4,-999.0,-999.0,-999.0
100030,CHONTACHACA,1996,5,-999.0,-999.0,-999.0
100030,CHONTACHACA,1996,6,-999.0,-999.0,-999.0
100030,CHONTACHACA,1996,7,-999.0,-999.0,-999.0
100030,CHONTACHACA,1996,8,-999.0,-999.0,-999.0
100030,CHONTACHACA,1996,9,-999.0,-999.0,-999.0
100030,CHONTACHACA,1996,10,-999.0,-999.0,-999.0
100030,CHONTACHACA,1996,11,-999.0,-999.0,-999.0
100030,CHONTACHACA,1996,12,-999.0,-999.0,-999.0
100030,CHONTACHACA,1997,1,-999.0,-999.0,-999.0
100030,CHONTACHACA,1997,2,-999.0,-999.0,-999.0
100030,CHONTACHACA,1997,3,-999.0,-999.0,-999.0
100030,CHONTACHACA,1997,4,-999.0,-999.0,-999.0
100030,CHONTACHACA,1997,5,-999.0,-999.0,-999.0
100030,CHONTACHACA,1997,6,-999.0,-999.0,-999.0
100030,CHONTACHACA,1997,7,-999.0,-999.0,-999.0
100030,CHONTACHACA,1997,8,-999.0,-999.0,-999.0
100030,CHONTACHACA,1997,9,-999.0,-999.0,-999.0
100030,CHONTACHACA,1997,10,-999.0,-999.0,-999.0
100030,CHONTACHACA,1997,11,-999.0,-999.0,-999.0
100030,CHONTACHACA,1997,12,-999.0,-999.0,-999.0
100030,CHONTACHACA,1998,1,-999.0,-999.0,-999.0
100030,CHONTACHACA,1998,2,-999.0,-999.0,-999.0
100030,CHONTACHACA,1998,3,-999.0,-999.0,-999.0
100030,CHONTACHACA,1998,4,-999.0,-999.0,-999.0
100030,CHONTACHACA,1998,5,-999.0,-999.0,-999.0
100030,CHONTACHACA,1998,6,-999.0,-999.0,-999.0
100030,CHONTACHACA,1998,7,-999.0,-999.0,-999.0
100030,CHONTACHACA,1998,8,-999.0,-999.0,-999.0
100030,CHONTACHACA,1998,9,-999.0,-999.0,-999.0
100030,CHONTACHACA,1998,10,-999.0,-999.0,-999.0
100030,CHONTACHACA,1998,11,-999.0,-999.0,-999.0
100030,CHONTACHACA,1998,12,-999.0,-999.0,-999.0
100030,CHONTACHACA,1999,1,-999.0,-999.0,-999.0
100030,CHONTACHACA,1999,2,-999.0,-999.0,-999.0
100030,CHONTACHACA,1999,3,-999.0,-999.0,-999.0
100030,CHONTACHACA,1999,4,-999.0,-999.0,-999.0
100030,CHONTACHACA,1999,5,-999.0,-999.0,-999.0
100030,CHONTACHACA,1999,6,-999.0,-999.0,-999.0
100030,CHONTACHACA,1999,7,-999.0,-999.0,-999.0
100030,CHONTACHACA,1999,8,-999.0,-999.0,-999.0
100030,CHONTACHACA,1999,9,-999.0,-999.0,-999.0
100030,CHONTACHACA,1999,10,-999.0,-999.0,-999.0
100030,CHONTACHACA,1999,11,-999.0,-999.0,-999.0
100030,CHONTACHACA,1999,12,-999.0,-999.0,-999.0
100030,CHONTACHACA,2000,1,-999.0,-999.0,-999.0
100030,CHONTACHACA,2000,2,500.9,27.28,18.56
100030,CHONTACHACA,2000,3,508.3,26.47,18.56
100030,CHONTACHACA,2000,4,389.0,27.92,17.79
100030,CHONTACHACA,2000,5,467.7,25.77,17.08
100030,CHONTACHACA,2000,6,356.0,24.89,15.92
100030,CHONTACHACA,2000,7,179.3,24.64,13.67
100030,CHONTACHACA,2000,8,484.6,26.74,16.57
100030,CHONTACHACA,2000,9,496.7,27.0,16.79
100030,CHONTACHACA,2000,10,530.7,28.63,17.51
100030,CHONTACHACA,2000,11,433.1,27.25,18.31
100030,CHONTACHACA,2000,12,513.0,27.78,18.51
100030,CHONTACHACA,2001,1,803.0,25.73,18.2
100030,CHONTACHACA,2001,2,556.2,26.56,18.81
100030,CHONTACHACA,2001,3,624.0,26.9,18.36
100030,CHONTACHACA,2001,4,479.2,27.96,17.84
100030,CHONTACHACA,2001,5,214.3,25.33,16.88
100030,CHONTACHACA,2001,6,252.1,24.71,15.19
100030,CHONTACHACA,2001,7,282.3,25.52,16.06
100030,CHONTACHACA,2001,8,159.9,27.68,15.74
100030,CHONTACHACA,2001,9,297.0,28.12,16.69
100030,CHONTACHACA,2001,10,492.6,28.02,17.64
100030,CHONTACHACA,2001,11,530.5,27.36,18.88
100030,CHONTACHACA,2001,12,500.2,27.95,18.18
100030,CHONTACHACA,2002,1,455.0,27.9,18.58
100030,CHONTACHACA,2002,2,649.8,26.97,18.72
100030,CHONTACHACA,2002,3,813.9,27.48,18.62
100030,CHONTACHACA,2002,4,500.7,27.45,18.02
100030,CHONTACHACA,2002,5,456.5,27.84,17.57
100030,CHONTACHACA,2002,6,342.3,24.97,16.48
100030,CHONTACHACA,2002,7,431.0,25.2,14.97
100030,CHONTACHACA,2002,8,157.5,27.81,15.96
100030,CHONTACHACA,2002,9,283.9,27.05,16.42
100030,CHONTACHACA,2002,10,431.5,28.75,17.71
100030,CHONTACHACA,2002,11,401.9,27.82,17.57
100030,CHONTACHACA,2002,12,722.0,27.33,19.03
100030,CHONTACHACA,2003,1,527.0,27.23,19.19
100030,CHONTACHACA,2003,2,885.9,27.14,19.14
100030,CHONTACHACA,2003,3,679.8,27.5,18.88
100030,CHONTACHACA,2003,4,-999.0,-999.0,-999.0
100030,CHONTACHACA,2003,5,-999.0,-999.0,-999.0
100030,CHONTACHACA,2003,6,-999.0,-999.0,-999.0
100030,CHONTACHACA,2003,7,-999.0,-999.0,-999.0
100030,CHONTACHACA,2003,8,-999.0,-999.0,-999.0
100030,CHONTACHACA,2003,9,-999.0,-999.0,-999.0
100030,CHONTACHACA,2003,10,-999.0,-999.0,-999.0
100030,CHONTACHACA,2003,11,-999.0,-999.0,-999.0
100030,CHONTACHACA,2003,12,-999.0,-999.0,-999.0
100030,CHONTACHACA,2004,1,-999.0,-999.0,-999.0
100030,CHONTACHACA,2004,2,-999.0,-999.0,-999.0
100030,CHONTACHACA,2004,3,-999.0,-999.0,-999.0
100030,CHONTACHACA,2004,4,-999.0,-999.0,-999.0
100030,CHONTACHACA,2004,5,-999.0,-999.0,-999.0
100030,CHONTACHACA,2004,6,-999.0,-999.0,-999.0
100030,CHONTACHACA,2004,7,-999.0,-999.0,-999.0
100030,CHONTACHACA,2004,8,-999.0,-999.0,-999.0
100030,CHONTACHACA,2004,9,-999.0,-999.0,-999.0
100030,CHONTACHACA,2004,10,-999.0,-999.0,-999.0
100030,CHONTACHACA,2004,11,-999.0,-999.0,-999.0
100030,CHONTACHACA,2004,12,-999.0,-999.0,-999.0
100030,CHONTACHACA,2005,1,-999.0,-999.0,-999.0
100030,CHONTACHACA,2005,2,-999.0,-999.0,-999.0
100030,CHONTACHACA,2005,3,-999.0,-999.0,-999.0
100030,CHONTACHACA,2005,4,633.7,26.71,17.81
100030,CHONTACHACA,2005,5,574.9,27.31,17.54
100030,CHONTACHACA,2005,6,397.5,26.03,17.05
100030,CHONTACHACA,2005,7,112.7,24.28,14.44
100030,CHONTACHACA,2005,8,330.2,27.19,16.03
100030,CHONTACHACA,2005,9,303.6,25.89,15.33
100030,CHONTACHACA,2005,10,554.7,27.54,16.86
100030,CHONTACHACA,2005,11,524.4,27.54,18.19
100030,CHONTACHACA,2005,12,437.8,28.01,18.88
100030,CHONTACHACA,2006,1,735.6,27.04,18.65
100030,CHONTACHACA,2006,2,371.3,27.5,18.36
100030,CHONTACHACA,2006,3,729.1,28.03,19.16
100030,CHONTACHACA,2006,4,465.0,26.83,18.04
100030,CHONTACHACA,2006,5,170.9,25.33,15.24
100030,CHONTACHACA,2006,6,337.1,26.05,16.55
100030,CHONTACHACA,2006,7,116.1,26.46,15.07
100030,CHONTACHACA,2006,8,261.0,27.02,16.21
100030,CHONTACHACA,2006,9,245.3,26.43,16.63
100030,CHONTACHACA,2006,10,370.7,27.09,17.92
100030,CHONTACHACA,2006,11,379.5,26.36,17.32
100030,CHONTACHACA,2006,12,610.9,26.23,18.8
100030,CHONTACHACA,2007,1,756.2,26.82,19.39
100030,CHONTACHACA,2007,2,492.1,27.52,19.1
100030,CHONTACHACA,2007,3,432.6,25.5,16.9
100030,CHONTACHACA,2007,4,597.6,27.92,17.47
100030,CHONTACHACA,2007,5,291.5,25.67,16.69
100030,CHONTACHACA,2007,6,436.4,26.51,15.92
100030,CHONTACHACA,2007,7,364.6,26.1,15.03
100030,CHONTACHACA,2007,8,276.9,25.86,14.83
100030,CHONTACHACA,2007,9,210.7,28.68,15.99
100030,CHONTACHACA,2007,10,557.4,27.26,16.89
100030,CHONTACHACA,2007,11,341.5,27.22,17.49
100030,CHONTACHACA,2007,12,460.7,27.1,17.96
100030,CHONTACHACA,2008,1,670.7,27.54,18.81
100030,CHONTACHACA,2008,2,462.9,26.24,17.28
100030,CHONTACHACA,2008,3,716.8,27.3,18.04
100030,CHONTACHACA,2008,4,312.6,27.16,16.74
100030,CHONTACHACA,2008,5,341.2,25.83,16.27
100030,CHONTACHACA,2008,6,307.4,23.9,14.85
100030,CHONTACHACA,2008,7,250.9,26.83,16.59
100030,CHONTACHACA,2008,8,147.4,27.6,16.68
100030,CHONTACHACA,2008,9,409.1,27.42,16.11
100030,CHONTACHACA,2008,10,577.7,27.7,17.69
100030,CHONTACHACA,2008,11,347.1,28.79,18.36
100030,CHONTACHACA,2008,12,611.8,27.68,18.02
100030,CHONTACHACA,2009,1,473.5,27.31,17.9
100030,CHONTACHACA,2009,2,366.3,26.5,18.62
100030,CHONTACHACA,2009,3,664.2,28.13,18.0
100030,CHONTACHACA,2009,4,455.2,27.53,18.07
100030,CHONTACHACA,2009,5,482.2,26.09,17.17
100030,CHONTACHACA,2009,6,298.3,24.18,16.47
100030,CHONTACHACA,2009,7,269.3,25.78,16.17
100030,CHONTACHACA,2009,8,513.4,26.73,16.79
100030,CHONTACHACA,2009,9,433.5,27.18,16.73
100030,CHONTACHACA,2009,10,308.1,28.38,18.29
100030,CHONTACHACA,2009,11,585.6,28.84,19.36
100030,CHONTACHACA,2009,12,667.7,26.72,18.91
100030,CHONTACHACA,2010,1,791.9,27.63,19.23
100030,CHONTACHACA,2010,2,700.3,28.19,19.73
100030,CHONTACHACA,2010,3,553.8,28.63,18.68
100030,CHONTACHACA,2010,4,502.4,26.61,17.19
100030,CHONTACHACA,2010,5,419.2,25.13,-999.0
100030,CHONTACHACA,2010,6,216.2,25.78,15.8
100030,CHONTACHACA,2010,7,334.1,24.7,15.13
100030,CHONTACHACA,2010,8,129.6,26.83,15.7
100030,CHONTACHACA,2010,9,344.4,28.92,-999.0
100030,CHONTACHACA,2010,10,470.1,28.45,17.35
100030,CHONTACHACA,2010,11,366.6,27.46,17.54
100030,CHONTACHACA,2010,12,499.4,27.63,17.8
100030,CHONTACHACA,2011,1,641.8,27.14,18.14
100030,CHONTACHACA,2011,2,825.6,26.18,-999.0
100030,CHONTACHACA,2011,3,660.8,27.55,18.06
100030,CHONTACHACA,2011,4,509.1,27.17,17.8
100030,CHONTACHACA,2011,5,275.1,25.33,16.42
100030,CHONTACHACA,2011,6,365.4,25.66,15.35
100030,CHONTACHACA,2011,7,460.7,26.03,15.94
100030,CHONTACHACA,2011,8,172.8,26.81,15.48
100030,CHONTACHACA,2011,9,305.2,28.26,16.61
100030,CHONTACHACA,2011,10,524.5,28.03,17.64
100030,CHONTACHACA,2011,11,422.9,28.96,17.92
100030,CHONTACHACA,2011,12,453.9,27.55,18.2
100030,CHONTACHACA,2012,1,520.2,27.83,18.3
100030,CHONTACHACA,2012,2,599.6,26.38,18.24
100030,CHONTACHACA,2012,3,545.4,27.3,17.56
100030,CHONTACHACA,2012,4,362.5,27.63,17.84
100030,CHONTACHACA,2012,5,274.8,-999.0,-999.0
100030,CHONTACHACA,2012,6,239.0,26.89,-999.0
100030,CHONTACHACA,2012,7,-999.0,-999.0,-999.0
100030,CHONTACHACA,2012,8,90.2,28.07,-999.0
100030,CHONTACHACA,2012,9,153.5,29.11,-999.0
100030,CHONTACHACA,2012,10,454.3,29.02,-999.0
100030,CHONTACHACA,2012,11,574.5,28.65,-999.0
100030,CHONTACHACA,2012,12,754.6,27.65,-999.0
100030,CHONTACHACA,2013,1,475.6,28.86,-999.0
100030,CHONTACHACA,2013,2,789.8,27.63,-999.0
100030,CHONTACHACA,2013,3,656.8,27.76,-999.0
100030,CHONTACHACA,2013,4,374.2,28.01,-999.0
100030,CHONTACHACA,2013,5,329.9,26.65,-999.0
100030,CHONTACHACA,2013,6,327.2,27.0,-999.0
100030,CHONTACHACA,2013,7,183.0,26.09,-999.0
100030,CHONTACHACA,2013,8,261.1,25.1,-999.0
100030,CHONTACHACA,2013,9,395.5,28.23,-999.0
100030,CHONTACHACA,2013,10,589.0,27.29,-999.0
100030,CHONTACHACA,2013,11,385.0,27.94,-999.0
100030,CHONTACHACA,2013,12,658.7,27.6,19.25
100030,CHONTACHACA,2014,1,1006.2,26.46,19.26
100030,CHONTACHACA,2014,2,786.4,26.74,19.57
100030,CHONTACHACA,2014,3,579.9,27.74,18.93
100030,CHONTACHACA,2014,4,570.0,27.44,18.47
100030,CHONTACHACA,2014,5,295.4,26.01,-999.0
100030,CHONTACHACA,2014,6,345.4,25.7,-999.0
100030,CHONTACHACA,2014,7,451.4,24.67,15.18
100030,CHONTACHACA,2014,8,380.7,27.46,16.01
100030,CHONTACHACA,2014,9,414.6,28.83,17.61
100030,CHONTACHACA,2014,10,272.4,30.3,17.67
100030,CHONTACHACA,2014,11,422.5,28.36,18.9
100030,CHONTACHACA,2014,12,593.6,27.46,19.2
100030,CHONTACHACA,2015,1,694.2,27.71,18.81
100030,CHONTACHACA,2015,2,638.2,28.1,19.08
100030,CHONTACHACA,2015,3,494.7,28.44,18.79
100030,CHONTACHACA,2015,4,552.4,28.21,18.41
100030,CHONTACHACA,2015,5,450.3,26.19,18.11
100030,CHONTACHACA,2015,6,290.3,26.49,16.96
100030,CHONTACHACA,2015,7,289.1,26.2,16.47
100030,CHONTACHACA,2015,8,252.3,28.08,17.2
100030,CHONTACHACA,2015,9,338.6,29.22,17.69
100030,CHONTACHACA,2015,10,524.9,29.06,17.71
100030,CHONTACHACA,2015,11,706.0,28.72,19.09
100030,CHONTACHACA,2015,12,767.2,28.55,18.6
100030,CHONTACHACA,2016,1,655.7,29.47,19.63
100030,CHONTACHACA,2016,2,511.8,28.34,19.68
100030,CHONTACHACA,2016,3,533.3,28.21,18.78
100030,CHONTACHACA,2016,4,541.3,28.57,17.64
100030,CHONTACHACA,2016,5,268.7,25.6,-999.0
100030,CHONTACHACA,2016,6,259.9,24.52,-999.0
100030,CHONTACHACA,2016,7,195.1,26.66,-999.0
100030,CHONTACHACA,2016,8,371.8,27.89,16.38
100030,CHONTACHACA,2016,9,201.1,28.13,15.81
100030,CHONTACHACA,2016,10,509.0,28.6,17.65
100030,CHONTACHACA,2016,11,378.8,27.58,18.27
100030,CHONTACHACA,2016,12,419.0,28.08,17.7
100030,CHONTACHACA,2017,1,627.4,28.32,19.23
100030,CHONTACHACA,2017,2,528.8,27.29,19.87
100030,CHONTACHACA,2017,3,676.4,27.81,19.17
100030,CHONTACHACA,2017,4,522.9,27.33,18.79
100030,CHONTACHACA,2017,5,602.8,27.05,18.88
100030,CHONTACHACA,2017,6,401.9,25.2,17.04
100030,CHONTACHACA,2017,7,274.0,25.77,15.83
100030,CHONTACHACA,2017,8,207.4,27.82,17.03
100030,CHONTACHACA,2017,9,282.2,28.19,17.62
100030,CHONTACHACA,2017,10,400.3,28.87,18.1
100030,CHONTACHACA,2017,11,361.7,28.9,19.12
100030,CHONTACHACA,2017,12,369.4,28.34,19.58
100030,CHONTACHACA,2018,1,734.0,27.78,19.06
100030,CHONTACHACA,2018,2,532.7,28.08,19.46
100030,CHONTACHACA,2018,3,761.5,27.52,19.17
100030,CHONTACHACA,2018,4,558.3,28.28,18.53
100030,CHONTACHACA,2018,5,375.3,26.86,17.55
100030,CHONTACHACA,2018,6,240.8,24.5,16.0
100030,CHONTACHACA,2018,7,231.9,25.86,15.14
100030,CHONTACHACA,2018,8,332.9,25.67,15.56
100030,CHONTACHACA,2018,9,275.4,29.14,16.51
100030,CHONTACHACA,2018,10,692.4,28.98,19.06
100030,CHONTACHACA,2018,11,562.7,28.23,19.58
100030,CHONTACHACA,2018,12,569.5,27.99,19.24
100030,CHONTACHACA,2019,1,933.5,28.26,19.51
100030,CHONTACHACA,2019,2,515.0,27.64,19.43
100030,CHONTACHACA,2019,3,870.0,27.85,19.44
100030,CHONTACHACA,2019,4,427.8,28.38,18.87
100030,CHONTACHACA,2019,5,328.4,27.2,18.22
100030,CHONTACHACA,2019,6,502.0,27.76,17.21
100030,CHONTACHACA,2019,7,465.9,26.4,16.56
100030,CHONTACHACA,2019,8,190.2,27.52,14.16
100030,CHONTACHACA,2019,9,172.4,29.56,17.62
100030,CHONTACHACA,2019,10,506.8,28.8,18.57
100030,CHONTACHACA,2019,11,536.7,29.49,19.0
100030,CHONTACHACA,2019,12,664.0,27.52,19.67
100030,CHONTACHACA,2020,1,374.3,29.25,19.29
100030,CHONTACHACA,2020,2,904.1,27.64,19.76
100030,CHONTACHACA,2020,3,495.4,29.29,18.88
100030,CHONTACHACA,2020,4,-999.0,-999.0,-999.0
100030,CHONTACHACA,2020,5,-999.0,-999.0,-999.0
100030,CHONTACHACA,2020,6,384.0,27.05,17.9
100030,CHONTACHACA,2020,7,331.3,26.16,17.24
100030,CHONTACHACA,2020,8,107.5,28.55,16.32
100030,CHONTACHACA,2020,9,145.9,28.95,16.98
100030,CHONTACHACA,2020,10,282.8,30.5,17.78
100030,CHONTACHACA,2020,11,457.3,29.78,18.32
100030,CHONTACHACA,2020,12,658.9,27.8,18.75
100030,CHONTACHACA,2021,1,579.6,27.78,18.8
100030,CHONTACHACA,2021,2,1061.0,28.31,18.83
100030,CHONTACHACA,2021,3,423.3,28.62,18.39
100030,CHONTACHACA,2021,4,428.2,27.58,18.08
100030,CHONTACHACA,2021,5,362.7,26.85,16.99
100030,CHONTACHACA,2021,6,174.0,25.9,17.12
100030,CHONTACHACA,2021,7,149.9,26.27,15.24
100030,CHONTACHACA,2021,8,181.8,27.95,16.83
100030,CHONTACHACA,2021,9,258.1,29.67,18.03
100030,CHONTACHACA,2021,10,327.6,30.13,18.78
100030,CHONTACHACA,2021,11,526.7,29.06,18.28
100030,CHONTACHACA,2021,12,301.3,29.25,19.58
100030,CHONTACHACA,2022,1,413.1,29.06,18.76
100030,CHONTACHACA,2022,2,420.4,28.0,18.97
100030,CHONTACHACA,2022,3,549.2,28.95,19.02
100030,CHONTACHACA,2022,4,461.8,28.06,18.28
100030,CHONTACHACA,2022,5,392.8,26.7,17.29
100030,CHONTACHACA,2022,6,160.6,26.22,16.97
100030,CHONTACHACA,2022,7,204.5,28.05,17.54
100030,CHONTACHACA,2022,8,188.5,27.87,16.07
100030,CHONTACHACA,2022,9,272.8,27.91,17.57
100030,CHONTACHACA,2022,10,553.9,27.55,17.94
100030,CHONTACHACA,2022,11,303.8,29.43,17.79
100030,CHONTACHACA,2022,12,317.7,29.03,18.67
100030,CHONTACHACA,2023,1,521.3,28.55,17.71
100030,CHONTACHACA,2023,2,562.2,28.81,18.7
100030,CHONTACHACA,2023,3,554.9,28.94,18.59
100030,CHONTACHACA,2023,4,-999.0,-999.0,-999.0
100030,CHONTACHACA,2023,5,392.4,27.66,18.2
100030,CHONTACHACA,2023,6,71.9,27.43,15.64
100030,CHONTACHACA,2023,7,-999.0,-999.0,17.09
100030,CHONTACHACA,2023,8,366.2,29.28,-999.0
100030,CHONTACHACA,2023,9,157.3,30.61,18.17
100030,CHONTACHACA,2023,10,90.2,31.18,18.68
100030,CHONTACHACA,2023,11,528.3,30.02,18.89
100030,CHONTACHACA,2023,12,379.3,30.59,19.06
100030,CHONTACHACA,2024,1,421.6,29.66,19.11
100030,CHONTACHACA,2024,2,345.3,30.01,20.13
100030,CHONTACHACA,2024,3,659.5,31.03,19.78
100030,CHONTACHACA,2024,4,-999.0,-999.0,-999.0
100030,CHONTACHACA,2024,5,294.2,26.89,17.79
100030,CHONTACHACA,2024,6,102.0,27.93,18.26
100030,CHONTACHACA,2024,7,170.0,25.67,15.73
100030,CHONTACHACA,2024,8,229.1,28.19,16.79
100030,CHONTACHACA,2024,9,186.7,30.46,17.93
100030,CHONTACHACA,2024,10,243.7,29.87,18.42
100030,CHONTACHACA,2024,11,349.7,29.65,19.32
100030,CHONTACHACA,2024,12,482.4,28.68,19.13
100030,CHONTACHACA,2025,1,486.3,27.82,18.25
100030,CHONTACHACA,2025,2,475.4,28.38,19.25
100030,CHONTACHACA,2025,3,643.8,28.06,19.94
100030,CHONTACHACA,2025,4,1061.4,28.01,19.41
100030,CHONTACHACA,2025,5,385.5,27.15,18.53
100030,CHONTACHACA,2025,6,217.1,27.19,17.06
100030,CHONTACHACA,2025,7,96.9,26.7,15.12
100030,CHONTACHACA,2025,8,281.1,26.8,16.47
100030,CHONTACHACA,2025,9,244.2,29.05,18.18
100030,CHONTACHACA,2025,10,313.5,27.41,17.83
100030,CHONTACHACA,2025,11,432.7,27.38,18.42
100030,CHONTACHACA,2025,12,315.5,26.83,19.07
