CODIGO,ESTACION,YEAR,MONTH,PP,TMAX,TMIN
100028,CHERREPE,1990,1,-999.0,-999.0,-999.0
100028,CHERREPE,1990,2,-999.0,-999.0,-999.0
100028,CHERREPE,1990,3,-999.0,-999.0,-999.0
100028,CHERREPE,1990,4,-999.0,-999.0,-999.0
100028,CHERREPE,1990,5,-999.0,-999.0,-999.0
100028,CHERREPE,1990,6,-999.0,-999.0,-999.0
100028,CHERREPE,1990,7,-999.0,-999.0,-999.0
100028,CHERREPE,1990,8,-999.0,-999.0,-999.0
100028,CHERREPE,1990,9,-999.0,-999.0,-999.0
100028,CHERREPE,1990,10,-999.0,-999.0,-999.0
100028,CHERREPE,1990,11,-999.0,-999.0,-999.0
100028,CHERREPE,1990,12,-999.0,-999.0,-999.0
100028,CHERREPE,1991,1,-999.0,-999.0,-999.0
100028,CHERREPE,1991,2,-999.0,-999.0,-999.0
100028,CHERREPE,1991,3,-999.0,-999.0,-999.0
100028,CHERREPE,1991,4,-999.0,-999.0,-999.0
100028,CHERREPE,1991,5,-999.0,-999.0,-999.0
100028,CHERREPE,1991,6,-999.0,-999.0,-999.0
100028,CHERREPE,1991,7,-999.0,-999.0,-999.0
100028,CHERREPE,1991,8,-999.0,-999.0,-999.0
100028,CHERREPE,1991,9,-999.0,-999.0,-999.0
100028,CHERREPE,1991,10,-999.0,-999.0,-999.0
100028,CHERREPE,1991,11,-999.0,-999.0,-999.0
100028,CHERREPE,1991,12,-999.0,-999.0,-999.0
100028,CHERREPE,1992,1,-999.0,-999.0,-999.0
100028,CHERREPE,1992,2,-999.0,-999.0,-999.0
100028,CHERREPE,1992,3,-999.0,-999.0,-999.0
100028,CHERREPE,1992,4,-999.0,-999.0,-999.0
100028,CHERREPE,1992,5,-999.0,-999.0,-999.0
100028,CHERREPE,1992,6,-999.0,-999.0,-999.0
100028,CHERREPE,1992,7,-999.0,-999.0,-999.0
100028,CHERREPE,1992,8,-999.0,-999.0,-999.0
100028,CHERREPE,1992,9,-999.0,-999.0,-999.0
100028,CHERREPE,1992,10,-999.0,-999.0,-999.0
100028,CHERREPE,1992,11,-999.0,-999.0,-999.0
100028,CHERREPE,1992,12,-999.0,-999.0,-999.0
100028,CHERREPE,1993,1,-999.0,-999.0,-999.0
100028,CHERREPE,1993,2,-999.0,-999.0,-999.0
100028,CHERREPE,1993,3,-999.0,-999.0,-999.0
100028,CHERREPE,1993,4,-999.0,-999.0,-999.0
100028,CHERREPE,1993,5,-999.0,-999.0,-999.0
100028,CHERREPE,1993,6,-999.0,-999.0,-999.0
100028,CHERREPE,1993,7,-999.0,-999.0,-999.0
100028,CHERREPE,1993,8,-999.0,-999.0,-999.0
100028,CHERREPE,1993,9,-999.0,-999.0,-999.0
100028,CHERREPE,1993,10,-999.0,-999.0,-999.0
100028,CHERREPE,1993,11,-999.0,-999.0,-999.0
100028,CHERREPE,1993,12,-999.0,-999.0,-999.0
100028,CHERREPE,1994,1,-999.0,-999.0,-999.0
100028,CHERREPE,1994,2,-999.0,-999.0,-999.0
100028,CHERREPE,1994,3,-999.0,-999.0,-999.0
100028,CHERREPE,1994,4,-999.0,-999.0,-999.0
100028,CHERREPE,1994,5,-999.0,-999.0,-999.0
100028,CHERREPE,1994,6,-999.0,-999.0,-999.0
100028,CHERREPE,1994,7,-999.0,-999.0,-999.0
100028,CHERREPE,1994,8,-999.0,-999.0,-999.0
100028,CHERREPE,1994,9,-999.0,-999.0,-999.0
100028,CHERREPE,1994,10,-999.0,-999.0,-999.0
100028,CHERREPE,1994,11,-999.0,-999.0,-999.0
100028,CHERREPE,1994,12,-999.0,-999.0,-999.0
100028,CHERREPE,1995,1,-999.0,-999.0,-999.0
100028,CHERREPE,1995,2,-999.0,-999.0,-999.0
100028,CHERREPE,1995,3,-999.0,-999.0,-999.0
100028,CHERREPE,1995,4,-999.0,-999.0,-999.0
100028,CHERREPE,1995,5,-999.0,-999.0,-999.0
100028,CHERREPE,1995,6,-999.0,-999.0,-999.0
100028,CHERREPE,1995,7,-999.0,-999.0,-999.0
100028,CHERREPE,1995,8,-999.0,-999.0,-999.0
100028,CHERREPE,1995,9,-999.0,-999.0,-999.0
100028,CHERREPE,1995,10,-999.0,-999.0,-999.0
100028,CHERREPE,1995,11,-999.0,-999.0,-999.0
100028,CHERREPE,1995,12,-999.0,-999.0,-999.0
100028,CHERREPE,1996,1,-999.0,-999.0,-999.0
100028,CHERREPE,1996,2,-999.0,-999.0,-999.0
100028,CHERREPE,1996,3,-999.0,-999.0,-999.0
100028,CHERREPE,1996,4,-999.0,-999.0,-999.0
100028,CHERREPE,1996,5,-999.0,-999.0,-999.0
100028,CHERREPE,1996,6,-999.0,-999.0,-999.0
100028,CHERREPE,1996,7,-999.0,-999.0,-999.0
100028,CHERREPE,1996,8,-999.0,-999.0,-999.0
100028,CHERREPE,1996,9,-999.0,-999.0,-999.0
100028,CHERREPE,1996,10,-999.0,-999.0,-999.0
100028,CHERREPE,1996,11,-999.0,-999.0,-999.0
100028,CHERREPE,1996,12,-999.0,-999.0,-999.0
100028,CHERREPE,1997,1,-999.0,-999.0,-999.0
100028,CHERREPE,1997,2,-999.0,-999.0,-999.0
100028,CHERREPE,1997,3,-999.0,-999.0,-999.0
100028,CHERREPE,1997,4,-999.0,-999.0,-999.0
100028,CHERREPE,1997,5,-999.0,-999.0,-999.0
100028,CHERREPE,1997,6,-999.0,-999.0,-999.0
100028,CHERREPE,1997,7,-999.0,-999.0,-999.0
100028,CHERREPE,1997,8,-999.0,-999.0,-999.0
100028,CHERREPE,1997,9,-999.0,-999.0,-999.0
100028,CHERREPE,1997,10,-999.0,-999.0,-999.0
100028,CHERREPE,1997,11,-999.0,-999.0,-999.0
100028,CHERREPE,1997,12,-999.0,-999.0,-999.0
100028,CHERREPE,1998,1,146.9,32.35,-999.0
100028,CHERREPE,1998,2,227.1,32.0,-999.0
100028,CHERREPE,1998,3,160.3,32.23,-999.0
100028,CHERREPE,1998,4,59.5,31.66,-999.0
100028,CHERREPE,1998,5,0.0,29.58,-999.0
100028,CHERREPE,1998,6,0.0,27.71,-999.0
100028,CHERREPE,1998,7,0.0,26.62,-999.0
100028,CHERREPE,1998,8,0.0,25.16,-999.0
100028,CHERREPE,1998,9,0.0,-999.0,-999.0
100028,CHERREPE,1998,10,0.0,-999.0,-999.0
100028,CHERREPE,1998,11,0.0,-999.0,-999.0
100028,CHERREPE,1998,12,0.0,28.64,-999.0
100028,CHERREPE,1999,1,34.0,29.55,-999.0
100028,CHERREPE,1999,2,49.2,-999.0,-999.0
100028,CHERREPE,1999,3,0.0,-999.0,-999.0
100028,CHERREPE,1999,4,0.0,29.43,-999.0
100028,CHERREPE,1999,5,20.7,26.96,-999.0
100028,CHERREPE,1999,6,0.0,24.78,-999.0
100028,CHERREPE,1999,7,7.5,23.53,-999.0
100028,CHERREPE,1999,8,0.0,24.02,-999.0
100028,CHERREPE,1999,9,0.0,24.5,-999.0
100028,CHERREPE,1999,10,0.0,25.53,-999.0
100028,CHERREPE,1999,11,0.0,26.48,-999.0
100028,CHERREPE,1999,12,-999.0,28.36,-999.0
100028,CHERREPE,2000,1,-999.0,29.93,-999.0
100028,CHERREPE,2000,2,-999.0,30.92,-999.0
100028,CHERREPE,2000,3,-999.0,31.15,-999.0
100028,CHERREPE,2000,4,-999.0,29.96,-999.0
100028,CHERREPE,2000,5,-999.0,27.47,-999.0
100028,CHERREPE,2000,6,-999.0,24.77,-999.0
100028,CHERREPE,2000,7,-999.0,23.47,-999.0
100028,CHERREPE,2000,8,-999.0,24.49,-999.0
100028,CHERREPE,2000,9,-999.0,25.55,-999.0
100028,CHERREPE,2000,10,-999.0,26.23,-999.0
100028,CHERREPE,2000,11,-999.0,26.14,-999.0
100028,CHERREPE,2000,12,-999.0,-999.0,-999.0
100028,CHERREPE,2001,1,-999.0,30.26,-999.0
100028,CHERREPE,2001,2,-999.0,32.1,-999.0
100028,CHERREPE,2001,3,-999.0,31.68,-999.0
100028,CHERREPE,2001,4,-999.0,29.81,-999.0
100028,CHERREPE,2001,5,-999.0,27.05,-999.0
100028,CHERREPE,2001,6,-999.0,23.83,-999.0
100028,CHERREPE,2001,7,-999.0,24.31,-999.0
100028,CHERREPE,2001,8,-999.0,23.49,-999.0
100028,CHERREPE,2001,9,-999.0,24.59,-999.0
100028,CHERREPE,2001,10,-999.0,25.17,-999.0
100028,CHERREPE,2001,11,-999.0,26.35,-999.0
100028,CHERREPE,2001,12,-999.0,28.2,-999.0
100028,CHERREPE,2002,1,-999.0,29.71,-999.0
100028,CHERREPE,2002,2,-999.0,31.97,-999.0
100028,CHERREPE,2002,3,-999.0,32.7,-999.0
100028,CHERREPE,2002,4,-999.0,32.14,-999.0
100028,CHERREPE,2002,5,-999.0,30.63,-999.0
100028,CHERREPE,2002,6,-999.0,26.96,-999.0
100028,CHERREPE,2002,7,-999.0,25.41,-999.0
100028,CHERREPE,2002,8,-999.0,24.77,-999.0
100028,CHERREPE,2002,9,-999.0,25.21,-999.0
100028,CHERREPE,2002,10,-999.0,26.73,-999.0
100028,CHERREPE,2002,11,-999.0,27.49,-999.0
100028,CHERREPE,2002,12,-999.0,29.24,-999.0
100028,CHERREPE,2003,1,-999.0,30.42,-999.0
100028,CHERREPE,2003,2,-999.0,31.87,-999.0
100028,CHERREPE,2003,3,-999.0,31.71,-999.0
100028,CHERREPE,2003,4,-999.0,30.31,18.88
100028,CHERREPE,2003,5,-999.0,28.07,16.9
100028,CHERREPE,2003,6,-999.0,26.49,16.18
100028,CHERREPE,2003,7,-999.0,25.51,14.81
100028,CHERREPE,2003,8,-999.0,24.72,14.16
100028,CHERREPE,2003,9,-999.0,24.57,15.18
100028,CHERREPE,2003,10,-999.0,26.59,15.74
100028,CHERREPE,2003,11,-999.0,27.18,16.28
100028,CHERREPE,2003,12,-999.0,30.09,18.53
100028,CHERREPE,2004,1,-999.0,31.38,19.25
100028,CHERREPE,2004,2,-999.0,32.44,21.63
100028,CHERREPE,2004,3,-999.0,32.79,20.39
100028,CHERREPE,2004,4,-999.0,31.6,19.32
100028,CHERREPE,2004,5,5.0,28.36,16.52
100028,CHERREPE,2004,6,3.0,25.92,14.14
100028,CHERREPE,2004,7,0.0,25.61,14.8
100028,CHERREPE,2004,8,0.0,25.03,12.93
100028,CHERREPE,2004,9,14.9,26.21,15.0
100028,CHERREPE,2004,10,4.5,27.45,16.5
100028,CHERREPE,2004,11,0.0,28.63,17.12
100028,CHERREPE,2004,12,0.7,30.48,18.85
100028,CHERREPE,2005,1,2.4,31.79,20.17
100028,CHERREPE,2005,2,0.0,32.04,20.79
100028,CHERREPE,2005,3,1.2,31.1,20.67
100028,CHERREPE,2005,4,0.0,31.38,19.31
100028,CHERREPE,2005,5,0.0,27.89,16.42
100028,CHERREPE,2005,6,0.0,26.18,14.91
100028,CHERREPE,2005,7,0.0,25.1,13.6
100028,CHERREPE,2005,8,0.0,24.83,13.88
100028,CHERREPE,2005,9,0.0,24.54,14.79
100028,CHERREPE,2005,10,3.2,25.19,14.98
100028,CHERREPE,2005,11,0.0,25.97,14.83
100028,CHERREPE,2005,12,0.0,28.84,17.17
100028,CHERREPE,2006,1,2.5,30.15,19.9
100028,CHERREPE,2006,2,3.0,31.19,21.72
100028,CHERREPE,2006,3,15.3,31.13,20.95
100028,CHERREPE,2006,4,3.2,30.19,18.4
100028,CHERREPE,2006,5,0.0,28.49,16.02
100028,CHERREPE,2006,6,1.4,25.96,15.53
100028,CHERREPE,2006,7,0.0,25.11,17.08
100028,CHERREPE,2006,8,0.0,25.41,15.79
100028,CHERREPE,2006,9,0.0,-999.0,15.99
100028,CHERREPE,2006,10,0.0,-999.0,15.73
100028,CHERREPE,2006,11,0.0,26.89,17.04
100028,CHERREPE,2006,12,1.0,27.87,18.97
100028,CHERREPE,2007,1,10.1,30.28,21.64
100028,CHERREPE,2007,2,0.0,30.34,21.05
100028,CHERREPE,2007,3,8.9,30.15,-999.0
100028,CHERREPE,2007,4,6.0,29.54,-999.0
100028,CHERREPE,2007,5,2.0,27.37,-999.0
100028,CHERREPE,2007,6,0.0,24.22,-999.0
100028,CHERREPE,2007,7,0.0,24.57,14.31
100028,CHERREPE,2007,8,0.0,24.09,14.11
100028,CHERREPE,2007,9,0.0,23.73,14.29
100028,CHERREPE,2007,10,1.6,23.49,14.78
100028,CHERREPE,2007,11,6.2,25.27,-999.0
100028,CHERREPE,2007,12,0.0,27.73,-999.0
100028,CHERREPE,2008,1,0.0,29.79,-999.0
100028,CHERREPE,2008,2,24.5,30.6,-999.0
100028,CHERREPE,2008,3,22.9,30.98,21.39
100028,CHERREPE,2008,4,4.8,29.79,18.37
100028,CHERREPE,2008,5,3.6,26.25,16.68
100028,CHERREPE,2008,6,1.0,24.73,16.85
100028,CHERREPE,2008,7,1.0,25.39,15.79
100028,CHERREPE,2008,8,1.1,25.58,16.67
100028,CHERREPE,2008,9,0.0,25.53,15.13
100028,CHERREPE,2008,10,1.6,25.5,15.85
100028,CHERREPE,2008,11,4.8,25.61,16.13
100028,CHERREPE,2008,12,0.0,27.01,16.4
100028,CHERREPE,2009,1,41.6,29.4,19.6
100028,CHERREPE,2009,2,6.9,30.99,21.3
100028,CHERREPE,2009,3,4.8,30.63,20.76
100028,CHERREPE,2009,4,0.0,29.7,18.92
100028,CHERREPE,2009,5,0.0,27.97,16.87
100028,CHERREPE,2009,6,1.5,25.69,15.93
100028,CHERREPE,2009,7,0.0,25.11,15.85
100028,CHERREPE,2009,8,0.0,25.17,15.52
100028,CHERREPE,2009,9,0.0,25.67,15.37
100028,CHERREPE,2009,10,0.0,26.0,15.88
100028,CHERREPE,2009,11,1.2,27.23,16.91
100028,CHERREPE,2009,12,1.4,28.21,18.72
100028,CHERREPE,2010,1,0.0,30.25,20.8
100028,CHERREPE,2010,2,15.2,31.41,21.37
100028,CHERREPE,2010,3,13.2,30.97,21.41
100028,CHERREPE,2010,4,4.5,30.21,19.78
100028,CHERREPE,2010,5,0.0,27.68,17.45
100028,CHERREPE,2010,6,0.0,25.5,15.02
100028,CHERREPE,2010,7,0.0,24.04,13.42
100028,CHERREPE,2010,8,0.0,23.89,12.43
100028,CHERREPE,2010,9,0.0,24.08,13.32
100028,CHERREPE,2010,10,6.0,24.35,13.6
100028,CHERREPE,2010,11,1.5,25.22,13.63
100028,CHERREPE,2010,12,0.0,27.71,16.86
100028,CHERREPE,2011,1,5.0,29.57,18.85
100028,CHERREPE,2011,2,0.0,30.01,19.81
100028,CHERREPE,2011,3,0.0,29.95,18.68
100028,CHERREPE,2011,4,7.1,29.72,18.01
100028,CHERREPE,2011,5,1.0,28.12,17.48
100028,CHERREPE,2011,6,0.0,26.67,16.38
100028,CHERREPE,2011,7,0.0,24.94,14.72
100028,CHERREPE,2011,8,0.0,24.1,13.78
100028,CHERREPE,2011,9,0.0,24.26,13.58
100028,CHERREPE,2011,10,0.0,25.05,14.1
100028,CHERREPE,2011,11,0.0,26.91,15.45
100028,CHERREPE,2011,12,13.6,28.35,17.79
100028,CHERREPE,2012,1,6.0,30.7,19.44
100028,CHERREPE,2012,2,20.7,31.01,20.75
100028,CHERREPE,2012,3,27.1,31.16,20.97
100028,CHERREPE,2012,4,0.0,30.14,20.0
100028,CHERREPE,2012,5,0.0,29.32,18.92
100028,CHERREPE,2012,6,0.0,27.51,17.85
100028,CHERREPE,2012,7,0.0,26.48,16.61
100028,CHERREPE,2012,8,0.0,25.22,14.75
100028,CHERREPE,2012,9,0.0,25.76,15.49
100028,CHERREPE,2012,10,0.0,26.07,16.38
100028,CHERREPE,2012,11,5.5,26.64,17.69
100028,CHERREPE,2012,12,4.4,27.95,18.11
100028,CHERREPE,2013,1,4.2,29.73,19.97
100028,CHERREPE,2013,2,4.2,31.13,20.49
100028,CHERREPE,2013,3,31.4,30.42,19.54
100028,CHERREPE,2013,4,0.0,28.72,17.5
100028,CHERREPE,2013,5,4.0,27.08,17.23
100028,CHERREPE,2013,6,0.0,25.2,15.07
100028,CHERREPE,2013,7,0.0,24.02,13.4
100028,CHERREPE,2013,8,0.0,23.67,13.32
100028,CHERREPE,2013,9,0.0,24.78,14.55
100028,CHERREPE,2013,10,7.5,25.1,15.36
100028,CHERREPE,2013,11,0.0,25.77,15.56
100028,CHERREPE,2013,12,7.4,28.55,18.29
100028,CHERREPE,2014,1,9.8,30.21,20.37
100028,CHERREPE,2014,2,2.2,30.89,20.7
100028,CHERREPE,2014,3,5.6,31.55,20.41
100028,CHERREPE,2014,4,6.1,29.77,19.04
100028,CHERREPE,2014,5,0.0,28.64,19.79
100028,CHERREPE,2014,6,0.0,28.04,17.93
100028,CHERREPE,2014,7,0.0,25.69,15.47
100028,CHERREPE,2014,8,0.0,25.2,14.69
100028,CHERREPE,2014,9,0.0,26.13,15.53
100028,CHERREPE,2014,10,0.0,27.25,16.59
100028,CHERREPE,2014,11,0.0,27.15,16.97
100028,CHERREPE,2014,12,3.0,29.29,18.77
100028,CHERREPE,2015,1,5.1,30.88,20.13
100028,CHERREPE,2015,2,6.0,31.83,21.62
100028,CHERREPE,2015,3,10.1,32.28,21.78
100028,CHERREPE,2015,4,5.0,31.44,20.34
100028,CHERREPE,2015,5,0.0,29.75,20.23
100028,CHERREPE,2015,6,0.0,28.11,18.65
100028,CHERREPE,2015,7,0.0,28.74,17.06
100028,CHERREPE,2015,8,0.0,27.37,15.63
100028,CHERREPE,2015,9,0.0,27.39,17.0
100028,CHERREPE,2015,10,0.0,28.01,18.82
100028,CHERREPE,2015,11,3.2,27.86,19.5
100028,CHERREPE,2015,12,10.1,28.93,20.48
100028,CHERREPE,2016,1,3.6,30.69,21.9
100028,CHERREPE,2016,2,22.4,31.89,23.15
100028,CHERREPE,2016,3,4.7,32.89,22.53
100028,CHERREPE,2016,4,17.8,30.72,20.62
100028,CHERREPE,2016,5,0.0,29.21,18.2
100028,CHERREPE,2016,6,0.0,27.27,16.01
100028,CHERREPE,2016,7,0.0,26.56,15.0
100028,CHERREPE,2016,8,0.0,26.29,15.58
100028,CHERREPE,2016,9,0.0,26.52,16.14
100028,CHERREPE,2016,10,0.0,26.62,16.17
100028,CHERREPE,2016,11,0.0,27.13,14.89
100028,CHERREPE,2016,12,2.0,28.93,18.34
100028,CHERREPE,2017,1,14.3,31.95,20.78
100028,CHERREPE,2017,2,55.4,32.14,22.89
100028,CHERREPE,2017,3,116.7,32.14,23.3
100028,CHERREPE,2017,4,0.0,30.84,21.1
100028,CHERREPE,2017,5,0.0,28.94,19.28
100028,CHERREPE,2017,6,0.0,26.16,16.44
100028,CHERREPE,2017,7,0.0,24.88,14.19
100028,CHERREPE,2017,8,0.0,24.53,14.2
100028,CHERREPE,2017,9,0.0,25.14,14.59
100028,CHERREPE,2017,10,1.5,25.67,14.99
100028,CHERREPE,2017,11,0.0,25.4,14.04
100028,CHERREPE,2017,12,0.0,28.62,17.48
100028,CHERREPE,2018,1,5.6,30.29,18.55
100028,CHERREPE,2018,2,5.2,30.88,19.32
100028,CHERREPE,2018,3,1.5,30.42,18.35
100028,CHERREPE,2018,4,1.5,30.08,17.81
100028,CHERREPE,2018,5,0.0,27.66,16.39
100028,CHERREPE,2018,6,2.8,24.32,14.61
100028,CHERREPE,2018,7,0.0,24.55,13.58
100028,CHERREPE,2018,8,0.0,24.37,13.0
100028,CHERREPE,2018,9,0.0,25.32,13.75
100028,CHERREPE,2018,10,5.2,25.53,14.39
100028,CHERREPE,2018,11,0.0,26.72,16.54
100028,CHERREPE,2018,12,6.5,28.32,16.97
100028,CHERREPE,2019,1,1.2,30.25,19.44
100028,CHERREPE,2019,2,5.8,31.9,21.35
100028,CHERREPE,2019,3,9.0,31.36,20.11
100028,CHERREPE,2019,4,0.0,29.63,18.0
100028,CHERREPE,2019,5,0.0,28.82,16.68
100028,CHERREPE,2019,6,0.0,26.4,-999.0
100028,CHERREPE,2019,7,0.0,24.44,-999.0
100028,CHERREPE,2019,8,0.0,22.96,11.35
100028,CHERREPE,2019,9,0.0,25.15,14.3
100028,CHERREPE,2019,10,3.4,25.34,14.68
100028,CHERREPE,2019,11,0.0,26.69,15.95
100028,CHERREPE,2019,12,5.6,28.37,17.54
100028,CHERREPE,2020,1,0.0,30.49,17.99
100028,CHERREPE,2020,2,2.4,31.33,19.97
100028,CHERREPE,2020,3,-999.0,-999.0,-999.0
100028,CHERREPE,2020,4,-999.0,-999.0,-999.0
100028,CHERREPE,2020,5,-999.0,-999.0,-999.0
100028,CHERREPE,2020,6,-999.0,-999.0,-999.0
100028,CHERREPE,2020,7,1.0,24.84,11.72
100028,CHERREPE,2020,8,0.0,24.91,11.88
100028,CHERREPE,2020,9,0.0,24.67,13.11
100028,CHERREPE,2020,10,0.0,26.5,14.87
100028,CHERREPE,2020,11,3.5,26.85,15.18
100028,CHERREPE,2020,12,1.0,28.31,16.45
100028,CHERREPE,2021,1,4.7,30.51,17.47
100028,CHERREPE,2021,2,0.0,31.81,19.18
100028,CHERREPE,2021,3,1.0,32.35,19.41
100028,CHERREPE,2021,4,0.0,30.16,18.26
100028,CHERREPE,2021,5,1.5,27.45,14.83
100028,CHERREPE,2021,6,0.0,24.55,-999.0
100028,CHERREPE,2021,7,0.0,24.86,-999.0
100028,CHERREPE,2021,8,0.0,26.54,-999.0
100028,CHERREPE,2021,9,1.2,25.38,-999.0
100028,CHERREPE,2021,10,3.5,25.74,-999.0
100028,CHERREPE,2021,11,0.0,26.02,-999.0
100028,CHERREPE,2021,12,3.7,26.86,-999.0
100028,CHERREPE,2022,1,1.5,29.26,-999.0
100028,CHERREPE,2022,2,0.0,30.55,-999.0
100028,CHERREPE,2022,3,4.2,30.91,-999.0
100028,CHERREPE,2022,4,0.0,28.56,-999.0
100028,CHERREPE,2022,5,0.0,26.23,-999.0
100028,CHERREPE,2022,6,0.0,25.28,-999.0
100028,CHERREPE,2022,7,0.0,-999.0,-999.0
100028,CHERREPE,2022,8,0.0,23.86,-999.0
100028,CHERREPE,2022,9,0.0,24.25,14.08
100028,CHERREPE,2022,10,0.0,25.02,14.15
100028,CHERREPE,2022,11,0.0,25.22,14.58
100028,CHERREPE,2022,12,0.0,26.94,16.13
100028,CHERREPE,2023,1,1.2,28.07,17.76
100028,CHERREPE,2023,2,3.5,31.0,19.68
100028,CHERREPE,2023,3,-999.0,-999.0,-999.0
100028,CHERREPE,2023,4,-999.0,-999.0,-999.0
100028,CHERREPE,2023,5,0.0,30.67,20.56
100028,CHERREPE,2023,6,0.0,29.05,18.57
100028,CHERREPE,2023,7,0.0,27.6,18.35
100028,CHERREPE,2023,8,0.0,27.52,17.49
100028,CHERREPE,2023,9,0.0,27.61,17.32
100028,CHERREPE,2023,10,7.3,27.82,17.94
100028,CHERREPE,2023,11,0.0,27.15,17.9
100028,CHERREPE,2023,12,3.2,28.63,19.4
100028,CHERREPE,2024,1,0.0,30.01,21.21
100028,CHERREPE,2024,2,1.6,31.7,22.81
100028,CHERREPE,2024,3,0.0,31.2,20.97
100028,CHERREPE,2024,4,0.0,28.92,19.13
100028,CHERREPE,2024,5,0.0,25.58,16.67
100028,CHERREPE,2024,6,0.0,23.96,14.39
100028,CHERREPE,2024,7,0.0,23.62,13.62
100028,CHERREPE,2024,8,0.0,22.93,13.93
100028,CHERREPE,2024,9,0.0,23.21,14.52
100028,CHERREPE,2024,10,7.0,25.0,15.68
100028,CHERREPE,2024,11,0.0,26.34,15.94
100028,CHERREPE,2024,12,2.5,28.22,18.2
100028,CHERREPE,2025,1,2.0,29.14,18.83
100028,CHERREPE,2025,2,7.0,31.83,21.19
100028,CHERREPE,2025,3,0.0,31.28,20.64
100028,CHERREPE,2025,4,8.4,28.77,18.64
100028,CHERREPE,2025,5,0.0,27.33,16.69
100028,CHERREPE,2025,6,0.0,26.63,15.7
100028,CHERREPE,2025,7,0.0,25.8,14.8
100028,CHERREPE,2025,8,0.0,25.52,13.83
100028,CHERREPE,2025,9,2.6,25.61,14.4
100028,CHERREPE,2025,10,2.7,26.45,16.54
100028,CHERREPE,2025,11,8.5,27.13,16.65
100028,CHERREPE,2025,12,0.0,27.21,16.45
