CODIGO,ESTACION,YEAR,MONTH,PP,TMAX,TMIN
100016,BOCATOMA,1990,1,-999.0,-999.0,-999.0
100016,BOCATOMA,1990,2,-999.0,-999.0,-999.0
100016,BOCATOMA,1990,3,-999.0,-999.0,-999.0
100016,BOCATOMA,1990,4,-999.0,-999.0,-999.0
100016,BOCATOMA,1990,5,-999.0,-999.0,-999.0
100016,BOCATOMA,1990,6,-999.0,-999.0,-999.0
100016,BOCATOMA,1990,7,-999.0,-999.0,-999.0
100016,BOCATOMA,1990,8,-999.0,-999.0,-999.0
100016,BOCATOMA,1990,9,-999.0,-999.0,-999.0
100016,BOCATOMA,1990,10,-999.0,-999.0,-999.0
100016,BOCATOMA,1990,11,-999.0,-999.0,-999.0
100016,BOCATOMA,1990,12,-999.0,-999.0,-999.0
100016,BOCATOMA,1991,1,-999.0,-999.0,-999.0
100016,BOCATOMA,1991,2,-999.0,-999.0,-999.0
100016,BOCATOMA,1991,3,-999.0,-999.0,-999.0
100016,BOCATOMA,1991,4,-999.0,-999.0,-999.0
100016,BOCATOMA,1991,5,-999.0,-999.0,-999.0
100016,BOCATOMA,1991,6,-999.0,-999.0,-999.0
100016,BOCATOMA,1991,7,-999.0,-999.0,-999.0
100016,BOCATOMA,1991,8,-999.0,-999.0,-999.0
100016,BOCATOMA,1991,9,-999.0,-999.0,-999.0
100016,BOCATOMA,1991,10,-999.0,-999.0,-999.0
100016,BOCATOMA,1991,11,-999.0,-999.0,-999.0
100016,BOCATOMA,1991,12,-999.0,-999.0,-999.0
100016,BOCATOMA,1992,1,-999.0,-999.0,-999.0
100016,BOCATOMA,1992,2,-999.0,-999.0,-999.0
100016,BOCATOMA,1992,3,-999.0,-999.0,-999.0
100016,BOCATOMA,1992,4,-999.0,-999.0,-999.0
100016,BOCATOMA,1992,5,-999.0,-999.0,-999.0
100016,BOCATOMA,1992,6,-999.0,-999.0,-999.0
100016,BOCATOMA,1992,7,-999.0,-999.0,-999.0
100016,BOCATOMA,1992,8,-999.0,-999.0,-999.0
100016,BOCATOMA,1992,9,-999.0,-999.0,-999.0
100016,BOCATOMA,1992,10,-999.0,-999.0,-999.0
100016,BOCATOMA,1992,11,-999.0,-999.0,-999.0
100016,BOCATOMA,1992,12,-999.0,-999.0,-999.0
100016,BOCATOMA,1993,1,-999.0,-999.0,-999.0
100016,BOCATOMA,1993,2,-999.0,-999.0,-999.0
100016,BOCATOMA,1993,3,-999.0,-999.0,-999.0
100016,BOCATOMA,1993,4,-999.0,-999.0,-999.0
100016,BOCATOMA,1993,5,-999.0,-999.0,-999.0
100016,BOCATOMA,1993,6,-999.0,-999.0,-999.0
100016,BOCATOMA,1993,7,-999.0,-999.0,-999.0
100016,BOCATOMA,1993,8,-999.0,-999.0,-999.0
100016,BOCATOMA,1993,9,-999.0,-999.0,-999.0
100016,BOCATOMA,1993,10,-999.0,-999.0,-999.0
100016,BOCATOMA,1993,11,-999.0,-999.0,-999.0
100016,BOCATOMA,1993,12,-999.0,-999.0,-999.0
100016,BOCATOMA,1994,1,-999.0,-999.0,-999.0
100016,BOCATOMA,1994,2,-999.0,-999.0,-999.0
100016,BOCATOMA,1994,3,-999.0,-999.0,-999.0
100016,BOCATOMA,1994,4,-999.0,-999.0,-999.0
100016,BOCATOMA,1994,5,-999.0,-999.0,-999.0
100016,BOCATOMA,1994,6,-999.0,-999.0,-999.0
100016,BOCATOMA,1994,7,-999.0,-999.0,-999.0
100016,BOCATOMA,1994,8,-999.0,-999.0,-999.0
100016,BOCATOMA,1994,9,-999.0,-999.0,-999.0
100016,BOCATOMA,1994,10,-999.0,-999.0,-999.0
100016,BOCATOMA,1994,11,-999.0,-999.0,-999.0
100016,BOCATOMA,1994,12,-999.0,-999.0,-999.0
100016,BOCATOMA,1995,1,-999.0,-999.0,-999.0
100016,BOCATOMA,1995,2,-999.0,-999.0,-999.0
100016,BOCATOMA,1995,3,-999.0,-999.0,-999.0
100016,BOCATOMA,1995,4,-999.0,-999.0,-999.0
100016,BOCATOMA,1995,5,-999.0,-999.0,-999.0
100016,BOCATOMA,1995,6,-999.0,-999.0,-999.0
100016,BOCATOMA,1995,7,-999.0,-999.0,-999.0
100016,BOCATOMA,1995,8,-999.0,-999.0,-999.0
100016,BOCATOMA,1995,9,-999.0,-999.0,-999.0
100016,BOCATOMA,1995,10,-999.0,-999.0,-999.0
100016,BOCATOMA,1995,11,-999.0,-999.0,-999.0
100016,BOCATOMA,1995,12,-999.0,-999.0,-999.0
100016,BOCATOMA,1996,1,-999.0,-999.0,-999.0
100016,BOCATOMA,1996,2,-999.0,-999.0,-999.0
100016,BOCATOMA,1996,3,-999.0,-999.0,-999.0
100016,BOCATOMA,1996,4,-999.0,-999.0,-999.0
100016,BOCATOMA,1996,5,-999.0,-999.0,-999.0
100016,BOCATOMA,1996,6,-999.0,-999.0,-999.0
100016,BOCATOMA,1996,7,-999.0,-999.0,-999.0
100016,BOCATOMA,1996,8,-999.0,-999.0,-999.0
100016,BOCATOMA,1996,9,-999.0,-999.0,-999.0
100016,BOCATOMA,1996,10,-999.0,-999.0,-999.0
100016,BOCATOMA,1996,11,-999.0,-999.0,-999.0
100016,BOCATOMA,1996,12,-999.0,-999.0,-999.0
100016,BOCATOMA,1997,1,-999.0,-999.0,-999.0
100016,BOCATOMA,1997,2,117.5,-999.0,-999.0
100016,BOCATOMA,1997,3,50.1,-999.0,-999.0
100016,BOCATOMA,1997,4,1.7,-999.0,-999.0
100016,BOCATOMA,1997,5,0.0,-999.0,-999.0
100016,BOCATOMA,1997,6,0.0,-999.0,-999.0
100016,BOCATOMA,1997,7,0.0,-999.0,-999.0
100016,BOCATOMA,1997,8,19.1,-999.0,-999.0
100016,BOCATOMA,1997,9,3.5,-999.0,-999.0
100016,BOCATOMA,1997,10,0.0,-999.0,-999.0
100016,BOCATOMA,1997,11,7.0,-999.0,-999.0
100016,BOCATOMA,1997,12,9.8,-999.0,-999.0
100016,BOCATOMA,1998,1,99.6,-999.0,-999.0
100016,BOCATOMA,1998,2,30.3,-999.0,-999.0
100016,BOCATOMA,1998,3,2.6,-999.0,-999.0
100016,BOCATOMA,1998,4,0.7,-999.0,-999.0
100016,BOCATOMA,1998,5,0.0,-999.0,-999.0
100016,BOCATOMA,1998,6,8.7,-999.0,-999.0
100016,BOCATOMA,1998,7,0.0,-999.0,-999.0
100016,BOCATOMA,1998,8,0.0,-999.0,-999.0
100016,BOCATOMA,1998,9,0.0,-999.0,-999.0
100016,BOCATOMA,1998,10,0.0,-999.0,-999.0
100016,BOCATOMA,1998,11,3.7,-999.0,-999.0
100016,BOCATOMA,1998,12,35.3,-999.0,-999.0
100016,BOCATOMA,1999,1,32.1,-999.0,-999.0
100016,BOCATOMA,1999,2,183.9,-999.0,-999.0
100016,BOCATOMA,1999,3,118.1,-999.0,-999.0
100016,BOCATOMA,1999,4,16.0,-999.0,-999.0
100016,BOCATOMA,1999,5,1.5,-999.0,-999.0
100016,BOCATOMA,1999,6,0.0,-999.0,-999.0
100016,BOCATOMA,1999,7,0.0,-999.0,-999.0
100016,BOCATOMA,1999,8,0.0,-999.0,-999.0
100016,BOCATOMA,1999,9,2.3,-999.0,-999.0
100016,BOCATOMA,1999,10,3.8,-999.0,-999.0
100016,BOCATOMA,1999,11,0.0,-999.0,-999.0
100016,BOCATOMA,1999,12,11.5,-999.0,-999.0
100016,BOCATOMA,2000,1,109.5,-999.0,-999.0
100016,BOCATOMA,2000,2,95.5,-999.0,-999.0
100016,BOCATOMA,2000,3,55.0,-999.0,-999.0
100016,BOCATOMA,2000,4,13.6,-999.0,-999.0
100016,BOCATOMA,2000,5,0.0,-999.0,-999.0
100016,BOCATOMA,2000,6,0.0,-999.0,-999.0
100016,BOCATOMA,2000,7,0.0,11.97,-999.0
100016,BOCATOMA,2000,8,0.0,-999.0,-999.0
100016,BOCATOMA,2000,9,2.1,-999.0,-999.0
100016,BOCATOMA,2000,10,10.8,15.76,-5.3
100016,BOCATOMA,2000,11,0.0,-999.0,-6.62
100016,BOCATOMA,2000,12,58.9,-999.0,-1.61
100016,BOCATOMA,2001,1,122.9,12.7,0.44
100016,BOCATOMA,2001,2,142.8,13.17,1.62
100016,BOCATOMA,2001,3,101.7,-999.0,0.1
100016,BOCATOMA,2001,4,0.0,-999.0,-3.07
100016,BOCATOMA,2001,5,1.8,14.0,-999.0
100016,BOCATOMA,2001,6,0.0,-999.0,-999.0
100016,BOCATOMA,2001,7,0.0,-999.0,-999.0
100016,BOCATOMA,2001,8,0.0,13.88,-999.0
100016,BOCATOMA,2001,9,0.0,14.65,-999.0
100016,BOCATOMA,2001,10,0.0,-999.0,-5.67
100016,BOCATOMA,2001,11,0.0,17.9,-3.74
100016,BOCATOMA,2001,12,34.7,15.89,-3.97
100016,BOCATOMA,2002,1,45.4,16.65,-3.95
100016,BOCATOMA,2002,2,188.4,-999.0,0.44
100016,BOCATOMA,2002,3,146.1,14.46,-0.26
100016,BOCATOMA,2002,4,20.8,14.92,-2.04
100016,BOCATOMA,2002,5,0.8,-999.0,-6.12
100016,BOCATOMA,2002,6,3.2,-999.0,-999.0
100016,BOCATOMA,2002,7,6.0,-999.0,-7.1
100016,BOCATOMA,2002,8,0.0,-999.0,-9.35
100016,BOCATOMA,2002,9,0.0,15.12,-7.68
100016,BOCATOMA,2002,10,10.8,15.98,-5.1
100016,BOCATOMA,2002,11,8.4,17.24,-4.45
100016,BOCATOMA,2002,12,21.4,16.79,-2.78
100016,BOCATOMA,2003,1,61.3,15.66,-0.13
100016,BOCATOMA,2003,2,40.1,-999.0,-999.0
100016,BOCATOMA,2003,3,86.8,15.6,-0.53
100016,BOCATOMA,2003,4,9.9,15.43,-4.19
100016,BOCATOMA,2003,5,22.2,13.34,-5.6
100016,BOCATOMA,2003,6,0.0,13.56,-10.22
100016,BOCATOMA,2003,7,2.4,13.09,-10.24
100016,BOCATOMA,2003,8,0.4,13.59,-11.08
100016,BOCATOMA,2003,9,0.0,14.71,-9.94
100016,BOCATOMA,2003,10,0.0,17.08,-6.26
100016,BOCATOMA,2003,11,8.6,17.45,-4.18
100016,BOCATOMA,2003,12,13.8,17.17,-3.73
100016,BOCATOMA,2004,1,136.2,14.3,-0.08
100016,BOCATOMA,2004,2,120.7,14.56,-0.55
100016,BOCATOMA,2004,3,45.2,16.55,-1.48
100016,BOCATOMA,2004,4,0.0,15.87,-3.84
100016,BOCATOMA,2004,5,0.0,12.68,-9.04
100016,BOCATOMA,2004,6,0.0,12.2,-11.4
100016,BOCATOMA,2004,7,19.7,11.13,-8.3
100016,BOCATOMA,2004,8,21.6,12.8,-5.87
100016,BOCATOMA,2004,9,0.0,15.27,-6.19
100016,BOCATOMA,2004,10,0.0,16.31,-6.97
100016,BOCATOMA,2004,11,0.0,17.54,-6.17
100016,BOCATOMA,2004,12,26.9,18.12,-3.59
100016,BOCATOMA,2005,1,57.9,16.58,-0.05
100016,BOCATOMA,2005,2,119.3,14.08,0.92
100016,BOCATOMA,2005,3,35.8,16.67,-1.79
100016,BOCATOMA,2005,4,10.5,15.46,-3.63
100016,BOCATOMA,2005,5,0.0,14.63,-9.96
100016,BOCATOMA,2005,6,0.0,13.46,-12.66
100016,BOCATOMA,2005,7,0.0,12.65,-9.2
100016,BOCATOMA,2005,8,0.0,14.65,-12.42
100016,BOCATOMA,2005,9,1.4,13.17,-7.41
100016,BOCATOMA,2005,10,0.0,16.08,-7.29
100016,BOCATOMA,2005,11,4.7,17.2,-5.43
100016,BOCATOMA,2005,12,44.6,17.04,-0.69
100016,BOCATOMA,2006,1,137.6,13.9,0.83
100016,BOCATOMA,2006,2,118.7,15.06,-0.61
100016,BOCATOMA,2006,3,96.1,15.22,0.5
100016,BOCATOMA,2006,4,7.2,15.56,-3.8
100016,BOCATOMA,2006,5,0.0,14.19,-9.3
100016,BOCATOMA,2006,6,0.0,13.15,-10.69
100016,BOCATOMA,2006,7,0.0,13.3,-12.64
100016,BOCATOMA,2006,8,0.0,13.9,-9.86
100016,BOCATOMA,2006,9,0.0,15.11,-8.91
100016,BOCATOMA,2006,10,23.9,16.14,-6.53
100016,BOCATOMA,2006,11,10.7,17.73,-3.12
100016,BOCATOMA,2006,12,37.6,17.32,-2.17
100016,BOCATOMA,2007,1,101.6,15.83,-0.77
100016,BOCATOMA,2007,2,71.4,15.41,-0.82
100016,BOCATOMA,2007,3,54.3,13.82,-0.17
100016,BOCATOMA,2007,4,27.3,16.0,-4.07
100016,BOCATOMA,2007,5,0.0,13.56,-6.85
100016,BOCATOMA,2007,6,0.0,13.13,-9.24
100016,BOCATOMA,2007,7,0.0,11.75,-9.67
100016,BOCATOMA,2007,8,0.0,14.51,-7.65
100016,BOCATOMA,2007,9,2.2,15.27,-6.29
100016,BOCATOMA,2007,10,0.0,16.59,-6.19
100016,BOCATOMA,2007,11,6.0,16.85,-4.14
100016,BOCATOMA,2007,12,21.0,16.83,-2.45
100016,BOCATOMA,2008,1,206.9,13.87,0.63
100016,BOCATOMA,2008,2,35.3,15.77,-1.74
100016,BOCATOMA,2008,3,49.3,15.71,-2.04
100016,BOCATOMA,2008,4,0.0,15.07,-8.04
100016,BOCATOMA,2008,5,0.0,13.29,-10.21
100016,BOCATOMA,2008,6,0.0,12.85,-11.67
100016,BOCATOMA,2008,7,0.0,13.28,-10.65
100016,BOCATOMA,2008,8,5.5,14.39,-10.65
100016,BOCATOMA,2008,9,0.0,14.62,-10.77
100016,BOCATOMA,2008,10,1.1,16.74,-6.37
100016,BOCATOMA,2008,11,0.0,18.29,-5.96
100016,BOCATOMA,2008,12,37.5,17.27,-2.92
100016,BOCATOMA,2009,1,19.2,16.98,-3.57
100016,BOCATOMA,2009,2,94.1,15.24,-0.72
100016,BOCATOMA,2009,3,71.2,15.34,-3.21
100016,BOCATOMA,2009,4,29.1,15.3,-5.41
100016,BOCATOMA,2009,5,0.0,14.94,-9.63
100016,BOCATOMA,2009,6,0.0,13.3,-11.92
100016,BOCATOMA,2009,7,0.0,12.67,-8.81
100016,BOCATOMA,2009,8,0.0,13.33,-11.81
100016,BOCATOMA,2009,9,0.0,14.64,-9.93
100016,BOCATOMA,2009,10,0.0,17.28,-6.26
100016,BOCATOMA,2009,11,7.9,17.98,-1.54
100016,BOCATOMA,2009,12,15.7,17.68,-1.96
100016,BOCATOMA,2010,1,64.2,16.65,-0.33
100016,BOCATOMA,2010,2,41.1,16.61,1.04
100016,BOCATOMA,2010,3,16.0,17.79,-0.28
100016,BOCATOMA,2010,4,22.1,16.6,-3.92
100016,BOCATOMA,2010,5,1.7,14.84,-4.59
100016,BOCATOMA,2010,6,0.0,15.7,-8.48
100016,BOCATOMA,2010,7,0.0,15.13,-9.18
100016,BOCATOMA,2010,8,0.0,15.94,-10.13
100016,BOCATOMA,2010,9,0.0,16.86,-8.82
100016,BOCATOMA,2010,10,9.6,16.88,-5.51
100016,BOCATOMA,2010,11,0.0,17.94,-7.4
100016,BOCATOMA,2010,12,31.6,17.44,-1.72
100016,BOCATOMA,2011,1,90.8,16.08,-1.34
100016,BOCATOMA,2011,2,216.5,12.25,-999.0
100016,BOCATOMA,2011,3,25.6,14.7,-1.87
100016,BOCATOMA,2011,4,19.4,15.64,-4.27
100016,BOCATOMA,2011,5,18.7,14.2,-7.13
100016,BOCATOMA,2011,6,0.0,14.1,-9.79
100016,BOCATOMA,2011,7,3.6,13.05,-9.47
100016,BOCATOMA,2011,8,0.0,13.91,-9.12
100016,BOCATOMA,2011,9,0.0,15.5,-8.46
100016,BOCATOMA,2011,10,0.0,16.34,-7.2
100016,BOCATOMA,2011,11,15.2,18.2,-4.98
100016,BOCATOMA,2011,12,141.2,15.38,-3.11
100016,BOCATOMA,2012,1,-999.0,13.35,-0.08
100016,BOCATOMA,2012,2,216.7,12.67,0.01
100016,BOCATOMA,2012,3,36.9,14.13,-1.78
100016,BOCATOMA,2012,4,24.7,14.87,-3.18
100016,BOCATOMA,2012,5,0.0,14.22,-8.85
100016,BOCATOMA,2012,6,0.0,13.71,-10.5
100016,BOCATOMA,2012,7,0.0,13.54,-10.5
100016,BOCATOMA,2012,8,0.0,14.44,-11.26
100016,BOCATOMA,2012,9,1.2,15.97,-9.33
100016,BOCATOMA,2012,10,14.7,17.44,-6.69
100016,BOCATOMA,2012,11,1.2,18.42,-4.93
100016,BOCATOMA,2012,12,79.0,15.31,-0.34
100016,BOCATOMA,2013,1,99.6,14.12,-0.71
100016,BOCATOMA,2013,2,62.9,15.51,-1.93
100016,BOCATOMA,2013,3,21.1,16.38,-4.17
100016,BOCATOMA,2013,4,0.0,16.32,-8.13
100016,BOCATOMA,2013,5,5.3,15.81,-7.42
100016,BOCATOMA,2013,6,14.4,12.39,-8.54
100016,BOCATOMA,2013,7,0.0,13.12,-9.08
100016,BOCATOMA,2013,8,0.0,14.16,-10.25
100016,BOCATOMA,2013,9,0.0,15.55,-10.13
100016,BOCATOMA,2013,10,4.0,17.13,-6.58
100016,BOCATOMA,2013,11,0.0,18.69,-6.32
100016,BOCATOMA,2013,12,107.8,16.69,0.24
100016,BOCATOMA,2014,1,67.0,15.35,0.05
100016,BOCATOMA,2014,2,1.2,18.21,-3.95
100016,BOCATOMA,2014,3,13.0,17.74,-4.61
100016,BOCATOMA,2014,4,23.1,16.16,-4.81
100016,BOCATOMA,2014,5,0.0,14.79,-8.86
100016,BOCATOMA,2014,6,0.0,14.61,-9.69
100016,BOCATOMA,2014,7,0.0,14.18,-9.41
100016,BOCATOMA,2014,8,0.0,14.88,-8.93
100016,BOCATOMA,2014,9,0.0,15.45,-7.01
100016,BOCATOMA,2014,10,15.8,17.01,-4.66
100016,BOCATOMA,2014,11,15.2,17.25,-4.92
100016,BOCATOMA,2014,12,7.5,18.15,-3.56
100016,BOCATOMA,2015,1,81.6,14.89,-2.0
100016,BOCATOMA,2015,2,95.9,15.04,-999.0
100016,BOCATOMA,2015,3,132.2,15.23,-0.32
100016,BOCATOMA,2015,4,66.5,14.4,-2.38
100016,BOCATOMA,2015,5,0.0,14.12,-7.69
100016,BOCATOMA,2015,6,0.0,14.77,-8.98
100016,BOCATOMA,2015,7,1.6,13.32,-8.8
100016,BOCATOMA,2015,8,0.0,14.49,-9.15
100016,BOCATOMA,2015,9,2.0,15.92,-8.27
100016,BOCATOMA,2015,10,0.0,16.63,-7.51
100016,BOCATOMA,2015,11,1.9,18.49,-5.74
100016,BOCATOMA,2015,12,0.0,18.28,-5.78
100016,BOCATOMA,2016,1,24.2,18.49,-2.38
100016,BOCATOMA,2016,2,144.9,15.84,-999.0
100016,BOCATOMA,2016,3,0.0,19.0,-2.45
100016,BOCATOMA,2016,4,13.7,16.09,-4.42
100016,BOCATOMA,2016,5,0.0,15.84,-8.27
100016,BOCATOMA,2016,6,0.0,14.03,-10.16
100016,BOCATOMA,2016,7,8.4,14.52,-8.31
100016,BOCATOMA,2016,8,0.0,15.17,-9.25
100016,BOCATOMA,2016,9,0.0,17.14,-8.36
100016,BOCATOMA,2016,10,0.0,16.42,-7.82
100016,BOCATOMA,2016,11,0.5,16.67,-7.23
100016,BOCATOMA,2016,12,24.2,18.09,-3.72
100016,BOCATOMA,2017,1,129.5,15.32,-999.0
100016,BOCATOMA,2017,2,97.6,16.63,-1.08
100016,BOCATOMA,2017,3,92.7,15.34,-0.56
100016,BOCATOMA,2017,4,0.0,15.6,-3.73
100016,BOCATOMA,2017,5,0.0,14.32,-7.55
100016,BOCATOMA,2017,6,0.0,14.26,-9.91
100016,BOCATOMA,2017,7,0.0,14.79,-11.41
100016,BOCATOMA,2017,8,0.0,15.0,-10.55
100016,BOCATOMA,2017,9,2.2,15.72,-6.12
100016,BOCATOMA,2017,10,4.7,17.38,-6.76
100016,BOCATOMA,2017,11,5.5,18.53,-6.55
100016,BOCATOMA,2017,12,45.3,17.37,-2.77
100016,BOCATOMA,2018,1,85.9,15.36,0.09
100016,BOCATOMA,2018,2,145.5,15.07,-999.0
100016,BOCATOMA,2018,3,18.7,15.94,-2.09
100016,BOCATOMA,2018,4,10.0,16.54,-5.45
100016,BOCATOMA,2018,5,0.0,16.05,-8.46
100016,BOCATOMA,2018,6,14.7,12.1,-7.31
100016,BOCATOMA,2018,7,18.0,11.81,-7.42
100016,BOCATOMA,2018,8,0.0,13.21,-10.78
100016,BOCATOMA,2018,9,0.0,15.9,-10.15
100016,BOCATOMA,2018,10,13.9,17.08,-5.3
100016,BOCATOMA,2018,11,1.5,19.29,-4.54
100016,BOCATOMA,2018,12,33.6,17.38,-3.95
100016,BOCATOMA,2019,1,130.6,15.45,-0.32
100016,BOCATOMA,2019,2,130.7,14.8,0.3
100016,BOCATOMA,2019,3,19.2,17.69,-1.94
100016,BOCATOMA,2019,4,0.6,16.53,-5.58
100016,BOCATOMA,2019,5,8.2,14.79,-8.83
100016,BOCATOMA,2019,6,0.0,15.41,-10.83
100016,BOCATOMA,2019,7,0.0,13.81,-10.24
100016,BOCATOMA,2019,8,0.0,15.96,-11.15
100016,BOCATOMA,2019,9,12.6,16.6,-6.43
100016,BOCATOMA,2019,10,5.7,17.25,-6.65
100016,BOCATOMA,2019,11,11.7,18.62,-2.12
100016,BOCATOMA,2019,12,14.6,18.79,-4.0
100016,BOCATOMA,2020,1,107.6,16.87,-999.0
100016,BOCATOMA,2020,2,140.7,15.52,-999.0
100016,BOCATOMA,2020,3,-999.0,-999.0,-999.0
100016,BOCATOMA,2020,4,-999.0,-999.0,-999.0
100016,BOCATOMA,2020,5,-999.0,-999.0,-999.0
100016,BOCATOMA,2020,6,-999.0,-999.0,-999.0
100016,BOCATOMA,2020,7,-999.0,-999.0,-999.0
100016,BOCATOMA,2020,8,-999.0,-999.0,-999.0
100016,BOCATOMA,2020,9,-999.0,-999.0,-999.0
100016,BOCATOMA,2020,10,-999.0,-999.0,-999.0
100016,BOCATOMA,2020,11,-999.0,-999.0,-999.0
100016,BOCATOMA,2020,12,83.4,15.51,-0.72
100016,BOCATOMA,2021,1,48.5,15.91,0.77
100016,BOCATOMA,2021,2,43.5,16.08,-0.88
100016,BOCATOMA,2021,3,55.5,15.33,-0.37
100016,BOCATOMA,2021,4,6.0,15.87,-4.81
100016,BOCATOMA,2021,5,5.5,14.55,-7.94
100016,BOCATOMA,2021,6,-999.0,-999.0,-999.0
100016,BOCATOMA,2021,7,0.0,13.89,-9.85
100016,BOCATOMA,2021,8,0.0,14.91,-9.27
100016,BOCATOMA,2021,9,-999.0,-999.0,-999.0
100016,BOCATOMA,2021,10,-999.0,-999.0,-999.0
100016,BOCATOMA,2021,11,-999.0,-999.0,-999.0
100016,BOCATOMA,2021,12,83.4,15.51,-0.72
100016,BOCATOMA,2022,1,-999.0,-999.0,-999.0
100016,BOCATOMA,2022,2,-999.0,-999.0,-999.0
100016,BOCATOMA,2022,3,-999.0,-999.0,-999.0
100016,BOCATOMA,2022,4,-999.0,-999.0,-999.0
100016,BOCATOMA,2022,5,-999.0,-999.0,-999.0
100016,BOCATOMA,2022,6,0.0,13.73,-9.57
100016,BOCATOMA,2022,7,0.0,15.03,-8.89
100016,BOCATOMA,2022,8,0.0,15.47,-9.78
100016,BOCATOMA,2022,9,0.0,15.9,-9.35
100016,BOCATOMA,2022,10,0.0,16.66,-999.0
100016,BOCATOMA,2022,11,11.6,17.28,-6.06
100016,BOCATOMA,2022,12,54.4,16.08,-2.0
100016,BOCATOMA,2023,1,47.0,16.85,-2.33
100016,BOCATOMA,2023,2,65.4,16.67,-0.69
100016,BOCATOMA,2023,3,93.1,16.42,-1.0
100016,BOCATOMA,2023,4,8.3,15.14,-5.13
100016,BOCATOMA,2023,5,6.3,14.17,-7.04
100016,BOCATOMA,2023,6,0.0,14.07,-10.98
100016,BOCATOMA,2023,7,4.2,15.13,-11.17
100016,BOCATOMA,2023,8,0.0,15.74,-9.97
100016,BOCATOMA,2023,9,0.0,16.63,-8.84
100016,BOCATOMA,2023,10,18.5,18.14,-3.67
100016,BOCATOMA,2023,11,19.7,18.19,-2.56
100016,BOCATOMA,2023,12,79.0,19.27,-0.03
100016,BOCATOMA,2024,1,59.9,19.11,0.95
100016,BOCATOMA,2024,2,159.4,15.42,1.5
100016,BOCATOMA,2024,3,150.7,15.05,1.68
100016,BOCATOMA,2024,4,1.0,17.75,-1.9
100016,BOCATOMA,2024,5,0.0,16.37,-6.35
100016,BOCATOMA,2024,6,0.0,15.3,-8.44
100016,BOCATOMA,2024,7,0.0,14.38,-10.26
100016,BOCATOMA,2024,8,0.0,15.32,-8.78
100016,BOCATOMA,2024,9,0.0,17.57,-6.69
100016,BOCATOMA,2024,10,0.2,17.92,-5.04
100016,BOCATOMA,2024,11,44.0,16.85,-3.08
100016,BOCATOMA,2024,12,0.0,18.72,-1.39
100016,BOCATOMA,2025,1,175.8,17.06,-0.21
100016,BOCATOMA,2025,2,58.7,16.24,0.97
100016,BOCATOMA,2025,3,83.2,16.04,-0.0
100016,BOCATOMA,2025,4,29.0,16.31,-4.12
100016,BOCATOMA,2025,5,0.0,15.56,-6.07
100016,BOCATOMA,2025,6,0.0,13.31,-9.22
100016,BOCATOMA,2025,7,0.0,15.09,-10.68
100016,BOCATOMA,2025,8,0.0,-999.0,-10.59
100016,BOCATOMA,2025,9,0.0,-999.0,-999.0
100016,BOCATOMA,2025,10,0.0,-999.0,-999.0
100016,BOCATOMA,2025,11,2.4,-999.0,-999.0
100016,BOCATOMA,2025,12,29.1,-999.0,-999.0
