CODIGO,ESTACION,YEAR,MONTH,PP,TMAX,TMIN
100059,ICHUÑA,1990,1,111.4,-999.0,-999.0
100059,ICHUÑA,1990,2,32.6,-999.0,-999.0
100059,ICHUÑA,1990,3,48.3,-999.0,-999.0
100059,ICHUÑA,1990,4,20.1,-999.0,-999.0
100059,ICHUÑA,1990,5,10.8,-999.0,-999.0
100059,ICHUÑA,1990,6,42.9,-999.0,-999.0
100059,ICHUÑA,1990,7,0.0,-999.0,-999.0
100059,ICHUÑA,1990,8,8.9,-999.0,-999.0
100059,ICHUÑA,1990,9,0.0,-999.0,-999.0
100059,ICHUÑA,1990,10,22.0,-999.0,-999.0
100059,ICHUÑA,1990,11,73.2,-999.0,-999.0
100059,ICHUÑA,1990,12,46.1,-999.0,-999.0
100059,ICHUÑA,1991,1,72.5,-999.0,-999.0
100059,ICHUÑA,1991,2,74.7,-999.0,-999.0
100059,ICHUÑA,1991,3,116.4,-999.0,-999.0
100059,ICHUÑA,1991,4,16.1,-999.0,-999.0
100059,ICHUÑA,1991,5,1.3,-999.0,-999.0
100059,ICHUÑA,1991,6,23.6,-999.0,-999.0
100059,ICHUÑA,1991,7,0.0,-999.0,-999.0
100059,ICHUÑA,1991,8,0.0,-999.0,-999.0
100059,ICHUÑA,1991,9,3.3,-999.0,-999.0
100059,ICHUÑA,1991,10,10.5,-999.0,-999.0
100059,ICHUÑA,1991,11,10.2,-999.0,-999.0
100059,ICHUÑA,1991,12,29.1,-999.0,-999.0
100059,ICHUÑA,1992,1,84.5,-999.0,-999.0
100059,ICHUÑA,1992,2,29.0,-999.0,-999.0
100059,ICHUÑA,1992,3,2.5,-999.0,-999.0
100059,ICHUÑA,1992,4,8.2,-999.0,-999.0
100059,ICHUÑA,1992,5,0.0,-999.0,-999.0
100059,ICHUÑA,1992,6,4.0,-999.0,-999.0
100059,ICHUÑA,1992,7,0.0,-999.0,-999.0
100059,ICHUÑA,1992,8,20.3,-999.0,-999.0
100059,ICHUÑA,1992,9,0.0,-999.0,-999.0
100059,ICHUÑA,1992,10,16.7,-999.0,-999.0
100059,ICHUÑA,1992,11,11.8,-999.0,-999.0
100059,ICHUÑA,1992,12,59.9,-999.0,-999.0
100059,ICHUÑA,1993,1,215.8,-999.0,-999.0
100059,ICHUÑA,1993,2,37.0,-999.0,-999.0
100059,ICHUÑA,1993,3,137.0,-999.0,-999.0
100059,ICHUÑA,1993,4,28.6,-999.0,-999.0
100059,ICHUÑA,1993,5,0.0,-999.0,-999.0
100059,ICHUÑA,1993,6,7.1,-999.0,-999.0
100059,ICHUÑA,1993,7,0.0,-999.0,-999.0
100059,ICHUÑA,1993,8,15.4,-999.0,-999.0
100059,ICHUÑA,1993,9,2.1,-999.0,-999.0
100059,ICHUÑA,1993,10,32.0,-999.0,-999.0
100059,ICHUÑA,1993,11,77.7,-999.0,-999.0
100059,ICHUÑA,1993,12,74.3,-999.0,-999.0
100059,ICHUÑA,1994,1,165.3,-999.0,-999.0
100059,ICHUÑA,1994,2,234.8,-999.0,-999.0
100059,ICHUÑA,1994,3,92.3,-999.0,-999.0
100059,ICHUÑA,1994,4,106.4,-999.0,-999.0
100059,ICHUÑA,1994,5,4.8,-999.0,-999.0
100059,ICHUÑA,1994,6,0.0,-999.0,-999.0
100059,ICHUÑA,1994,7,0.0,-999.0,-999.0
100059,ICHUÑA,1994,8,0.0,-999.0,-999.0
100059,ICHUÑA,1994,9,2.1,-999.0,-999.0
100059,ICHUÑA,1994,10,0.3,-999.0,-999.0
100059,ICHUÑA,1994,11,41.8,-999.0,-999.0
100059,ICHUÑA,1994,12,103.8,-999.0,-999.0
100059,ICHUÑA,1995,1,85.2,-999.0,-999.0
100059,ICHUÑA,1995,2,67.5,-999.0,-999.0
100059,ICHUÑA,1995,3,111.2,-999.0,-999.0
100059,ICHUÑA,1995,4,16.6,-999.0,-999.0
100059,ICHUÑA,1995,5,0.0,-999.0,-999.0
100059,ICHUÑA,1995,6,0.0,-999.0,-999.0
100059,ICHUÑA,1995,7,0.0,-999.0,-999.0
100059,ICHUÑA,1995,8,0.2,-999.0,-999.0
100059,ICHUÑA,1995,9,0.2,-999.0,-999.0
100059,ICHUÑA,1995,10,1.9,-999.0,-999.0
100059,ICHUÑA,1995,11,25.7,-999.0,-999.0
100059,ICHUÑA,1995,12,81.6,-999.0,-999.0
100059,ICHUÑA,1996,1,245.7,-999.0,-999.0
100059,ICHUÑA,1996,2,139.9,-999.0,-999.0
100059,ICHUÑA,1996,3,54.4,-999.0,-999.0
100059,ICHUÑA,1996,4,31.9,-999.0,-999.0
100059,ICHUÑA,1996,5,8.9,-999.0,-999.0
100059,ICHUÑA,1996,6,0.0,-999.0,-999.0
100059,ICHUÑA,1996,7,0.0,-999.0,-999.0
100059,ICHUÑA,1996,8,22.9,-999.0,-999.0
100059,ICHUÑA,1996,9,2.1,-999.0,-999.0
100059,ICHUÑA,1996,10,7.5,-999.0,-999.0
100059,ICHUÑA,1996,11,37.0,-999.0,-999.0
100059,ICHUÑA,1996,12,67.6,-999.0,-999.0
100059,ICHUÑA,1997,1,145.9,-999.0,-999.0
100059,ICHUÑA,1997,2,200.7,-999.0,-999.0
100059,ICHUÑA,1997,3,27.8,-999.0,-999.0
100059,ICHUÑA,1997,4,33.7,-999.0,-999.0
100059,ICHUÑA,1997,5,8.5,-999.0,-999.0
100059,ICHUÑA,1997,6,0.0,-999.0,-999.0
100059,ICHUÑA,1997,7,0.0,-999.0,-999.0
100059,ICHUÑA,1997,8,41.3,-999.0,-999.0
100059,ICHUÑA,1997,9,41.9,-999.0,-999.0
100059,ICHUÑA,1997,10,14.1,-999.0,-999.0
100059,ICHUÑA,1997,11,47.3,-999.0,-999.0
100059,ICHUÑA,1997,12,54.9,-999.0,-999.0
100059,ICHUÑA,1998,1,192.3,-999.0,-999.0
100059,ICHUÑA,1998,2,94.0,-999.0,-999.0
100059,ICHUÑA,1998,3,50.5,-999.0,-999.0
100059,ICHUÑA,1998,4,8.6,-999.0,-999.0
100059,ICHUÑA,1998,5,0.0,-999.0,-999.0
100059,ICHUÑA,1998,6,1.5,-999.0,-999.0
100059,ICHUÑA,1998,7,0.0,-999.0,-999.0
100059,ICHUÑA,1998,8,0.0,-999.0,-999.0
100059,ICHUÑA,1998,9,0.0,-999.0,-999.0
100059,ICHUÑA,1998,10,2.6,-999.0,-999.0
100059,ICHUÑA,1998,11,55.6,-999.0,-999.0
100059,ICHUÑA,1998,12,27.5,-999.0,-999.0
100059,ICHUÑA,1999,1,62.0,-999.0,-999.0
100059,ICHUÑA,1999,2,214.3,-999.0,-999.0
100059,ICHUÑA,1999,3,183.1,-999.0,-999.0
100059,ICHUÑA,1999,4,54.4,-999.0,-999.0
100059,ICHUÑA,1999,5,1.3,-999.0,-999.0
100059,ICHUÑA,1999,6,0.0,-999.0,-999.0
100059,ICHUÑA,1999,7,0.0,-999.0,-999.0
100059,ICHUÑA,1999,8,4.7,-999.0,-999.0
100059,ICHUÑA,1999,9,0.5,-999.0,-999.0
100059,ICHUÑA,1999,10,45.0,-999.0,-999.0
100059,ICHUÑA,1999,11,1.0,-999.0,-999.0
100059,ICHUÑA,1999,12,68.0,-999.0,-999.0
100059,ICHUÑA,2000,1,198.4,-999.0,-999.0
100059,ICHUÑA,2000,2,142.7,-999.0,-999.0
100059,ICHUÑA,2000,3,54.4,-999.0,-999.0
100059,ICHUÑA,2000,4,21.1,-999.0,-999.0
100059,ICHUÑA,2000,5,3.1,-999.0,-999.0
100059,ICHUÑA,2000,6,0.0,-999.0,-999.0
100059,ICHUÑA,2000,7,0.0,-999.0,-999.0
100059,ICHUÑA,2000,8,4.7,-999.0,-999.0
100059,ICHUÑA,2000,9,0.0,-999.0,-999.0
100059,ICHUÑA,2000,10,30.0,-999.0,-999.0
100059,ICHUÑA,2000,11,5.1,-999.0,-999.0
100059,ICHUÑA,2000,12,118.4,-999.0,-999.0
100059,ICHUÑA,2001,1,233.6,-999.0,-999.0
100059,ICHUÑA,2001,2,195.3,-999.0,-999.0
100059,ICHUÑA,2001,3,116.0,-999.0,-999.0
100059,ICHUÑA,2001,4,38.9,-999.0,-999.0
100059,ICHUÑA,2001,5,4.1,-999.0,-999.0
100059,ICHUÑA,2001,6,0.0,-999.0,-999.0
100059,ICHUÑA,2001,7,0.5,-999.0,-999.0
100059,ICHUÑA,2001,8,6.7,-999.0,-999.0
100059,ICHUÑA,2001,9,2.6,-999.0,-999.0
100059,ICHUÑA,2001,10,23.4,-999.0,-999.0
100059,ICHUÑA,2001,11,29.3,-999.0,-999.0
100059,ICHUÑA,2001,12,83.1,-999.0,-999.0
100059,ICHUÑA,2002,1,73.6,-999.0,-999.0
100059,ICHUÑA,2002,2,176.6,-999.0,-999.0
100059,ICHUÑA,2002,3,180.8,-999.0,-999.0
100059,ICHUÑA,2002,4,44.0,-999.0,-999.0
100059,ICHUÑA,2002,5,7.0,-999.0,-999.0
100059,ICHUÑA,2002,6,0.5,-999.0,-999.0
100059,ICHUÑA,2002,7,18.3,-999.0,-999.0
100059,ICHUÑA,2002,8,0.6,17.59,-999.0
100059,ICHUÑA,2002,9,7.1,18.91,-999.0
100059,ICHUÑA,2002,10,45.2,19.57,-999.0
100059,ICHUÑA,2002,11,44.6,20.66,-999.0
100059,ICHUÑA,2002,12,80.6,20.95,-999.0
100059,ICHUÑA,2003,1,76.2,19.69,-999.0
100059,ICHUÑA,2003,2,120.7,19.5,-999.0
100059,ICHUÑA,2003,3,110.2,18.35,-999.0
100059,ICHUÑA,2003,4,27.1,19.36,-999.0
100059,ICHUÑA,2003,5,3.2,19.02,-999.0
100059,ICHUÑA,2003,6,0.0,18.86,-3.45
100059,ICHUÑA,2003,7,0.0,18.28,-999.0
100059,ICHUÑA,2003,8,4.1,18.7,-3.05
100059,ICHUÑA,2003,9,0.0,19.53,-2.78
100059,ICHUÑA,2003,10,14.6,21.78,0.14
100059,ICHUÑA,2003,11,1.7,22.71,0.78
100059,ICHUÑA,2003,12,62.3,21.75,3.68
100059,ICHUÑA,2004,1,139.1,18.21,-999.0
100059,ICHUÑA,2004,2,123.7,19.11,-999.0
100059,ICHUÑA,2004,3,79.4,20.07,-999.0
100059,ICHUÑA,2004,4,51.5,19.52,-999.0
100059,ICHUÑA,2004,5,0.0,18.71,-2.83
100059,ICHUÑA,2004,6,0.0,17.0,-3.17
100059,ICHUÑA,2004,7,14.9,16.57,-999.0
100059,ICHUÑA,2004,8,-999.0,17.49,-999.0
100059,ICHUÑA,2004,9,18.0,20.26,-999.0
100059,ICHUÑA,2004,10,0.0,22.2,-999.0
100059,ICHUÑA,2004,11,14.0,23.01,3.4
100059,ICHUÑA,2004,12,48.1,22.34,-999.0
100059,ICHUÑA,2005,1,114.1,19.62,-999.0
100059,ICHUÑA,2005,2,-999.0,17.91,-999.0
100059,ICHUÑA,2005,3,-999.0,19.75,-999.0
100059,ICHUÑA,2005,4,27.1,19.74,-999.0
100059,ICHUÑA,2005,5,0.0,19.65,-999.0
100059,ICHUÑA,2005,6,0.0,18.29,-999.0
100059,ICHUÑA,2005,7,0.0,18.61,-999.0
100059,ICHUÑA,2005,8,0.0,19.68,-2.77
100059,ICHUÑA,2005,9,17.7,18.62,-0.14
100059,ICHUÑA,2005,10,4.7,21.13,2.24
100059,ICHUÑA,2005,11,27.4,21.7,2.48
100059,ICHUÑA,2005,12,77.0,20.62,5.25
100059,ICHUÑA,2006,1,185.5,17.65,5.45
100059,ICHUÑA,2006,2,83.8,19.14,5.65
100059,ICHUÑA,2006,3,110.0,18.91,6.27
100059,ICHUÑA,2006,4,17.0,19.41,3.52
100059,ICHUÑA,2006,5,0.0,19.09,-1.43
100059,ICHUÑA,2006,6,0.0,18.36,-2.62
100059,ICHUÑA,2006,7,0.0,18.5,-3.8
100059,ICHUÑA,2006,8,0.0,19.65,-0.79
100059,ICHUÑA,2006,9,12.0,20.63,-1.06
100059,ICHUÑA,2006,10,10.9,21.91,2.67
100059,ICHUÑA,2006,11,63.7,21.5,4.34
100059,ICHUÑA,2006,12,91.9,21.95,4.58
100059,ICHUÑA,2007,1,144.3,20.37,5.77
100059,ICHUÑA,2007,2,57.4,19.81,5.17
100059,ICHUÑA,2007,3,146.4,18.28,5.75
100059,ICHUÑA,2007,4,28.7,20.35,3.63
100059,ICHUÑA,2007,5,0.0,18.99,0.61
100059,ICHUÑA,2007,6,0.0,19.59,-0.34
100059,ICHUÑA,2007,7,0.0,17.86,-999.0
100059,ICHUÑA,2007,8,0.0,20.4,-0.99
100059,ICHUÑA,2007,9,1.0,19.42,2.16
100059,ICHUÑA,2007,10,9.9,22.14,2.75
100059,ICHUÑA,2007,11,29.6,21.63,1.9
100059,ICHUÑA,2007,12,95.0,20.74,4.54
100059,ICHUÑA,2008,1,174.2,18.68,5.85
100059,ICHUÑA,2008,2,91.6,20.14,5.21
100059,ICHUÑA,2008,3,67.8,20.02,4.82
100059,ICHUÑA,2008,4,0.0,20.91,1.24
100059,ICHUÑA,2008,5,0.0,19.38,-2.12
100059,ICHUÑA,2008,6,0.0,19.11,-2.64
100059,ICHUÑA,2008,7,0.0,19.39,-3.2
100059,ICHUÑA,2008,8,3.0,20.54,-2.93
100059,ICHUÑA,2008,9,0.0,21.62,-1.24
100059,ICHUÑA,2008,10,5.7,22.02,2.8
100059,ICHUÑA,2008,11,0.0,23.47,3.65
100059,ICHUÑA,2008,12,136.5,20.04,5.19
100059,ICHUÑA,2009,1,73.2,20.69,-999.0
100059,ICHUÑA,2009,2,161.6,18.7,-999.0
100059,ICHUÑA,2009,3,48.6,19.92,-999.0
100059,ICHUÑA,2009,4,36.9,20.39,3.13
100059,ICHUÑA,2009,5,1.2,19.97,-999.0
100059,ICHUÑA,2009,6,0.0,18.83,-3.99
100059,ICHUÑA,2009,7,13.6,17.65,-999.0
100059,ICHUÑA,2009,8,0.0,20.04,-3.24
100059,ICHUÑA,2009,9,26.5,21.2,1.08
100059,ICHUÑA,2009,10,7.6,23.24,2.86
100059,ICHUÑA,2009,11,60.9,21.64,4.98
100059,ICHUÑA,2009,12,86.4,22.15,4.8
100059,ICHUÑA,2010,1,129.8,20.4,6.21
100059,ICHUÑA,2010,2,191.0,20.55,7.18
100059,ICHUÑA,2010,3,30.5,21.82,5.72
100059,ICHUÑA,2010,4,38.7,21.42,3.78
100059,ICHUÑA,2010,5,10.5,19.99,0.55
100059,ICHUÑA,2010,6,0.0,20.83,-999.0
100059,ICHUÑA,2010,7,1.7,19.5,-999.0
100059,ICHUÑA,2010,8,0.0,21.67,-0.88
100059,ICHUÑA,2010,9,0.0,22.22,0.17
100059,ICHUÑA,2010,10,8.6,22.76,2.2
100059,ICHUÑA,2010,11,5.2,23.24,1.16
100059,ICHUÑA,2010,12,168.6,20.49,5.26
100059,ICHUÑA,2011,1,155.8,-999.0,-999.0
100059,ICHUÑA,2011,2,205.7,18.21,-999.0
100059,ICHUÑA,2011,3,77.4,19.33,4.97
100059,ICHUÑA,2011,4,62.3,20.45,3.6
100059,ICHUÑA,2011,5,1.2,19.86,-999.0
100059,ICHUÑA,2011,6,0.0,19.19,-2.09
100059,ICHUÑA,2011,7,0.0,18.55,-1.89
100059,ICHUÑA,2011,8,0.0,20.57,-0.62
100059,ICHUÑA,2011,9,2.5,21.05,1.46
100059,ICHUÑA,2011,10,0.0,22.32,0.85
100059,ICHUÑA,2011,11,33.2,23.18,3.5
100059,ICHUÑA,2011,12,114.0,20.15,4.9
100059,ICHUÑA,2012,1,220.2,19.43,5.07
100059,ICHUÑA,2012,2,219.9,18.49,5.66
100059,ICHUÑA,2012,3,151.5,19.32,5.23
100059,ICHUÑA,2012,4,77.2,18.56,4.27
100059,ICHUÑA,2012,5,15.1,19.62,0.14
100059,ICHUÑA,2012,6,0.0,19.12,-2.43
100059,ICHUÑA,2012,7,0.0,19.51,-2.62
100059,ICHUÑA,2012,8,0.0,20.6,-1.53
100059,ICHUÑA,2012,9,4.0,21.55,1.21
100059,ICHUÑA,2012,10,9.7,22.45,3.09
100059,ICHUÑA,2012,11,26.9,22.93,4.17
100059,ICHUÑA,2012,12,149.7,20.17,5.43
100059,ICHUÑA,2013,1,146.5,20.37,6.3
100059,ICHUÑA,2013,2,118.3,20.0,6.36
100059,ICHUÑA,2013,3,80.6,21.1,5.16
100059,ICHUÑA,2013,4,2.4,22.12,1.58
100059,ICHUÑA,2013,5,17.0,19.62,1.39
100059,ICHUÑA,2013,6,10.1,17.27,-999.0
100059,ICHUÑA,2013,7,10.4,18.19,0.03
100059,ICHUÑA,2013,8,15.3,19.45,-1.25
100059,ICHUÑA,2013,9,0.0,21.69,0.04
100059,ICHUÑA,2013,10,51.4,22.42,2.55
100059,ICHUÑA,2013,11,26.8,23.13,3.54
100059,ICHUÑA,2013,12,116.3,21.08,5.81
100059,ICHUÑA,2014,1,156.1,19.7,5.77
100059,ICHUÑA,2014,2,40.7,22.44,4.87
100059,ICHUÑA,2014,3,70.1,20.73,5.53
100059,ICHUÑA,2014,4,38.9,20.46,3.73
100059,ICHUÑA,2014,5,1.6,19.68,-0.47
100059,ICHUÑA,2014,6,0.0,20.06,-1.77
100059,ICHUÑA,2014,7,0.0,18.61,-1.75
100059,ICHUÑA,2014,8,11.2,19.36,0.45
100059,ICHUÑA,2014,9,16.0,20.25,2.81
100059,ICHUÑA,2014,10,18.8,21.66,3.69
100059,ICHUÑA,2014,11,19.4,23.16,3.55
100059,ICHUÑA,2014,12,29.1,22.77,5.23
100059,ICHUÑA,2015,1,142.3,20.28,5.21
100059,ICHUÑA,2015,2,99.9,19.26,6.32
100059,ICHUÑA,2015,3,121.6,19.59,-999.0
100059,ICHUÑA,2015,4,88.7,18.08,4.5
100059,ICHUÑA,2015,5,0.0,19.4,0.75
100059,ICHUÑA,2015,6,0.0,20.65,-0.71
100059,ICHUÑA,2015,7,5.7,19.16,-2.8
100059,ICHUÑA,2015,8,15.9,19.15,-0.46
100059,ICHUÑA,2015,9,10.0,20.66,1.33
100059,ICHUÑA,2015,10,13.7,21.68,2.26
100059,ICHUÑA,2015,11,44.3,23.09,3.92
100059,ICHUÑA,2015,12,20.0,23.55,5.15
100059,ICHUÑA,2016,1,42.7,24.17,-999.0
100059,ICHUÑA,2016,2,187.6,20.58,7.05
100059,ICHUÑA,2016,3,36.3,23.37,5.71
100059,ICHUÑA,2016,4,61.5,19.97,4.33
100059,ICHUÑA,2016,5,0.0,20.27,-0.3
100059,ICHUÑA,2016,6,5.0,18.8,-2.08
100059,ICHUÑA,2016,7,4.0,19.44,-1.13
100059,ICHUÑA,2016,8,1.2,20.42,-0.94
100059,ICHUÑA,2016,9,6.8,22.05,0.62
100059,ICHUÑA,2016,10,7.2,21.84,2.1
100059,ICHUÑA,2016,11,9.0,22.97,1.91
100059,ICHUÑA,2016,12,55.2,22.5,4.84
100059,ICHUÑA,2017,1,-999.0,-999.0,-999.0
100059,ICHUÑA,2017,2,-999.0,-999.0,-999.0
100059,ICHUÑA,2017,3,-999.0,-999.0,-999.0
100059,ICHUÑA,2017,4,-999.0,-999.0,-999.0
100059,ICHUÑA,2017,5,-999.0,-999.0,-999.0
100059,ICHUÑA,2017,6,-999.0,-999.0,-999.0
100059,ICHUÑA,2017,7,-999.0,-999.0,-999.0
100059,ICHUÑA,2017,8,-999.0,-999.0,-999.0
100059,ICHUÑA,2017,9,-999.0,-999.0,-999.0
100059,ICHUÑA,2017,10,-999.0,-999.0,-999.0
100059,ICHUÑA,2017,11,-999.0,-999.0,-999.0
100059,ICHUÑA,2017,12,-999.0,-999.0,-999.0
100059,ICHUÑA,2018,1,-999.0,-999.0,-999.0
100059,ICHUÑA,2018,2,-999.0,-999.0,-999.0
100059,ICHUÑA,2018,3,-999.0,-999.0,-999.0
100059,ICHUÑA,2018,4,-999.0,-999.0,-999.0
100059,ICHUÑA,2018,5,-999.0,-999.0,-999.0
100059,ICHUÑA,2018,6,-999.0,-999.0,-999.0
100059,ICHUÑA,2018,7,-999.0,-999.0,-999.0
100059,ICHUÑA,2018,8,-999.0,-999.0,-999.0
100059,ICHUÑA,2018,9,-999.0,-999.0,-999.0
100059,ICHUÑA,2018,10,-999.0,-999.0,-999.0
100059,ICHUÑA,2018,11,-999.0,-999.0,-999.0
100059,ICHUÑA,2018,12,-999.0,-999.0,-999.0
100059,ICHUÑA,2019,1,-999.0,-999.0,-999.0
100059,ICHUÑA,2019,2,-999.0,-999.0,-999.0
100059,ICHUÑA,2019,3,-999.0,-999.0,-999.0
100059,ICHUÑA,2019,4,-999.0,-999.0,-999.0
100059,ICHUÑA,2019,5,-999.0,-999.0,-999.0
100059,ICHUÑA,2019,6,-999.0,-999.0,-999.0
100059,ICHUÑA,2019,7,-999.0,-999.0,-999.0
100059,ICHUÑA,2019,8,-999.0,-999.0,-999.0
100059,ICHUÑA,2019,9,-999.0,-999.0,-999.0
100059,ICHUÑA,2019,10,-999.0,-999.0,-999.0
100059,ICHUÑA,2019,11,-999.0,-999.0,-999.0
100059,ICHUÑA,2019,12,80.1,21.93,4.3
100059,ICHUÑA,2020,1,122.9,19.61,5.98
100059,ICHUÑA,2020,2,233.6,18.2,6.37
100059,ICHUÑA,2020,3,-999.0,-999.0,-999.0
100059,ICHUÑA,2020,4,-999.0,-999.0,-999.0
100059,ICHUÑA,2020,5,-999.0,-999.0,-999.0
100059,ICHUÑA,2020,6,-999.0,-999.0,-999.0
100059,ICHUÑA,2020,7,-999.0,-999.0,-999.0
100059,ICHUÑA,2020,8,0.0,20.78,-1.19
100059,ICHUÑA,2020,9,11.3,20.2,1.81
100059,ICHUÑA,2020,10,67.0,19.65,3.36
100059,ICHUÑA,2020,11,0.5,22.73,2.43
100059,ICHUÑA,2020,12,145.3,20.4,4.68
100059,ICHUÑA,2021,1,124.1,18.12,5.62
100059,ICHUÑA,2021,2,119.5,18.56,4.78
100059,ICHUÑA,2021,3,77.3,17.35,5.35
100059,ICHUÑA,2021,4,52.9,18.49,3.37
100059,ICHUÑA,2021,5,0.0,19.17,-999.0
100059,ICHUÑA,2021,6,0.0,18.0,-999.0
100059,ICHUÑA,2021,7,0.0,19.06,-2.13
100059,ICHUÑA,2021,8,4.6,19.09,-1.57
100059,ICHUÑA,2021,9,7.1,20.19,2.13
100059,ICHUÑA,2021,10,17.5,21.34,2.61
100059,ICHUÑA,2021,11,46.4,21.19,3.41
100059,ICHUÑA,2021,12,79.3,21.93,2.77
100059,ICHUÑA,2022,1,169.1,17.66,5.62
100059,ICHUÑA,2022,2,132.0,18.22,5.29
100059,ICHUÑA,2022,3,74.2,18.6,5.48
100059,ICHUÑA,2022,4,15.8,20.0,1.46
100059,ICHUÑA,2022,5,0.0,19.63,-1.42
100059,ICHUÑA,2022,6,0.0,17.91,-3.74
100059,ICHUÑA,2022,7,0.3,19.39,-1.73
100059,ICHUÑA,2022,8,0.0,19.58,-1.65
100059,ICHUÑA,2022,9,0.0,20.88,-1.07
100059,ICHUÑA,2022,10,0.0,21.49,-1.12
100059,ICHUÑA,2022,11,1.7,21.97,1.85
100059,ICHUÑA,2022,12,71.5,19.62,4.15
100059,ICHUÑA,2023,1,78.3,19.88,4.87
100059,ICHUÑA,2023,2,148.0,18.81,5.69
100059,ICHUÑA,2023,3,103.5,18.87,5.92
100059,ICHUÑA,2023,4,13.7,20.01,2.53
100059,ICHUÑA,2023,5,7.0,19.07,0.65
100059,ICHUÑA,2023,6,0.0,19.36,-3.49
100059,ICHUÑA,2023,7,0.5,20.55,-2.58
100059,ICHUÑA,2023,8,0.0,19.68,-2.1
100059,ICHUÑA,2023,9,0.0,21.65,0.64
100059,ICHUÑA,2023,10,16.2,22.79,4.86
100059,ICHUÑA,2023,11,30.2,22.05,5.12
100059,ICHUÑA,2023,12,135.6,21.27,6.95
100059,ICHUÑA,2024,1,55.2,21.19,7.72
100059,ICHUÑA,2024,2,141.5,20.94,7.56
100059,ICHUÑA,2024,3,120.9,18.97,7.72
100059,ICHUÑA,2024,4,25.5,20.93,4.75
100059,ICHUÑA,2024,5,18.8,20.63,1.57
100059,ICHUÑA,2024,6,0.2,20.2,-1.43
100059,ICHUÑA,2024,7,0.0,20.19,-2.67
100059,ICHUÑA,2024,8,0.0,20.34,-2.56
100059,ICHUÑA,2024,9,0.1,21.99,2.73
100059,ICHUÑA,2024,10,3.8,21.89,3.34
100059,ICHUÑA,2024,11,82.3,21.01,4.96
100059,ICHUÑA,2024,12,32.5,22.48,6.89
100059,ICHUÑA,2025,1,135.1,19.24,5.8
100059,ICHUÑA,2025,2,151.8,18.56,6.08
100059,ICHUÑA,2025,3,120.1,18.51,5.53
100059,ICHUÑA,2025,4,63.2,19.11,2.84
100059,ICHUÑA,2025,5,12.2,19.36,1.65
100059,ICHUÑA,2025,6,6.3,18.15,-1.91
100059,ICHUÑA,2025,7,3.7,18.76,-1.67
100059,ICHUÑA,2025,8,0.1,19.67,-0.45
100059,ICHUÑA,2025,9,24.5,19.79,1.77
100059,ICHUÑA,2025,10,11.9,20.78,4.38
100059,ICHUÑA,2025,11,4.2,22.04,6.7
100059,ICHUÑA,2025,12,48.5,21.55,6.4
