CODIGO,ESTACION,YEAR,MONTH,PP,TMAX,TMIN
100092,NIEPOS,1990,1,-999.0,-999.0,-999.0
100092,NIEPOS,1990,2,-999.0,-999.0,-999.0
100092,NIEPOS,1990,3,-999.0,-999.0,-999.0
100092,NIEPOS,1990,4,-999.0,-999.0,-999.0
100092,NIEPOS,1990,5,-999.0,-999.0,-999.0
100092,NIEPOS,1990,6,-999.0,-999.0,-999.0
100092,NIEPOS,1990,7,-999.0,-999.0,-999.0
100092,NIEPOS,1990,8,-999.0,-999.0,-999.0
100092,NIEPOS,1990,9,-999.0,-999.0,-999.0
100092,NIEPOS,1990,10,-999.0,-999.0,-999.0
100092,NIEPOS,1990,11,-999.0,-999.0,-999.0
100092,NIEPOS,1990,12,-999.0,-999.0,-999.0
100092,NIEPOS,1991,1,-999.0,-999.0,-999.0
100092,NIEPOS,1991,2,-999.0,-999.0,-999.0
100092,NIEPOS,1991,3,-999.0,-999.0,-999.0
100092,NIEPOS,1991,4,-999.0,-999.0,-999.0
100092,NIEPOS,1991,5,-999.0,-999.0,-999.0
100092,NIEPOS,1991,6,-999.0,-999.0,-999.0
100092,NIEPOS,1991,7,-999.0,-999.0,-999.0
100092,NIEPOS,1991,8,-999.0,-999.0,-999.0
100092,NIEPOS,1991,9,-999.0,-999.0,-999.0
100092,NIEPOS,1991,10,-999.0,-999.0,-999.0
100092,NIEPOS,1991,11,-999.0,-999.0,-999.0
100092,NIEPOS,1991,12,-999.0,-999.0,-999.0
100092,NIEPOS,1992,1,-999.0,-999.0,-999.0
100092,NIEPOS,1992,2,-999.0,-999.0,-999.0
100092,NIEPOS,1992,3,-999.0,-999.0,-999.0
100092,NIEPOS,1992,4,-999.0,-999.0,-999.0
100092,NIEPOS,1992,5,-999.0,-999.0,-999.0
100092,NIEPOS,1992,6,-999.0,-999.0,-999.0
100092,NIEPOS,1992,7,-999.0,-999.0,-999.0
100092,NIEPOS,1992,8,-999.0,-999.0,-999.0
100092,NIEPOS,1992,9,-999.0,-999.0,-999.0
100092,NIEPOS,1992,10,-999.0,-999.0,-999.0
100092,NIEPOS,1992,11,-999.0,-999.0,-999.0
100092,NIEPOS,1992,12,-999.0,-999.0,-999.0
100092,NIEPOS,1993,1,-999.0,-999.0,-999.0
100092,NIEPOS,1993,2,-999.0,-999.0,-999.0
100092,NIEPOS,1993,3,-999.0,-999.0,-999.0
100092,NIEPOS,1993,4,-999.0,-999.0,-999.0
100092,NIEPOS,1993,5,-999.0,-999.0,-999.0
100092,NIEPOS,1993,6,-999.0,-999.0,-999.0
100092,NIEPOS,1993,7,-999.0,-999.0,-999.0
100092,NIEPOS,1993,8,-999.0,-999.0,-999.0
100092,NIEPOS,1993,9,-999.0,-999.0,-999.0
100092,NIEPOS,1993,10,-999.0,-999.0,-999.0
100092,NIEPOS,1993,11,-999.0,-999.0,-999.0
100092,NIEPOS,1993,12,-999.0,-999.0,-999.0
100092,NIEPOS,1994,1,-999.0,-999.0,-999.0
100092,NIEPOS,1994,2,-999.0,-999.0,-999.0
100092,NIEPOS,1994,3,-999.0,-999.0,-999.0
100092,NIEPOS,1994,4,-999.0,-999.0,-999.0
100092,NIEPOS,1994,5,-999.0,-999.0,-999.0
100092,NIEPOS,1994,6,-999.0,-999.0,-999.0
100092,NIEPOS,1994,7,-999.0,-999.0,-999.0
100092,NIEPOS,1994,8,-999.0,-999.0,-999.0
100092,NIEPOS,1994,9,-999.0,-999.0,-999.0
100092,NIEPOS,1994,10,-999.0,-999.0,-999.0
100092,NIEPOS,1994,11,-999.0,-999.0,-999.0
100092,NIEPOS,1994,12,-999.0,-999.0,-999.0
100092,NIEPOS,1995,1,-999.0,-999.0,-999.0
100092,NIEPOS,1995,2,-999.0,-999.0,-999.0
100092,NIEPOS,1995,3,-999.0,-999.0,-999.0
100092,NIEPOS,1995,4,-999.0,-999.0,-999.0
100092,NIEPOS,1995,5,-999.0,-999.0,-999.0
100092,NIEPOS,1995,6,-999.0,-999.0,-999.0
100092,NIEPOS,1995,7,-999.0,-999.0,-999.0
100092,NIEPOS,1995,8,-999.0,-999.0,-999.0
100092,NIEPOS,1995,9,-999.0,-999.0,-999.0
100092,NIEPOS,1995,10,-999.0,-999.0,-999.0
100092,NIEPOS,1995,11,-999.0,-999.0,-999.0
100092,NIEPOS,1995,12,-999.0,-999.0,-999.0
100092,NIEPOS,1996,1,-999.0,-999.0,-999.0
100092,NIEPOS,1996,2,-999.0,-999.0,-999.0
100092,NIEPOS,1996,3,-999.0,-999.0,-999.0
100092,NIEPOS,1996,4,-999.0,-999.0,-999.0
100092,NIEPOS,1996,5,-999.0,-999.0,-999.0
100092,NIEPOS,1996,6,-999.0,-999.0,-999.0
100092,NIEPOS,1996,7,-999.0,-999.0,-999.0
100092,NIEPOS,1996,8,-999.0,-999.0,-999.0
100092,NIEPOS,1996,9,-999.0,-999.0,-999.0
100092,NIEPOS,1996,10,-999.0,-999.0,-999.0
100092,NIEPOS,1996,11,-999.0,-999.0,-999.0
100092,NIEPOS,1996,12,-999.0,-999.0,-999.0
100092,NIEPOS,1997,1,-999.0,-999.0,-999.0
100092,NIEPOS,1997,2,-999.0,-999.0,-999.0
100092,NIEPOS,1997,3,-999.0,-999.0,-999.0
100092,NIEPOS,1997,4,-999.0,-999.0,-999.0
100092,NIEPOS,1997,5,-999.0,-999.0,-999.0
100092,NIEPOS,1997,6,-999.0,-999.0,-999.0
100092,NIEPOS,1997,7,-999.0,-999.0,-999.0
100092,NIEPOS,1997,8,-999.0,-999.0,-999.0
100092,NIEPOS,1997,9,-999.0,-999.0,-999.0
100092,NIEPOS,1997,10,51.2,-999.0,-999.0
100092,NIEPOS,1997,11,133.4,18.23,-999.0
100092,NIEPOS,1997,12,154.1,19.14,-999.0
100092,NIEPOS,1998,1,381.9,19.84,-999.0
100092,NIEPOS,1998,2,575.7,19.65,-999.0
100092,NIEPOS,1998,3,719.2,19.76,-999.0
100092,NIEPOS,1998,4,388.5,20.21,-999.0
100092,NIEPOS,1998,5,103.0,20.55,-999.0
100092,NIEPOS,1998,6,24.2,19.59,-999.0
100092,NIEPOS,1998,7,13.8,19.3,-999.0
100092,NIEPOS,1998,8,9.6,19.3,-999.0
100092,NIEPOS,1998,9,92.9,18.7,-999.0
100092,NIEPOS,1998,10,134.8,18.97,-999.0
100092,NIEPOS,1998,11,35.5,18.55,-999.0
100092,NIEPOS,1998,12,53.7,18.02,-999.0
100092,NIEPOS,1999,1,113.8,17.07,-999.0
100092,NIEPOS,1999,2,271.4,16.09,-999.0
100092,NIEPOS,1999,3,114.3,17.17,-999.0
100092,NIEPOS,1999,4,203.1,17.85,-999.0
100092,NIEPOS,1999,5,92.0,17.84,-999.0
100092,NIEPOS,1999,6,55.6,18.34,-999.0
100092,NIEPOS,1999,7,39.9,18.65,-999.0
100092,NIEPOS,1999,8,23.1,19.03,-999.0
100092,NIEPOS,1999,9,75.7,17.66,-999.0
100092,NIEPOS,1999,10,20.5,17.64,-999.0
100092,NIEPOS,1999,11,8.8,16.74,-999.0
100092,NIEPOS,1999,12,62.6,16.01,-999.0
100092,NIEPOS,2000,1,60.5,15.54,-999.0
100092,NIEPOS,2000,2,198.4,15.97,-999.0
100092,NIEPOS,2000,3,246.4,16.94,-999.0
100092,NIEPOS,2000,4,169.7,17.16,-999.0
100092,NIEPOS,2000,5,76.6,18.0,-999.0
100092,NIEPOS,2000,6,49.6,18.34,-999.0
100092,NIEPOS,2000,7,6.8,18.56,-999.0
100092,NIEPOS,2000,8,19.4,19.21,-999.0
100092,NIEPOS,2000,9,76.0,17.53,-999.0
100092,NIEPOS,2000,10,11.3,18.89,-999.0
100092,NIEPOS,2000,11,35.8,18.37,-999.0
100092,NIEPOS,2000,12,70.0,17.74,-999.0
100092,NIEPOS,2001,1,123.7,16.61,-999.0
100092,NIEPOS,2001,2,90.9,17.16,-999.0
100092,NIEPOS,2001,3,370.1,17.46,-999.0
100092,NIEPOS,2001,4,190.1,18.59,-999.0
100092,NIEPOS,2001,5,28.4,18.92,-999.0
100092,NIEPOS,2001,6,28.0,18.84,-999.0
100092,NIEPOS,2001,7,21.9,19.28,-999.0
100092,NIEPOS,2001,8,0.0,20.21,-999.0
100092,NIEPOS,2001,9,133.7,18.35,-999.0
100092,NIEPOS,2001,10,31.3,18.77,-999.0
100092,NIEPOS,2001,11,40.5,17.29,-999.0
100092,NIEPOS,2001,12,95.8,18.04,-999.0
100092,NIEPOS,2002,1,12.5,17.65,-999.0
100092,NIEPOS,2002,2,207.7,17.43,-999.0
100092,NIEPOS,2002,3,352.1,18.08,-999.0
100092,NIEPOS,2002,4,170.8,17.82,-999.0
100092,NIEPOS,2002,5,19.6,19.27,-999.0
100092,NIEPOS,2002,6,17.4,19.11,-999.0
100092,NIEPOS,2002,7,1.2,19.43,-999.0
100092,NIEPOS,2002,8,0.0,19.9,-999.0
100092,NIEPOS,2002,9,14.2,19.6,-999.0
100092,NIEPOS,2002,10,49.2,18.78,-999.0
100092,NIEPOS,2002,11,56.1,18.39,-999.0
100092,NIEPOS,2002,12,58.2,18.74,-999.0
100092,NIEPOS,2003,1,90.2,18.39,-999.0
100092,NIEPOS,2003,2,90.0,18.01,-999.0
100092,NIEPOS,2003,3,81.9,17.83,-999.0
100092,NIEPOS,2003,4,77.5,18.83,-999.0
100092,NIEPOS,2003,5,51.3,19.36,-999.0
100092,NIEPOS,2003,6,27.7,18.7,-999.0
100092,NIEPOS,2003,7,18.6,19.44,-999.0
100092,NIEPOS,2003,8,5.9,19.77,-999.0
100092,NIEPOS,2003,9,18.1,19.69,-999.0
100092,NIEPOS,2003,10,17.4,18.47,-999.0
100092,NIEPOS,2003,11,34.6,18.34,-999.0
100092,NIEPOS,2003,12,92.1,17.84,-999.0
100092,NIEPOS,2004,1,28.1,17.02,-999.0
100092,NIEPOS,2004,2,100.6,17.63,-999.0
100092,NIEPOS,2004,3,-999.0,-999.0,-999.0
100092,NIEPOS,2004,4,92.4,18.1,-999.0
100092,NIEPOS,2004,5,47.9,19.67,-999.0
100092,NIEPOS,2004,6,7.4,19.89,-999.0
100092,NIEPOS,2004,7,21.6,18.88,-999.0
100092,NIEPOS,2004,8,0.0,20.24,-999.0
100092,NIEPOS,2004,9,31.5,19.59,-999.0
100092,NIEPOS,2004,10,64.6,18.34,-999.0
100092,NIEPOS,2004,11,12.9,18.55,-999.0
100092,NIEPOS,2004,12,66.1,17.21,-999.0
100092,NIEPOS,2005,1,62.7,17.01,-999.0
100092,NIEPOS,2005,2,121.0,17.77,-999.0
100092,NIEPOS,2005,3,212.7,17.6,11.6
100092,NIEPOS,2005,4,70.6,18.92,11.34
100092,NIEPOS,2005,5,5.1,19.82,9.58
100092,NIEPOS,2005,6,19.8,20.08,9.9
100092,NIEPOS,2005,7,1.4,19.94,8.91
100092,NIEPOS,2005,8,11.6,20.35,9.62
100092,NIEPOS,2005,9,7.8,20.14,10.4
100092,NIEPOS,2005,10,50.1,18.15,10.08
100092,NIEPOS,2005,11,33.7,17.57,8.66
100092,NIEPOS,2005,12,22.2,17.33,9.55
100092,NIEPOS,2006,1,127.0,17.11,9.83
100092,NIEPOS,2006,2,286.5,17.14,11.54
100092,NIEPOS,2006,3,340.6,17.4,11.41
100092,NIEPOS,2006,4,53.4,18.2,10.7
100092,NIEPOS,2006,5,13.7,19.55,10.05
100092,NIEPOS,2006,6,41.6,19.13,10.15
100092,NIEPOS,2006,7,19.8,19.91,9.4
100092,NIEPOS,2006,8,9.1,20.21,10.64
100092,NIEPOS,2006,9,35.6,19.63,10.61
100092,NIEPOS,2006,10,1.1,19.63,10.52
100092,NIEPOS,2006,11,50.2,18.89,10.49
100092,NIEPOS,2006,12,30.6,18.44,11.11
100092,NIEPOS,2007,1,56.7,19.33,11.78
100092,NIEPOS,2007,2,46.9,17.57,9.34
100092,NIEPOS,2007,3,227.2,17.58,10.79
100092,NIEPOS,2007,4,106.8,17.85,11.2
100092,NIEPOS,2007,5,49.9,18.57,10.83
100092,NIEPOS,2007,6,15.0,19.22,9.64
100092,NIEPOS,2007,7,6.1,19.09,10.04
100092,NIEPOS,2007,8,22.4,18.78,9.19
100092,NIEPOS,2007,9,21.6,19.77,10.03
100092,NIEPOS,2007,10,89.5,17.7,10.05
100092,NIEPOS,2007,11,72.7,17.64,10.67
100092,NIEPOS,2007,12,44.1,16.37,9.04
100092,NIEPOS,2008,1,133.0,16.63,10.59
100092,NIEPOS,2008,2,322.0,16.47,10.17
100092,NIEPOS,2008,3,317.2,16.88,10.83
100092,NIEPOS,2008,4,191.5,17.16,10.68
100092,NIEPOS,2008,5,37.8,18.35,9.89
100092,NIEPOS,2008,6,30.0,19.46,9.72
100092,NIEPOS,2008,7,23.4,19.07,9.25
100092,NIEPOS,2008,8,33.8,18.81,9.7
100092,NIEPOS,2008,9,27.3,18.98,10.2
100092,NIEPOS,2008,10,78.8,17.7,10.36
100092,NIEPOS,2008,11,63.1,17.63,10.07
100092,NIEPOS,2008,12,2.6,17.4,8.52
100092,NIEPOS,2009,1,267.6,16.9,10.67
100092,NIEPOS,2009,2,200.4,16.87,10.8
100092,NIEPOS,2009,3,254.2,17.44,10.7
100092,NIEPOS,2009,4,36.5,17.95,10.91
100092,NIEPOS,2009,5,42.8,18.88,10.34
100092,NIEPOS,2009,6,13.0,19.94,9.68
100092,NIEPOS,2009,7,28.5,19.69,9.97
100092,NIEPOS,2009,8,12.5,19.91,10.02
100092,NIEPOS,2009,9,3.4,20.64,8.88
100092,NIEPOS,2009,10,50.2,19.09,11.79
100092,NIEPOS,2009,11,48.0,18.9,11.11
100092,NIEPOS,2009,12,16.4,18.99,-999.0
100092,NIEPOS,2010,1,43.9,19.46,11.0
100092,NIEPOS,2010,2,160.0,19.13,11.76
100092,NIEPOS,2010,3,231.4,19.23,11.73
100092,NIEPOS,2010,4,82.4,19.28,11.81
100092,NIEPOS,2010,5,35.7,19.93,11.28
100092,NIEPOS,2010,6,32.4,19.4,10.12
100092,NIEPOS,2010,7,12.6,19.0,9.57
100092,NIEPOS,2010,8,12.9,19.97,9.34
100092,NIEPOS,2010,9,52.6,18.55,9.64
100092,NIEPOS,2010,10,26.1,18.56,9.06
100092,NIEPOS,2010,11,19.7,17.41,8.14
100092,NIEPOS,2010,12,23.2,17.02,9.26
100092,NIEPOS,2011,1,79.1,16.94,9.66
100092,NIEPOS,2011,2,124.0,17.05,9.21
100092,NIEPOS,2011,3,95.8,17.37,9.43
100092,NIEPOS,2011,4,161.7,17.52,10.53
100092,NIEPOS,2011,5,22.2,19.14,9.82
100092,NIEPOS,2011,6,7.1,19.49,9.8
100092,NIEPOS,2011,7,43.1,18.78,9.51
100092,NIEPOS,2011,8,10.9,20.06,9.58
100092,NIEPOS,2011,9,41.6,19.51,10.11
100092,NIEPOS,2011,10,21.9,18.31,9.07
100092,NIEPOS,2011,11,22.0,18.02,9.66
100092,NIEPOS,2011,12,72.0,17.45,9.3
100092,NIEPOS,2012,1,136.3,16.59,9.39
100092,NIEPOS,2012,2,220.3,17.13,-999.0
100092,NIEPOS,2012,3,350.1,18.65,-999.0
100092,NIEPOS,2012,4,134.7,18.31,-999.0
100092,NIEPOS,2012,5,67.4,19.7,-999.0
100092,NIEPOS,2012,6,11.1,20.06,-999.0
100092,NIEPOS,2012,7,3.9,20.65,-999.0
100092,NIEPOS,2012,8,6.3,20.49,-999.0
100092,NIEPOS,2012,9,10.1,20.61,-999.0
100092,NIEPOS,2012,10,92.1,18.63,-999.0
100092,NIEPOS,2012,11,43.2,18.64,-999.0
100092,NIEPOS,2012,12,38.0,18.48,-999.0
100092,NIEPOS,2013,1,106.0,18.39,10.93
100092,NIEPOS,2013,2,124.0,18.14,10.26
100092,NIEPOS,2013,3,230.6,18.87,11.62
100092,NIEPOS,2013,4,52.6,19.67,10.8
100092,NIEPOS,2013,5,135.1,18.91,10.74
100092,NIEPOS,2013,6,10.1,20.28,9.45
100092,NIEPOS,2013,7,0.0,19.88,8.51
100092,NIEPOS,2013,8,13.9,20.12,9.62
100092,NIEPOS,2013,9,12.3,20.17,9.38
100092,NIEPOS,2013,10,101.2,19.03,10.29
100092,NIEPOS,2013,11,0.0,18.51,8.05
100092,NIEPOS,2013,12,34.6,18.44,9.23
100092,NIEPOS,2014,1,100.5,18.17,10.45
100092,NIEPOS,2014,2,48.0,18.55,10.6
100092,NIEPOS,2014,3,200.7,17.89,10.68
100092,NIEPOS,2014,4,109.7,20.07,10.74
100092,NIEPOS,2014,5,92.0,19.3,11.11
100092,NIEPOS,2014,6,33.5,20.26,9.66
100092,NIEPOS,2014,7,10.2,21.55,9.07
100092,NIEPOS,2014,8,32.7,20.17,8.55
100092,NIEPOS,2014,9,69.5,20.24,9.58
100092,NIEPOS,2014,10,29.4,19.9,9.85
100092,NIEPOS,2014,11,27.6,19.68,9.96
100092,NIEPOS,2014,12,49.3,19.7,10.55
100092,NIEPOS,2015,1,108.4,19.37,10.4
100092,NIEPOS,2015,2,79.9,19.1,9.95
100092,NIEPOS,2015,3,299.2,19.03,10.8
100092,NIEPOS,2015,4,127.8,19.39,11.02
100092,NIEPOS,2015,5,52.1,20.56,11.11
100092,NIEPOS,2015,6,10.5,21.03,9.87
100092,NIEPOS,2015,7,16.4,20.95,9.59
100092,NIEPOS,2015,8,0.2,21.33,8.6
100092,NIEPOS,2015,9,12.8,21.14,9.68
100092,NIEPOS,2015,10,82.6,19.87,10.39
100092,NIEPOS,2015,11,137.4,19.32,10.75
100092,NIEPOS,2015,12,49.7,21.01,11.8
100092,NIEPOS,2016,1,205.9,19.55,10.71
100092,NIEPOS,2016,2,197.4,19.74,12.2
100092,NIEPOS,2016,3,235.5,19.64,11.65
100092,NIEPOS,2016,4,174.7,19.7,11.15
100092,NIEPOS,2016,5,23.8,20.74,10.48
100092,NIEPOS,2016,6,18.7,20.27,9.19
100092,NIEPOS,2016,7,26.2,20.42,8.66
100092,NIEPOS,2016,8,0.0,20.69,8.06
100092,NIEPOS,2016,9,14.7,20.23,9.89
100092,NIEPOS,2016,10,17.2,19.77,9.8
100092,NIEPOS,2016,11,17.0,19.54,8.15
100092,NIEPOS,2016,12,31.6,18.32,10.12
100092,NIEPOS,2017,1,194.0,17.24,10.21
100092,NIEPOS,2017,2,269.4,17.69,9.59
100092,NIEPOS,2017,3,664.7,17.49,9.65
100092,NIEPOS,2017,4,126.1,18.89,11.51
100092,NIEPOS,2017,5,77.2,19.21,9.66
100092,NIEPOS,2017,6,32.7,20.04,9.39
100092,NIEPOS,2017,7,0.0,20.43,8.3
100092,NIEPOS,2017,8,74.6,20.42,8.99
100092,NIEPOS,2017,9,52.1,19.64,10.39
100092,NIEPOS,2017,10,72.8,19.18,10.15
100092,NIEPOS,2017,11,8.9,19.29,7.57
100092,NIEPOS,2017,12,27.1,18.32,9.35
100092,NIEPOS,2018,1,117.2,17.88,9.57
100092,NIEPOS,2018,2,84.1,17.36,10.03
100092,NIEPOS,2018,3,104.3,18.26,10.98
100092,NIEPOS,2018,4,104.1,18.05,10.08
100092,NIEPOS,2018,5,58.0,19.07,10.52
100092,NIEPOS,2018,6,4.8,20.11,9.27
100092,NIEPOS,2018,7,0.0,19.92,9.19
100092,NIEPOS,2018,8,0.0,20.83,9.25
100092,NIEPOS,2018,9,20.5,20.24,9.49
100092,NIEPOS,2018,10,59.6,19.28,9.95
100092,NIEPOS,2018,11,40.5,19.13,10.36
100092,NIEPOS,2018,12,89.4,19.43,9.68
100092,NIEPOS,2019,1,84.8,18.56,10.47
100092,NIEPOS,2019,2,417.7,18.42,11.81
100092,NIEPOS,2019,3,253.8,19.39,11.88
100092,NIEPOS,2019,4,131.3,19.09,11.02
100092,NIEPOS,2019,5,68.5,19.52,10.48
100092,NIEPOS,2019,6,14.4,20.49,9.91
100092,NIEPOS,2019,7,34.1,20.1,9.41
100092,NIEPOS,2019,8,0.0,20.86,8.63
100092,NIEPOS,2019,9,15.9,20.7,9.64
100092,NIEPOS,2019,10,70.3,18.86,10.32
100092,NIEPOS,2019,11,25.2,18.91,10.37
100092,NIEPOS,2019,12,91.6,18.87,10.92
100092,NIEPOS,2020,1,46.4,18.51,9.79
100092,NIEPOS,2020,2,51.5,19.27,10.83
100092,NIEPOS,2020,3,-999.0,-999.0,-999.0
100092,NIEPOS,2020,4,-999.0,-999.0,-999.0
100092,NIEPOS,2020,5,-999.0,-999.0,-999.0
100092,NIEPOS,2020,6,-999.0,-999.0,-999.0
100092,NIEPOS,2020,7,-999.0,-999.0,-999.0
100092,NIEPOS,2020,8,-999.0,-999.0,-999.0
100092,NIEPOS,2020,9,-999.0,-999.0,-999.0
100092,NIEPOS,2020,10,-999.0,-999.0,-999.0
100092,NIEPOS,2020,11,-999.0,-999.0,-999.0
100092,NIEPOS,2020,12,-999.0,-999.0,-999.0
100092,NIEPOS,2021,1,-999.0,-999.0,-999.0
100092,NIEPOS,2021,2,-999.0,-999.0,-999.0
100092,NIEPOS,2021,3,-999.0,-999.0,-999.0
100092,NIEPOS,2021,4,-999.0,-999.0,-999.0
100092,NIEPOS,2021,5,-999.0,-999.0,-999.0
100092,NIEPOS,2021,6,-999.0,-999.0,-999.0
100092,NIEPOS,2021,7,-999.0,-999.0,-999.0
100092,NIEPOS,2021,8,-999.0,-999.0,-999.0
100092,NIEPOS,2021,9,-999.0,-999.0,-999.0
100092,NIEPOS,2021,10,-999.0,-999.0,-999.0
100092,NIEPOS,2021,11,-999.0,-999.0,-999.0
100092,NIEPOS,2021,12,-999.0,-999.0,-999.0
100092,NIEPOS,2022,1,-999.0,-999.0,-999.0
100092,NIEPOS,2022,2,-999.0,-999.0,-999.0
100092,NIEPOS,2022,3,-999.0,-999.0,-999.0
100092,NIEPOS,2022,4,-999.0,-999.0,-999.0
100092,NIEPOS,2022,5,71.9,19.46,9.18
100092,NIEPOS,2022,6,23.4,18.73,8.43
100092,NIEPOS,2022,7,16.7,19.55,7.91
100092,NIEPOS,2022,8,43.1,19.45,7.72
100092,NIEPOS,2022,9,51.3,18.81,8.17
100092,NIEPOS,2022,10,44.8,18.77,8.0
100092,NIEPOS,2022,11,21.2,18.68,7.26
100092,NIEPOS,2022,12,71.7,17.52,7.59
100092,NIEPOS,2023,1,132.6,17.14,7.98
100092,NIEPOS,2023,2,208.9,18.19,9.24
100092,NIEPOS,2023,3,618.2,17.89,8.26
100092,NIEPOS,2023,4,284.2,17.75,9.08
100092,NIEPOS,2023,5,66.1,20.55,9.46
100092,NIEPOS,2023,6,4.3,21.0,7.84
100092,NIEPOS,2023,7,5.1,21.37,9.35
100092,NIEPOS,2023,8,15.4,21.52,9.55
100092,NIEPOS,2023,9,20.9,21.58,10.54
100092,NIEPOS,2023,10,160.5,19.57,11.5
100092,NIEPOS,2023,11,80.5,19.84,10.67
100092,NIEPOS,2023,12,133.0,19.08,12.24
100092,NIEPOS,2024,1,85.1,19.64,11.29
100092,NIEPOS,2024,2,187.2,19.22,11.42
100092,NIEPOS,2024,3,70.8,19.96,11.3
100092,NIEPOS,2024,4,77.2,19.47,11.7
100092,NIEPOS,2024,5,83.1,20.53,11.14
100092,NIEPOS,2024,6,36.6,20.01,9.65
100092,NIEPOS,2024,7,10.6,21.18,8.94
100092,NIEPOS,2024,8,4.5,20.88,9.38
100092,NIEPOS,2024,9,27.1,21.28,9.98
100092,NIEPOS,2024,10,38.7,20.21,10.67
100092,NIEPOS,2024,11,4.0,19.52,9.34
100092,NIEPOS,2024,12,114.1,18.65,11.23
100092,NIEPOS,2025,1,135.1,17.95,10.25
100092,NIEPOS,2025,2,337.6,17.73,11.52
100092,NIEPOS,2025,3,285.2,18.41,10.8
100092,NIEPOS,2025,4,152.0,19.27,11.35
100092,NIEPOS,2025,5,74.7,19.93,10.14
100092,NIEPOS,2025,6,39.2,19.94,10.09
100092,NIEPOS,2025,7,2.7,20.73,8.47
100092,NIEPOS,2025,8,44.2,20.31,9.18
100092,NIEPOS,2025,9,27.6,19.89,9.9
100092,NIEPOS,2025,10,177.8,18.47,10.58
100092,NIEPOS,2025,11,67.1,18.65,10.97
100092,NIEPOS,2025,12,20.7,18.98,7.85
