CODIGO,ESTACION,YEAR,MONTH,PP,TMAX,TMIN
100128,SAN RAMON,1990,1,366.2,30.22,21.12
100128,SAN RAMON,1990,2,220.7,-999.0,21.01
100128,SAN RAMON,1990,3,451.2,30.7,20.81
100128,SAN RAMON,1990,4,197.5,31.16,21.2
100128,SAN RAMON,1990,5,168.3,31.2,19.97
100128,SAN RAMON,1990,6,213.0,29.7,19.2
100128,SAN RAMON,1990,7,135.7,-999.0,18.12
100128,SAN RAMON,1990,8,114.2,-999.0,18.11
100128,SAN RAMON,1990,9,76.4,33.31,19.01
100128,SAN RAMON,1990,10,219.4,31.73,20.07
100128,SAN RAMON,1990,11,229.8,-999.0,20.94
100128,SAN RAMON,1990,12,355.8,30.65,20.94
100128,SAN RAMON,1991,1,-999.0,-999.0,-999.0
100128,SAN RAMON,1991,2,-999.0,-999.0,-999.0
100128,SAN RAMON,1991,3,-999.0,-999.0,-999.0
100128,SAN RAMON,1991,4,-999.0,-999.0,-999.0
100128,SAN RAMON,1991,5,-999.0,-999.0,-999.0
100128,SAN RAMON,1991,6,-999.0,-999.0,-999.0
100128,SAN RAMON,1991,7,38.9,29.94,20.1
100128,SAN RAMON,1991,8,79.3,30.95,20.12
100128,SAN RAMON,1991,9,202.7,31.6,21.31
100128,SAN RAMON,1991,10,185.7,31.25,21.48
100128,SAN RAMON,1991,11,172.5,-999.0,-999.0
100128,SAN RAMON,1991,12,74.4,31.52,22.55
100128,SAN RAMON,1992,1,135.0,-999.0,22.37
100128,SAN RAMON,1992,2,138.1,-999.0,-999.0
100128,SAN RAMON,1992,3,199.3,31.22,22.27
100128,SAN RAMON,1992,4,183.2,31.87,-999.0
100128,SAN RAMON,1992,5,69.3,32.51,22.54
100128,SAN RAMON,1992,6,73.4,31.83,21.75
100128,SAN RAMON,1992,7,23.4,30.62,18.79
100128,SAN RAMON,1992,8,88.0,31.63,19.3
100128,SAN RAMON,1992,9,78.8,-999.0,20.21
100128,SAN RAMON,1992,10,161.9,32.24,20.54
100128,SAN RAMON,1992,11,209.0,31.48,20.85
100128,SAN RAMON,1992,12,197.0,31.15,21.24
100128,SAN RAMON,1993,1,226.1,31.12,21.49
100128,SAN RAMON,1993,2,295.2,30.86,-999.0
100128,SAN RAMON,1993,3,338.3,30.86,-999.0
100128,SAN RAMON,1993,4,139.2,31.22,21.74
100128,SAN RAMON,1993,5,222.7,-999.0,21.15
100128,SAN RAMON,1993,6,125.1,30.95,19.57
100128,SAN RAMON,1993,7,118.4,31.27,19.43
100128,SAN RAMON,1993,8,105.8,30.1,19.47
100128,SAN RAMON,1993,9,176.5,31.38,21.05
100128,SAN RAMON,1993,10,175.1,-999.0,21.51
100128,SAN RAMON,1993,11,213.1,30.64,22.44
100128,SAN RAMON,1993,12,354.3,31.23,22.39
100128,SAN RAMON,1994,1,248.1,-999.0,-999.0
100128,SAN RAMON,1994,2,104.5,31.11,21.83
100128,SAN RAMON,1994,3,273.9,31.77,21.39
100128,SAN RAMON,1994,4,213.1,31.47,21.76
100128,SAN RAMON,1994,5,167.2,31.33,-999.0
100128,SAN RAMON,1994,6,152.3,31.28,20.09
100128,SAN RAMON,1994,7,202.6,31.64,19.53
100128,SAN RAMON,1994,8,73.8,32.31,19.78
100128,SAN RAMON,1994,9,272.0,32.77,21.35
100128,SAN RAMON,1994,10,154.4,31.91,21.28
100128,SAN RAMON,1994,11,214.5,31.61,21.29
100128,SAN RAMON,1994,12,313.8,31.48,22.49
100128,SAN RAMON,1995,1,48.2,32.37,22.06
100128,SAN RAMON,1995,2,220.5,32.25,22.07
100128,SAN RAMON,1995,3,357.0,31.85,22.03
100128,SAN RAMON,1995,4,144.6,31.53,22.28
100128,SAN RAMON,1995,5,143.2,31.38,21.32
100128,SAN RAMON,1995,6,114.5,31.14,21.24
100128,SAN RAMON,1995,7,111.8,31.62,20.78
100128,SAN RAMON,1995,8,81.6,32.62,20.48
100128,SAN RAMON,1995,9,111.7,31.79,-999.0
100128,SAN RAMON,1995,10,112.7,32.27,21.48
100128,SAN RAMON,1995,11,123.5,32.06,21.7
100128,SAN RAMON,1995,12,221.4,31.08,-999.0
100128,SAN RAMON,1996,1,204.4,30.51,21.75
100128,SAN RAMON,1996,2,331.6,-999.0,21.12
100128,SAN RAMON,1996,3,249.6,30.53,21.93
100128,SAN RAMON,1996,4,177.5,-999.0,21.6
100128,SAN RAMON,1996,5,139.1,31.5,21.22
100128,SAN RAMON,1996,6,60.3,31.07,19.95
100128,SAN RAMON,1996,7,92.8,-999.0,18.26
100128,SAN RAMON,1996,8,108.6,31.07,20.23
100128,SAN RAMON,1996,9,81.6,31.75,20.75
100128,SAN RAMON,1996,10,232.7,31.16,20.86
100128,SAN RAMON,1996,11,130.1,31.3,21.92
100128,SAN RAMON,1996,12,209.7,-999.0,21.23
100128,SAN RAMON,1997,1,89.2,31.91,22.05
100128,SAN RAMON,1997,2,242.8,30.1,21.12
100128,SAN RAMON,1997,3,224.9,30.86,21.56
100128,SAN RAMON,1997,4,181.9,31.15,21.7
100128,SAN RAMON,1997,5,153.1,30.9,21.18
100128,SAN RAMON,1997,6,53.0,31.82,21.11
100128,SAN RAMON,1997,7,26.9,32.63,19.89
100128,SAN RAMON,1997,8,40.3,31.52,20.31
100128,SAN RAMON,1997,9,146.9,32.6,20.98
100128,SAN RAMON,1997,10,168.8,-999.0,21.92
100128,SAN RAMON,1997,11,133.6,31.99,22.1
100128,SAN RAMON,1997,12,217.6,32.05,21.97
100128,SAN RAMON,1998,1,179.7,32.02,22.57
100128,SAN RAMON,1998,2,264.3,32.42,22.7
100128,SAN RAMON,1998,3,185.2,32.33,22.79
100128,SAN RAMON,1998,4,233.1,32.21,22.87
100128,SAN RAMON,1998,5,135.7,31.33,20.93
100128,SAN RAMON,1998,6,89.8,31.2,20.15
100128,SAN RAMON,1998,7,53.1,32.44,19.34
100128,SAN RAMON,1998,8,93.9,33.62,20.08
100128,SAN RAMON,1998,9,44.1,-999.0,20.91
100128,SAN RAMON,1998,10,141.3,33.32,21.95
100128,SAN RAMON,1998,11,464.2,31.62,21.49
100128,SAN RAMON,1998,12,356.8,31.51,21.27
100128,SAN RAMON,1999,1,304.1,29.95,21.78
100128,SAN RAMON,1999,2,306.8,30.24,21.05
100128,SAN RAMON,1999,3,187.1,31.51,21.05
100128,SAN RAMON,1999,4,165.3,30.58,20.72
100128,SAN RAMON,1999,5,327.3,30.11,21.06
100128,SAN RAMON,1999,6,141.9,30.57,20.41
100128,SAN RAMON,1999,7,85.6,30.97,19.17
100128,SAN RAMON,1999,8,86.6,31.39,18.15
100128,SAN RAMON,1999,9,121.9,32.29,20.68
100128,SAN RAMON,1999,10,142.6,-999.0,20.83
100128,SAN RAMON,1999,11,304.4,-999.0,20.8
100128,SAN RAMON,1999,12,220.3,31.09,20.86
100128,SAN RAMON,2000,1,215.4,30.18,20.9
100128,SAN RAMON,2000,2,227.3,30.17,20.54
100128,SAN RAMON,2000,3,255.0,30.27,20.84
100128,SAN RAMON,2000,4,347.8,29.46,20.44
100128,SAN RAMON,2000,5,82.3,30.33,20.52
100128,SAN RAMON,2000,6,105.1,30.57,20.83
100128,SAN RAMON,2000,7,64.6,-999.0,19.1
100128,SAN RAMON,2000,8,91.1,30.78,20.22
100128,SAN RAMON,2000,9,231.1,-999.0,20.95
100128,SAN RAMON,2000,10,201.1,-999.0,21.79
100128,SAN RAMON,2000,11,158.5,32.06,23.17
100128,SAN RAMON,2000,12,162.4,31.09,22.6
100128,SAN RAMON,2001,1,146.2,30.25,21.92
100128,SAN RAMON,2001,2,174.3,30.3,21.83
100128,SAN RAMON,2001,3,240.8,29.91,21.51
100128,SAN RAMON,2001,4,234.5,30.77,22.13
100128,SAN RAMON,2001,5,136.0,30.47,21.94
100128,SAN RAMON,2001,6,150.6,29.33,20.45
100128,SAN RAMON,2001,7,113.9,30.35,20.25
100128,SAN RAMON,2001,8,66.6,31.47,20.09
100128,SAN RAMON,2001,9,235.1,31.38,20.49
100128,SAN RAMON,2001,10,183.5,31.63,21.98
100128,SAN RAMON,2001,11,197.4,30.88,21.89
100128,SAN RAMON,2001,12,297.7,30.95,22.26
100128,SAN RAMON,2002,1,109.2,31.42,21.49
100128,SAN RAMON,2002,2,266.5,30.18,21.64
100128,SAN RAMON,2002,3,190.0,30.38,20.76
100128,SAN RAMON,2002,4,289.7,29.77,20.93
100128,SAN RAMON,2002,5,203.6,30.02,20.51
100128,SAN RAMON,2002,6,59.6,30.78,18.54
100128,SAN RAMON,2002,7,223.5,30.09,18.66
100128,SAN RAMON,2002,8,100.8,31.88,18.75
100128,SAN RAMON,2002,9,59.9,32.44,20.96
100128,SAN RAMON,2002,10,106.4,32.33,21.95
100128,SAN RAMON,2002,11,177.7,30.38,21.25
100128,SAN RAMON,2002,12,187.4,30.41,21.73
100128,SAN RAMON,2003,1,302.0,30.91,21.62
100128,SAN RAMON,2003,2,110.6,30.79,21.76
100128,SAN RAMON,2003,3,176.9,31.04,20.95
100128,SAN RAMON,2003,4,100.5,31.65,20.85
100128,SAN RAMON,2003,5,191.2,-999.0,20.05
100128,SAN RAMON,2003,6,333.8,30.36,19.74
100128,SAN RAMON,2003,7,68.3,31.21,18.62
100128,SAN RAMON,2003,8,148.1,-999.0,19.93
100128,SAN RAMON,2003,9,113.3,-999.0,20.18
100128,SAN RAMON,2003,10,187.2,32.87,21.55
100128,SAN RAMON,2003,11,264.9,-999.0,21.44
100128,SAN RAMON,2003,12,403.9,29.92,22.09
100128,SAN RAMON,2004,1,60.7,31.62,22.44
100128,SAN RAMON,2004,2,154.8,31.22,21.63
100128,SAN RAMON,2004,3,236.1,31.1,21.95
100128,SAN RAMON,2004,4,178.5,31.21,21.8
100128,SAN RAMON,2004,5,157.2,30.93,21.45
100128,SAN RAMON,2004,6,104.4,29.08,20.49
100128,SAN RAMON,2004,7,124.0,30.52,20.4
100128,SAN RAMON,2004,8,105.3,31.48,19.88
100128,SAN RAMON,2004,9,148.2,31.39,20.51
100128,SAN RAMON,2004,10,218.1,-999.0,21.72
100128,SAN RAMON,2004,11,205.7,31.41,21.7
100128,SAN RAMON,2004,12,352.1,30.24,21.72
100128,SAN RAMON,2005,1,271.1,31.93,22.05
100128,SAN RAMON,2005,2,-999.0,-999.0,-999.0
100128,SAN RAMON,2005,3,269.9,30.5,22.37
100128,SAN RAMON,2005,4,286.9,30.23,21.66
100128,SAN RAMON,2005,5,213.8,32.09,22.01
100128,SAN RAMON,2005,6,113.6,31.31,21.83
100128,SAN RAMON,2005,7,76.3,31.09,19.65
100128,SAN RAMON,2005,8,52.9,32.66,20.8
100128,SAN RAMON,2005,9,119.3,32.24,20.58
100128,SAN RAMON,2005,10,313.1,31.49,21.58
100128,SAN RAMON,2005,11,323.1,30.66,21.46
100128,SAN RAMON,2005,12,126.4,30.54,21.32
100128,SAN RAMON,2006,1,333.4,30.79,21.09
100128,SAN RAMON,2006,2,273.1,29.89,21.5
100128,SAN RAMON,2006,3,303.9,30.04,21.44
100128,SAN RAMON,2006,4,364.8,30.27,21.52
100128,SAN RAMON,2006,5,65.4,31.46,20.07
100128,SAN RAMON,2006,6,113.3,31.28,20.78
100128,SAN RAMON,2006,7,277.7,32.05,20.45
100128,SAN RAMON,2006,8,70.6,32.57,20.43
100128,SAN RAMON,2006,9,83.1,33.13,20.57
100128,SAN RAMON,2006,10,127.9,32.42,22.05
100128,SAN RAMON,2006,11,326.6,31.23,21.72
100128,SAN RAMON,2006,12,178.4,30.42,21.81
100128,SAN RAMON,2007,1,234.3,31.75,22.05
100128,SAN RAMON,2007,2,190.1,31.99,22.14
100128,SAN RAMON,2007,3,452.5,29.65,21.82
100128,SAN RAMON,2007,4,545.8,31.04,21.68
100128,SAN RAMON,2007,5,317.7,30.94,20.84
100128,SAN RAMON,2007,6,46.5,31.94,20.68
100128,SAN RAMON,2007,7,91.2,31.94,20.07
100128,SAN RAMON,2007,8,99.2,32.73,-999.0
100128,SAN RAMON,2007,9,147.3,32.14,-999.0
100128,SAN RAMON,2007,10,341.6,31.66,-999.0
100128,SAN RAMON,2007,11,311.6,30.63,-999.0
100128,SAN RAMON,2007,12,356.0,30.9,-999.0
100128,SAN RAMON,2008,1,201.5,30.2,-999.0
100128,SAN RAMON,2008,2,259.9,31.08,-999.0
100128,SAN RAMON,2008,3,458.3,30.2,-999.0
100128,SAN RAMON,2008,4,229.2,31.49,-999.0
100128,SAN RAMON,2008,5,135.3,31.04,-999.0
100128,SAN RAMON,2008,6,216.7,29.75,-999.0
100128,SAN RAMON,2008,7,51.1,31.85,-999.0
100128,SAN RAMON,2008,8,77.8,33.28,-999.0
100128,SAN RAMON,2008,9,194.9,32.07,-999.0
100128,SAN RAMON,2008,10,110.4,31.67,-999.0
100128,SAN RAMON,2008,11,183.9,-999.0,-999.0
100128,SAN RAMON,2008,12,139.8,-999.0,-999.0
100128,SAN RAMON,2009,1,218.1,30.06,-999.0
100128,SAN RAMON,2009,2,311.9,30.55,-999.0
100128,SAN RAMON,2009,3,363.2,30.1,-999.0
100128,SAN RAMON,2009,4,202.3,30.28,-999.0
100128,SAN RAMON,2009,5,198.1,31.84,-999.0
100128,SAN RAMON,2009,6,219.1,30.55,-999.0
100128,SAN RAMON,2009,7,198.1,31.63,-999.0
100128,SAN RAMON,2009,8,124.0,32.46,-999.0
100128,SAN RAMON,2009,9,86.8,32.66,-999.0
100128,SAN RAMON,2009,10,148.6,33.04,22.33
100128,SAN RAMON,2009,11,159.8,31.99,23.12
100128,SAN RAMON,2009,12,69.0,31.89,22.35
100128,SAN RAMON,2010,1,113.2,32.34,22.46
100128,SAN RAMON,2010,2,302.4,32.07,23.12
100128,SAN RAMON,2010,3,248.3,32.54,23.03
100128,SAN RAMON,2010,4,421.1,32.01,22.73
100128,SAN RAMON,2010,5,267.7,31.21,22.15
100128,SAN RAMON,2010,6,72.7,31.85,21.73
100128,SAN RAMON,2010,7,98.7,30.12,20.37
100128,SAN RAMON,2010,8,53.9,32.9,20.37
100128,SAN RAMON,2010,9,81.2,33.91,21.33
100128,SAN RAMON,2010,10,146.5,33.18,21.81
100128,SAN RAMON,2010,11,244.7,31.36,21.92
100128,SAN RAMON,2010,12,235.0,31.46,22.17
100128,SAN RAMON,2011,1,144.2,31.76,22.15
100128,SAN RAMON,2011,2,161.2,30.91,21.93
100128,SAN RAMON,2011,3,666.3,29.93,21.93
100128,SAN RAMON,2011,4,162.3,31.5,22.08
100128,SAN RAMON,2011,5,122.7,31.57,21.94
100128,SAN RAMON,2011,6,140.0,31.01,21.55
100128,SAN RAMON,2011,7,177.7,31.44,20.99
100128,SAN RAMON,2011,8,54.6,33.02,20.45
100128,SAN RAMON,2011,9,189.1,33.02,21.77
100128,SAN RAMON,2011,10,92.7,32.14,22.83
100128,SAN RAMON,2011,11,384.5,31.9,22.52
100128,SAN RAMON,2011,12,205.4,30.39,22.67
100128,SAN RAMON,2012,1,259.0,31.43,22.24
100128,SAN RAMON,2012,2,232.9,30.54,22.05
100128,SAN RAMON,2012,3,276.3,30.66,21.77
100128,SAN RAMON,2012,4,294.0,31.02,22.04
100128,SAN RAMON,2012,5,124.6,31.66,22.03
100128,SAN RAMON,2012,6,148.8,30.65,20.92
100128,SAN RAMON,2012,7,74.6,31.61,20.62
100128,SAN RAMON,2012,8,39.7,32.84,20.85
100128,SAN RAMON,2012,9,105.1,32.77,21.12
100128,SAN RAMON,2012,10,307.5,31.64,22.27
100128,SAN RAMON,2012,11,357.2,32.39,22.94
100128,SAN RAMON,2012,12,298.6,30.18,22.77
100128,SAN RAMON,2013,1,162.6,30.78,22.83
100128,SAN RAMON,2013,2,189.0,29.59,22.66
100128,SAN RAMON,2013,3,460.5,31.17,23.1
100128,SAN RAMON,2013,4,145.9,32.27,22.57
100128,SAN RAMON,2013,5,160.3,30.81,22.66
100128,SAN RAMON,2013,6,247.1,30.88,22.11
100128,SAN RAMON,2013,7,49.7,30.62,20.8
100128,SAN RAMON,2013,8,173.5,30.95,20.63
100128,SAN RAMON,2013,9,152.5,32.44,21.77
100128,SAN RAMON,2013,10,186.5,31.65,22.63
100128,SAN RAMON,2013,11,336.1,30.3,22.67
100128,SAN RAMON,2013,12,111.3,31.14,22.98
100128,SAN RAMON,2014,1,291.3,29.8,22.87
100128,SAN RAMON,2014,2,257.5,28.98,22.8
100128,SAN RAMON,2014,3,426.4,29.38,22.74
100128,SAN RAMON,2014,4,251.1,29.88,22.48
100128,SAN RAMON,2014,5,188.4,30.63,22.96
100128,SAN RAMON,2014,6,73.5,30.88,21.97
100128,SAN RAMON,2014,7,74.0,30.69,21.26
100128,SAN RAMON,2014,8,82.8,31.85,21.11
100128,SAN RAMON,2014,9,191.1,31.53,22.18
100128,SAN RAMON,2014,10,143.2,31.63,22.86
100128,SAN RAMON,2014,11,450.2,30.34,23.03
100128,SAN RAMON,2014,12,346.5,29.07,22.81
100128,SAN RAMON,2015,1,277.2,28.57,22.08
100128,SAN RAMON,2015,2,172.2,30.66,22.45
100128,SAN RAMON,2015,3,327.1,30.07,22.31
100128,SAN RAMON,2015,4,358.5,30.32,22.33
100128,SAN RAMON,2015,5,182.6,30.74,22.3
100128,SAN RAMON,2015,6,128.4,31.51,21.43
100128,SAN RAMON,2015,7,102.1,31.2,21.58
100128,SAN RAMON,2015,8,106.8,32.91,21.7
100128,SAN RAMON,2015,9,76.4,34.15,22.77
100128,SAN RAMON,2015,10,164.9,32.41,22.98
100128,SAN RAMON,2015,11,221.9,31.88,23.67
100128,SAN RAMON,2015,12,112.3,31.03,23.1
100128,SAN RAMON,2016,1,125.9,33.09,23.71
100128,SAN RAMON,2016,2,178.3,30.75,23.44
100128,SAN RAMON,2016,3,215.0,31.18,23.59
100128,SAN RAMON,2016,4,95.3,31.7,23.12
100128,SAN RAMON,2016,5,212.5,30.77,22.45
100128,SAN RAMON,2016,6,91.5,30.76,21.31
100128,SAN RAMON,2016,7,67.3,31.79,21.32
100128,SAN RAMON,2016,8,45.2,32.97,20.97
100128,SAN RAMON,2016,9,190.5,33.76,21.84
100128,SAN RAMON,2016,10,161.2,32.63,22.78
100128,SAN RAMON,2016,11,118.5,32.37,23.29
100128,SAN RAMON,2016,12,241.8,30.8,22.66
100128,SAN RAMON,2017,1,340.7,29.29,22.45
100128,SAN RAMON,2017,2,279.6,30.2,22.6
100128,SAN RAMON,2017,3,213.2,30.07,22.53
100128,SAN RAMON,2017,4,297.9,30.99,22.54
100128,SAN RAMON,2017,5,255.4,31.37,22.94
100128,SAN RAMON,2017,6,139.8,31.03,22.02
100128,SAN RAMON,2017,7,31.6,31.85,20.16
100128,SAN RAMON,2017,8,30.0,33.46,21.61
100128,SAN RAMON,2017,9,112.4,32.47,21.93
100128,SAN RAMON,2017,10,142.7,31.93,22.66
100128,SAN RAMON,2017,11,337.1,31.13,23.0
100128,SAN RAMON,2017,12,122.8,31.92,22.85
100128,SAN RAMON,2018,1,148.5,30.7,22.16
100128,SAN RAMON,2018,2,369.3,30.78,22.49
100128,SAN RAMON,2018,3,277.7,30.98,22.55
100128,SAN RAMON,2018,4,272.3,30.35,22.49
100128,SAN RAMON,2018,5,192.1,30.8,21.99
100128,SAN RAMON,2018,6,68.8,30.7,20.3
100128,SAN RAMON,2018,7,119.3,31.04,20.48
100128,SAN RAMON,2018,8,81.2,31.56,20.87
100128,SAN RAMON,2018,9,166.9,33.44,21.61
100128,SAN RAMON,2018,10,358.1,31.2,22.78
100128,SAN RAMON,2018,11,396.9,30.81,22.98
100128,SAN RAMON,2018,12,146.9,29.89,22.63
100128,SAN RAMON,2019,1,383.5,29.5,22.5
100128,SAN RAMON,2019,2,157.1,30.64,22.83
100128,SAN RAMON,2019,3,251.1,30.25,22.71
100128,SAN RAMON,2019,4,187.6,31.48,22.41
100128,SAN RAMON,2019,5,175.4,31.29,22.59
100128,SAN RAMON,2019,6,110.7,31.51,22.07
100128,SAN RAMON,2019,7,191.6,31.28,20.74
100128,SAN RAMON,2019,8,39.0,32.39,20.31
100128,SAN RAMON,2019,9,149.3,32.69,22.43
100128,SAN RAMON,2019,10,144.9,31.43,22.55
100128,SAN RAMON,2019,11,213.5,30.97,22.92
100128,SAN RAMON,2019,12,350.6,31.07,22.75
100128,SAN RAMON,2020,1,286.9,31.25,23.0
100128,SAN RAMON,2020,2,258.5,32.12,23.34
100128,SAN RAMON,2020,3,-999.0,-999.0,-999.0
100128,SAN RAMON,2020,4,-999.0,-999.0,-999.0
100128,SAN RAMON,2020,5,-999.0,-999.0,-999.0
100128,SAN RAMON,2020,6,-999.0,-999.0,-999.0
100128,SAN RAMON,2020,7,-999.0,-999.0,-999.0
100128,SAN RAMON,2020,8,-999.0,-999.0,-999.0
100128,SAN RAMON,2020,9,-999.0,-999.0,-999.0
100128,SAN RAMON,2020,10,-999.0,-999.0,-999.0
100128,SAN RAMON,2020,11,-999.0,-999.0,-999.0
100128,SAN RAMON,2020,12,-999.0,-999.0,-999.0
100128,SAN RAMON,2021,1,-999.0,-999.0,-999.0
100128,SAN RAMON,2021,2,-999.0,-999.0,-999.0
100128,SAN RAMON,2021,3,-999.0,-999.0,-999.0
100128,SAN RAMON,2021,4,-999.0,-999.0,-999.0
100128,SAN RAMON,2021,5,-999.0,-999.0,-999.0
100128,SAN RAMON,2021,6,-999.0,-999.0,-999.0
100128,SAN RAMON,2021,7,-999.0,-999.0,-999.0
100128,SAN RAMON,2021,8,-999.0,-999.0,-999.0
100128,SAN RAMON,2021,9,-999.0,-999.0,-999.0
100128,SAN RAMON,2021,10,-999.0,-999.0,-999.0
100128,SAN RAMON,2021,11,-999.0,-999.0,-999.0
100128,SAN RAMON,2021,12,-999.0,-999.0,-999.0
100128,SAN RAMON,2022,1,-999.0,-999.0,-999.0
100128,SAN RAMON,2022,2,-999.0,-999.0,-999.0
100128,SAN RAMON,2022,3,-999.0,-999.0,-999.0
100128,SAN RAMON,2022,4,-999.0,-999.0,-999.0
100128,SAN RAMON,2022,5,-999.0,-999.0,-999.0
100128,SAN RAMON,2022,6,-999.0,-999.0,-999.0
100128,SAN RAMON,2022,7,-999.0,-999.0,-999.0
100128,SAN RAMON,2022,8,-999.0,-999.0,-999.0
100128,SAN RAMON,2022,9,-999.0,-999.0,-999.0
100128,SAN RAMON,2022,10,-999.0,-999.0,-999.0
100128,SAN RAMON,2022,11,-999.0,-999.0,-999.0
100128,SAN RAMON,2022,12,-999.0,-999.0,-999.0
100128,SAN RAMON,2023,1,-999.0,-999.0,-999.0
100128,SAN RAMON,2023,2,-999.0,-999.0,-999.0
100128,SAN RAMON,2023,3,541.1,30.1,22.31
100128,SAN RAMON,2023,4,233.2,30.18,21.8
100128,SAN RAMON,2023,5,216.9,31.3,22.65
100128,SAN RAMON,2023,6,36.6,31.28,21.1
100128,SAN RAMON,2023,7,131.8,32.38,21.56
100128,SAN RAMON,2023,8,11.4,34.15,21.66
100128,SAN RAMON,2023,9,42.3,35.28,22.41
100128,SAN RAMON,2023,10,178.4,34.37,23.54
100128,SAN RAMON,2023,11,235.0,31.63,23.45
100128,SAN RAMON,2023,12,339.1,30.64,23.24
100128,SAN RAMON,2024,1,271.8,30.79,23.17
100128,SAN RAMON,2024,2,318.4,31.47,23.67
100128,SAN RAMON,2024,3,372.9,31.65,23.41
100128,SAN RAMON,2024,4,76.9,32.6,23.51
100128,SAN RAMON,2024,5,241.4,30.91,22.98
100128,SAN RAMON,2024,6,112.3,31.87,22.11
100128,SAN RAMON,2024,7,118.4,31.83,21.39
100128,SAN RAMON,2024,8,29.0,33.53,21.31
100128,SAN RAMON,2024,9,175.1,34.27,22.68
100128,SAN RAMON,2024,10,193.1,33.91,22.93
100128,SAN RAMON,2024,11,330.6,30.8,23.29
100128,SAN RAMON,2024,12,174.0,31.56,23.07
100128,SAN RAMON,2025,1,165.5,31.61,23.0
100128,SAN RAMON,2025,2,303.7,30.38,22.93
100128,SAN RAMON,2025,3,232.5,30.51,22.73
100128,SAN RAMON,2025,4,240.1,31.04,23.14
100128,SAN RAMON,2025,5,188.4,30.71,22.67
100128,SAN RAMON,2025,6,182.6,30.66,22.66
100128,SAN RAMON,2025,7,18.5,31.56,20.93
100128,SAN RAMON,2025,8,33.1,32.59,21.85
100128,SAN RAMON,2025,9,136.9,32.2,22.72
100128,SAN RAMON,2025,10,252.9,32.14,22.93
100128,SAN RAMON,2025,11,265.7,31.41,23.37
100128,SAN RAMON,2025,12,349.5,31.12,23.3
