CODIGO,ESTACION,YEAR,MONTH,PP,TMAX,TMIN
100110,PUNO,1990,1,167.2,14.71,5.24
100110,PUNO,1990,2,22.4,15.32,4.0
100110,PUNO,1990,3,59.9,15.17,3.92
100110,PUNO,1990,4,43.0,14.96,2.94
100110,PUNO,1990,5,12.1,14.81,1.2
100110,PUNO,1990,6,54.7,11.92,-0.31
100110,PUNO,1990,7,0.0,13.09,-1.4
100110,PUNO,1990,8,11.8,13.46,-0.28
100110,PUNO,1990,9,10.1,14.82,0.77
100110,PUNO,1990,10,107.9,15.25,4.15
100110,PUNO,1990,11,94.5,15.08,4.59
100110,PUNO,1990,12,63.2,14.99,5.87
100110,PUNO,1991,1,124.1,14.94,5.35
100110,PUNO,1991,2,67.7,15.44,5.51
100110,PUNO,1991,3,185.8,14.7,5.19
100110,PUNO,1991,4,46.2,14.49,3.48
100110,PUNO,1991,5,6.8,14.11,0.08
100110,PUNO,1991,6,33.6,12.78,-1.67
100110,PUNO,1991,7,0.0,13.12,-1.99
100110,PUNO,1991,8,3.0,14.26,-0.93
100110,PUNO,1991,9,14.7,14.27,1.37
100110,PUNO,1991,10,20.4,15.76,3.19
100110,PUNO,1991,11,44.2,15.56,3.51
100110,PUNO,1991,12,50.3,16.1,4.25
100110,PUNO,1992,1,66.0,14.72,4.91
100110,PUNO,1992,2,89.7,15.07,4.47
100110,PUNO,1992,3,15.7,15.87,3.7
100110,PUNO,1992,4,38.8,16.47,2.5
100110,PUNO,1992,5,0.0,15.87,0.61
100110,PUNO,1992,6,0.0,13.29,-0.36
100110,PUNO,1992,7,2.3,13.28,-1.74
100110,PUNO,1992,8,42.2,13.01,-0.87
100110,PUNO,1992,9,0.0,16.07,1.04
100110,PUNO,1992,10,34.4,15.83,2.53
100110,PUNO,1992,11,29.4,16.19,3.19
100110,PUNO,1992,12,55.1,16.31,4.67
100110,PUNO,1993,1,175.6,14.35,4.85
100110,PUNO,1993,2,100.7,14.86,4.19
100110,PUNO,1993,3,107.0,14.06,5.01
100110,PUNO,1993,4,52.5,15.01,4.14
100110,PUNO,1993,5,6.6,14.69,1.33
100110,PUNO,1993,6,1.1,13.75,-1.97
100110,PUNO,1993,7,0.0,15.46,-1.09
100110,PUNO,1993,8,37.9,14.95,-0.31
100110,PUNO,1993,9,18.0,16.72,1.28
100110,PUNO,1993,10,69.1,16.48,3.53
100110,PUNO,1993,11,79.2,16.65,5.0
100110,PUNO,1993,12,111.5,17.16,6.01
100110,PUNO,1994,1,180.0,16.11,5.66
100110,PUNO,1994,2,183.1,15.38,5.26
100110,PUNO,1994,3,113.3,14.96,4.44
100110,PUNO,1994,4,116.2,14.85,4.09
100110,PUNO,1994,5,29.9,14.7,0.79
100110,PUNO,1994,6,0.4,13.77,-1.64
100110,PUNO,1994,7,0.0,14.7,-1.81
100110,PUNO,1994,8,0.0,15.43,-0.61
100110,PUNO,1994,9,18.3,16.25,1.97
100110,PUNO,1994,10,36.6,17.26,2.74
100110,PUNO,1994,11,52.6,17.21,4.65
100110,PUNO,1994,12,73.2,16.72,5.14
100110,PUNO,1995,1,122.7,16.66,5.52
100110,PUNO,1995,2,102.8,16.51,4.96
100110,PUNO,1995,3,124.0,14.92,4.93
100110,PUNO,1995,4,2.1,16.66,3.07
100110,PUNO,1995,5,4.1,15.85,0.28
100110,PUNO,1995,6,0.0,14.68,-1.69
100110,PUNO,1995,7,0.0,15.58,-1.45
100110,PUNO,1995,8,3.0,17.03,0.03
100110,PUNO,1995,9,21.9,16.79,2.33
100110,PUNO,1995,10,15.3,18.48,3.26
100110,PUNO,1995,11,51.4,17.74,4.47
100110,PUNO,1995,12,80.2,15.92,3.9
100110,PUNO,1996,1,252.7,15.97,4.63
100110,PUNO,1996,2,130.5,14.88,5.15
100110,PUNO,1996,3,60.8,15.81,4.59
100110,PUNO,1996,4,76.3,15.59,3.8
100110,PUNO,1996,5,0.0,15.41,0.83
100110,PUNO,1996,6,0.0,14.45,-1.63
100110,PUNO,1996,7,2.9,14.87,-1.2
100110,PUNO,1996,8,12.8,15.85,1.28
100110,PUNO,1996,9,0.8,17.3,1.51
100110,PUNO,1996,10,10.4,18.41,3.59
100110,PUNO,1996,11,88.3,15.93,3.44
100110,PUNO,1996,12,118.0,16.2,4.59
100110,PUNO,1997,1,239.6,14.59,4.86
100110,PUNO,1997,2,213.2,13.69,4.29
100110,PUNO,1997,3,98.6,13.81,3.9
100110,PUNO,1997,4,88.6,13.63,1.48
100110,PUNO,1997,5,1.0,14.19,-0.06
100110,PUNO,1997,6,0.0,14.24,-2.33
100110,PUNO,1997,7,0.0,15.36,-1.66
100110,PUNO,1997,8,21.9,14.33,-0.34
100110,PUNO,1997,9,108.3,15.93,1.83
100110,PUNO,1997,10,30.1,17.41,2.37
100110,PUNO,1997,11,62.9,17.35,3.85
100110,PUNO,1997,12,44.9,19.03,5.28
100110,PUNO,1998,1,196.4,17.95,6.7
100110,PUNO,1998,2,115.5,18.63,6.43
100110,PUNO,1998,3,135.3,17.84,5.48
100110,PUNO,1998,4,25.4,18.37,3.4
100110,PUNO,1998,5,0.0,17.39,-0.41
100110,PUNO,1998,6,4.9,15.91,0.04
100110,PUNO,1998,7,0.0,16.14,-1.77
100110,PUNO,1998,8,4.3,17.6,0.21
100110,PUNO,1998,9,4.5,18.71,1.03
100110,PUNO,1998,10,-999.0,18.99,3.38
100110,PUNO,1998,11,43.9,18.96,4.19
100110,PUNO,1998,12,56.0,19.11,5.58
100110,PUNO,1999,1,193.1,16.8,5.35
100110,PUNO,1999,2,244.8,15.03,-999.0
100110,PUNO,1999,3,202.0,15.28,5.35
100110,PUNO,1999,4,86.0,15.54,4.27
100110,PUNO,1999,5,7.5,15.28,1.09
100110,PUNO,1999,6,0.0,15.16,-1.71
100110,PUNO,1999,7,0.0,15.92,-0.02
100110,PUNO,1999,8,1.9,16.37,0.95
100110,PUNO,1999,9,16.1,17.21,2.15
100110,PUNO,1999,10,150.3,16.89,3.95
100110,PUNO,1999,11,32.0,18.39,3.9
100110,PUNO,1999,12,68.4,18.47,5.48
100110,PUNO,2000,1,167.1,15.51,5.86
100110,PUNO,2000,2,210.0,15.25,5.47
100110,PUNO,2000,3,105.1,15.59,5.21
100110,PUNO,2000,4,40.3,16.12,3.53
100110,PUNO,2000,5,0.4,16.37,1.35
100110,PUNO,2000,6,2.3,15.39,-0.71
100110,PUNO,2000,7,4.2,14.8,-1.88
100110,PUNO,2000,8,17.9,16.04,0.65
100110,PUNO,2000,9,14.6,18.28,1.69
100110,PUNO,2000,10,95.8,16.01,3.2
100110,PUNO,2000,11,13.9,18.48,2.99
100110,PUNO,2000,12,69.0,16.3,4.14
100110,PUNO,2001,1,250.8,14.34,5.16
100110,PUNO,2001,2,214.6,14.85,5.81
100110,PUNO,2001,3,224.1,14.72,5.1
100110,PUNO,2001,4,69.8,15.03,4.2
100110,PUNO,2001,5,12.2,14.7,1.34
100110,PUNO,2001,6,2.2,14.51,0.58
100110,PUNO,2001,7,0.0,13.54,-0.99
100110,PUNO,2001,8,12.5,14.28,0.0
100110,PUNO,2001,9,27.1,16.29,2.78
100110,PUNO,2001,10,68.4,16.63,3.89
100110,PUNO,2001,11,56.2,17.95,5.27
100110,PUNO,2001,12,81.0,16.7,4.95
100110,PUNO,2002,1,129.6,16.36,5.71
100110,PUNO,2002,2,180.0,15.31,6.34
100110,PUNO,2002,3,170.6,15.77,5.92
100110,PUNO,2002,4,105.3,15.06,4.77
100110,PUNO,2002,5,15.4,14.87,2.28
100110,PUNO,2002,6,21.1,14.39,0.69
100110,PUNO,2002,7,22.7,12.84,-0.61
100110,PUNO,2002,8,30.6,14.89,0.62
100110,PUNO,2002,9,11.6,15.84,2.73
100110,PUNO,2002,10,65.9,16.01,4.17
100110,PUNO,2002,11,-999.0,17.19,4.82
100110,PUNO,2002,12,139.2,16.73,5.7
100110,PUNO,2003,1,174.5,16.35,6.35
100110,PUNO,2003,2,114.4,16.45,6.42
100110,PUNO,2003,3,114.4,15.48,5.86
100110,PUNO,2003,4,46.1,15.79,3.53
100110,PUNO,2003,5,36.7,14.61,1.41
100110,PUNO,2003,6,4.8,13.83,-1.33
100110,PUNO,2003,7,0.2,14.52,-1.07
100110,PUNO,2003,8,9.6,14.95,-0.13
100110,PUNO,2003,9,42.9,15.1,1.12
100110,PUNO,2003,10,25.4,16.73,3.36
100110,PUNO,2003,11,8.6,18.13,4.37
100110,PUNO,2003,12,131.8,17.88,5.74
100110,PUNO,2004,1,208.9,14.9,6.37
100110,PUNO,2004,2,125.2,15.68,6.12
100110,PUNO,2004,3,115.5,16.52,5.88
100110,PUNO,2004,4,29.2,16.01,4.11
100110,PUNO,2004,5,6.2,15.65,0.0
100110,PUNO,2004,6,0.0,13.86,-1.09
100110,PUNO,2004,7,10.2,13.89,-0.61
100110,PUNO,2004,8,43.0,14.04,0.73
100110,PUNO,2004,9,34.3,15.69,2.37
100110,PUNO,2004,10,5.6,17.54,3.86
100110,PUNO,2004,11,-999.0,-999.0,-999.0
100110,PUNO,2004,12,59.1,17.75,6.33
100110,PUNO,2005,1,103.3,16.57,6.39
100110,PUNO,2005,2,157.9,15.61,5.86
100110,PUNO,2005,3,134.6,16.41,5.66
100110,PUNO,2005,4,45.7,16.39,4.17
100110,PUNO,2005,5,0.4,15.91,0.77
100110,PUNO,2005,6,0.0,14.78,-1.97
100110,PUNO,2005,7,0.0,15.69,-0.54
100110,PUNO,2005,8,0.0,15.99,-0.67
100110,PUNO,2005,9,11.8,16.55,2.2
100110,PUNO,2005,10,39.5,17.0,3.82
100110,PUNO,2005,11,80.5,17.1,4.57
100110,PUNO,2005,12,97.4,17.27,6.33
100110,PUNO,2006,1,291.1,15.06,5.64
100110,PUNO,2006,2,62.3,16.3,5.95
100110,PUNO,2006,3,159.6,16.13,6.19
100110,PUNO,2006,4,44.6,15.4,4.28
100110,PUNO,2006,5,0.9,15.02,-0.38
100110,PUNO,2006,6,0.0,14.45,-0.49
100110,PUNO,2006,7,0.0,14.55,-1.94
100110,PUNO,2006,8,-999.0,15.51,0.95
100110,PUNO,2006,9,21.2,16.73,1.66
100110,PUNO,2006,10,37.4,17.5,4.03
100110,PUNO,2006,11,53.8,17.55,5.65
100110,PUNO,2006,12,101.5,17.57,5.79
100110,PUNO,2007,1,84.8,17.25,6.21
100110,PUNO,2007,2,171.0,16.66,6.15
100110,PUNO,2007,3,236.7,15.21,5.63
100110,PUNO,2007,4,49.7,15.79,4.55
100110,PUNO,2007,5,10.6,15.97,2.11
100110,PUNO,2007,6,0.0,15.56,0.43
100110,PUNO,2007,7,3.3,14.43,-0.41
100110,PUNO,2007,8,1.6,16.43,0.67
100110,PUNO,2007,9,61.3,15.44,3.16
100110,PUNO,2007,10,77.0,17.47,3.66
100110,PUNO,2007,11,44.2,17.21,3.49
100110,PUNO,2007,12,74.1,17.3,5.14
100110,PUNO,2008,1,209.7,15.65,6.16
100110,PUNO,2008,2,85.8,15.96,5.34
100110,PUNO,2008,3,95.4,15.52,5.06
100110,PUNO,2008,4,8.4,16.28,2.41
100110,PUNO,2008,5,6.8,15.53,-0.46
100110,PUNO,2008,6,1.4,15.67,-0.7
100110,PUNO,2008,7,0.2,15.12,-1.5
100110,PUNO,2008,8,0.8,16.2,-0.48
100110,PUNO,2008,9,2.4,17.23,0.77
100110,PUNO,2008,10,79.4,17.27,3.72
100110,PUNO,2008,11,27.2,18.25,5.14
100110,PUNO,2008,12,144.2,16.67,5.32
100110,PUNO,2009,1,154.0,16.37,5.48
100110,PUNO,2009,2,136.1,16.0,6.19
100110,PUNO,2009,3,148.3,15.95,5.03
100110,PUNO,2009,4,83.0,15.28,3.57
100110,PUNO,2009,5,0.4,16.05,0.85
100110,PUNO,2009,6,0.0,15.11,-2.12
100110,PUNO,2009,7,2.5,15.54,-0.54
100110,PUNO,2009,8,0.0,16.39,-1.07
100110,PUNO,2009,9,16.4,17.72,2.25
100110,PUNO,2009,10,56.4,18.48,3.81
100110,PUNO,2009,11,88.9,18.08,6.29
100110,PUNO,2009,12,62.5,17.91,6.13
100110,PUNO,2010,1,99.3,16.93,6.85
100110,PUNO,2010,2,192.8,17.13,6.62
100110,PUNO,2010,3,56.3,17.15,6.8
100110,PUNO,2010,4,12.3,17.4,4.7
100110,PUNO,2010,5,16.1,16.18,1.63
100110,PUNO,2010,6,0.0,16.27,1.38
100110,PUNO,2010,7,0.0,16.95,-1.19
100110,PUNO,2010,8,7.1,17.41,0.8
100110,PUNO,2010,9,2.9,18.6,2.07
100110,PUNO,2010,10,33.4,18.74,3.88
100110,PUNO,2010,11,15.0,19.52,3.97
100110,PUNO,2010,12,146.7,17.43,5.91
100110,PUNO,2011,1,122.7,17.08,6.06
100110,PUNO,2011,2,202.9,15.05,6.34
100110,PUNO,2011,3,116.5,14.91,6.05
100110,PUNO,2011,4,46.8,15.5,4.19
100110,PUNO,2011,5,4.8,15.17,1.47
100110,PUNO,2011,6,0.0,15.18,-0.29
100110,PUNO,2011,7,6.4,14.65,-0.05
100110,PUNO,2011,8,0.2,16.45,1.16
100110,PUNO,2011,9,45.8,16.23,2.79
100110,PUNO,2011,10,25.7,17.83,3.43
100110,PUNO,2011,11,48.5,18.86,4.86
100110,PUNO,2011,12,151.3,16.32,5.57
100110,PUNO,2012,1,135.4,15.77,5.43
100110,PUNO,2012,2,294.8,14.61,5.48
100110,PUNO,2012,3,209.9,15.03,5.19
100110,PUNO,2012,4,60.1,15.09,4.74
100110,PUNO,2012,5,0.0,15.14,1.08
100110,PUNO,2012,6,0.2,14.9,-0.14
100110,PUNO,2012,7,0.0,15.22,-0.46
100110,PUNO,2012,8,5.6,15.87,-0.03
100110,PUNO,2012,9,9.8,15.74,2.85
100110,PUNO,2012,10,7.6,17.49,5.05
100110,PUNO,2012,11,69.5,-999.0,-999.0
100110,PUNO,2012,12,155.9,14.9,6.53
100110,PUNO,2013,1,153.0,16.22,5.57
100110,PUNO,2013,2,175.8,14.96,6.76
100110,PUNO,2013,3,100.0,15.9,5.68
100110,PUNO,2013,4,14.3,15.61,3.1
100110,PUNO,2013,5,22.4,15.33,3.03
100110,PUNO,2013,6,12.5,14.21,0.91
100110,PUNO,2013,7,1.5,13.81,1.13
100110,PUNO,2013,8,4.5,14.63,0.9
100110,PUNO,2013,9,11.6,16.81,2.36
100110,PUNO,2013,10,32.9,16.94,4.47
100110,PUNO,2013,11,61.4,17.35,5.43
100110,PUNO,2013,12,117.1,15.98,6.39
100110,PUNO,2014,1,145.0,15.43,6.36
100110,PUNO,2014,2,107.7,15.9,6.34
100110,PUNO,2014,3,60.5,16.34,5.8
100110,PUNO,2014,4,40.9,15.87,5.03
100110,PUNO,2014,5,0.1,16.17,2.18
100110,PUNO,2014,6,0.0,16.62,1.41
100110,PUNO,2014,7,0.2,15.41,0.75
100110,PUNO,2014,8,28.9,14.97,1.86
100110,PUNO,2014,9,66.9,15.01,3.79
100110,PUNO,2014,10,45.2,16.01,4.97
100110,PUNO,2014,11,29.8,17.54,5.48
100110,PUNO,2014,12,90.6,17.41,6.45
100110,PUNO,2015,1,96.4,15.21,5.64
100110,PUNO,2015,2,121.0,15.73,6.44
100110,PUNO,2015,3,187.0,15.31,5.97
100110,PUNO,2015,4,114.1,14.6,5.33
100110,PUNO,2015,5,0.2,15.44,2.71
100110,PUNO,2015,6,0.0,15.75,0.71
100110,PUNO,2015,7,1.8,15.1,-0.03
100110,PUNO,2015,8,4.0,15.55,1.2
100110,PUNO,2015,9,54.5,17.02,3.29
100110,PUNO,2015,10,41.5,17.26,4.0
100110,PUNO,2015,11,23.2,18.32,5.91
100110,PUNO,2015,12,59.4,17.93,5.86
100110,PUNO,2016,1,79.7,17.9,6.7
100110,PUNO,2016,2,202.6,16.43,7.01
100110,PUNO,2016,3,9.8,17.79,6.68
100110,PUNO,2016,4,57.5,16.2,4.87
100110,PUNO,2016,5,0.5,16.88,2.1
100110,PUNO,2016,6,2.0,15.89,0.57
100110,PUNO,2016,7,3.4,15.05,0.75
100110,PUNO,2016,8,0.0,16.19,1.1
100110,PUNO,2016,9,0.3,16.98,2.93
100110,PUNO,2016,10,76.0,17.25,4.41
100110,PUNO,2016,11,43.0,18.23,4.45
100110,PUNO,2016,12,49.7,18.19,5.98
100110,PUNO,2017,1,314.3,15.78,6.03
100110,PUNO,2017,2,119.2,16.86,6.38
100110,PUNO,2017,3,145.7,14.85,6.42
100110,PUNO,2017,4,45.5,15.29,4.77
100110,PUNO,2017,5,21.7,15.57,3.41
100110,PUNO,2017,6,1.0,15.49,0.47
100110,PUNO,2017,7,1.6,15.11,0.12
100110,PUNO,2017,8,0.0,16.95,0.78
100110,PUNO,2017,9,62.3,15.91,3.74
100110,PUNO,2017,10,65.2,17.41,4.11
100110,PUNO,2017,11,23.9,18.52,5.75
100110,PUNO,2017,12,68.5,17.77,6.29
100110,PUNO,2018,1,171.1,15.99,5.79
100110,PUNO,2018,2,152.1,15.3,6.24
100110,PUNO,2018,3,114.1,15.12,6.04
100110,PUNO,2018,4,33.2,15.68,4.29
100110,PUNO,2018,5,7.8,15.52,1.64
100110,PUNO,2018,6,12.9,14.05,1.04
100110,PUNO,2018,7,32.1,14.79,1.19
100110,PUNO,2018,8,0.0,15.04,1.37
100110,PUNO,2018,9,3.6,16.75,2.42
100110,PUNO,2018,10,45.5,16.6,5.5
100110,PUNO,2018,11,22.7,19.09,6.56
100110,PUNO,2018,12,89.8,17.84,6.12
100110,PUNO,2019,1,148.2,16.81,7.02
100110,PUNO,2019,2,78.7,15.97,7.0
100110,PUNO,2019,3,43.7,16.63,6.67
100110,PUNO,2019,4,58.6,16.43,5.59
100110,PUNO,2019,5,19.0,16.64,2.62
100110,PUNO,2019,6,2.2,15.65,0.73
100110,PUNO,2019,7,7.6,15.0,0.5
100110,PUNO,2019,8,0.0,16.15,1.25
100110,PUNO,2019,9,12.6,17.39,4.59
100110,PUNO,2019,10,39.9,17.46,4.74
100110,PUNO,2019,11,92.5,17.05,5.82
100110,PUNO,2019,12,81.5,17.65,6.84
100110,PUNO,2020,1,122.0,16.67,6.97
100110,PUNO,2020,2,170.3,16.28,7.22
100110,PUNO,2020,3,-999.0,-999.0,-999.0
100110,PUNO,2020,4,-999.0,-999.0,-999.0
100110,PUNO,2020,5,-999.0,-999.0,-999.0
100110,PUNO,2020,6,-999.0,-999.0,-999.0
100110,PUNO,2020,7,-999.0,-999.0,-999.0
100110,PUNO,2020,8,-999.0,-999.0,-999.0
100110,PUNO,2020,9,-999.0,-999.0,-999.0
100110,PUNO,2020,10,-999.0,-999.0,-999.0
100110,PUNO,2020,11,-999.0,-999.0,-999.0
100110,PUNO,2020,12,114.3,17.49,6.7
100110,PUNO,2021,1,148.3,15.92,5.67
100110,PUNO,2021,2,-999.0,-999.0,-999.0
100110,PUNO,2021,3,139.7,15.12,5.86
100110,PUNO,2021,4,39.2,15.64,4.1
100110,PUNO,2021,5,23.0,15.43,2.1
100110,PUNO,2021,6,0.0,15.72,0.58
100110,PUNO,2021,7,0.1,15.7,0.81
100110,PUNO,2021,8,5.1,16.59,1.44
100110,PUNO,2021,9,29.5,17.36,4.42
100110,PUNO,2021,10,36.1,18.66,4.94
100110,PUNO,2021,11,21.2,18.4,6.03
100110,PUNO,2021,12,129.2,16.3,6.21
100110,PUNO,2022,1,211.0,15.85,5.97
100110,PUNO,2022,2,95.1,15.63,6.09
100110,PUNO,2022,3,117.8,15.77,6.31
100110,PUNO,2022,4,-999.0,-999.0,-999.0
100110,PUNO,2022,5,-999.0,-999.0,-999.0
100110,PUNO,2022,6,-999.0,-999.0,-999.0
100110,PUNO,2022,7,-999.0,-999.0,-999.0
100110,PUNO,2022,8,6.4,16.63,1.37
100110,PUNO,2022,9,0.0,18.06,2.22
100110,PUNO,2022,10,-999.0,-999.0,-999.0
100110,PUNO,2022,11,-999.0,-999.0,-999.0
100110,PUNO,2022,12,-999.0,-999.0,-999.0
100110,PUNO,2023,1,-999.0,-999.0,-999.0
100110,PUNO,2023,2,-999.0,-999.0,-999.0
100110,PUNO,2023,3,-999.0,-999.0,-999.0
100110,PUNO,2023,4,-999.0,-999.0,-999.0
100110,PUNO,2023,5,-999.0,-999.0,-999.0
100110,PUNO,2023,6,-999.0,-999.0,-999.0
100110,PUNO,2023,7,-999.0,-999.0,-999.0
100110,PUNO,2023,8,5.1,17.57,0.75
100110,PUNO,2023,9,0.0,19.42,3.37
100110,PUNO,2023,10,33.8,20.75,5.98
100110,PUNO,2023,11,85.2,20.75,6.52
100110,PUNO,2023,12,96.0,19.26,7.38
100110,PUNO,2024,1,-999.0,-999.0,-999.0
100110,PUNO,2024,2,-999.0,-999.0,-999.0
100110,PUNO,2024,3,110.0,17.1,7.38
100110,PUNO,2024,4,34.0,18.49,6.07
100110,PUNO,2024,5,11.2,18.44,3.68
100110,PUNO,2024,6,0.0,17.26,0.89
100110,PUNO,2024,7,0.0,17.75,0.13
100110,PUNO,2024,8,0.0,18.82,1.32
100110,PUNO,2024,9,20.0,19.66,4.47
100110,PUNO,2024,10,20.9,19.62,5.13
100110,PUNO,2024,11,91.5,19.46,6.97
100110,PUNO,2024,12,36.1,20.09,7.06
100110,PUNO,2025,1,190.7,16.6,6.31
100110,PUNO,2025,2,190.3,16.42,6.62
100110,PUNO,2025,3,205.2,16.91,6.57
100110,PUNO,2025,4,93.1,17.79,5.4
100110,PUNO,2025,5,13.5,16.75,3.57
100110,PUNO,2025,6,0.0,17.15,1.01
100110,PUNO,2025,7,3.9,16.24,0.46
100110,PUNO,2025,8,0.2,17.44,1.13
100110,PUNO,2025,9,26.7,17.54,3.78
100110,PUNO,2025,10,66.9,18.33,5.23
100110,PUNO,2025,11,36.3,18.97,5.33
100110,PUNO,2025,12,89.0,18.18,6.05
