CODIGO,ESTACION,YEAR,MONTH,PP,TMAX,TMIN
100109,PUERTO MALDONADO,1990,1,-999.0,-999.0,-999.0
100109,PUERTO MALDONADO,1990,2,-999.0,-999.0,-999.0
100109,PUERTO MALDONADO,1990,3,-999.0,-999.0,-999.0
100109,PUERTO MALDONADO,1990,4,-999.0,-999.0,-999.0
100109,PUERTO MALDONADO,1990,5,-999.0,-999.0,-999.0
100109,PUERTO MALDONADO,1990,6,-999.0,-999.0,-999.0
100109,PUERTO MALDONADO,1990,7,-999.0,-999.0,-999.0
100109,PUERTO MALDONADO,1990,8,-999.0,-999.0,-999.0
100109,PUERTO MALDONADO,1990,9,-999.0,-999.0,-999.0
100109,PUERTO MALDONADO,1990,10,-999.0,-999.0,-999.0
100109,PUERTO MALDONADO,1990,11,-999.0,-999.0,-999.0
100109,PUERTO MALDONADO,1990,12,-999.0,-999.0,-999.0
100109,PUERTO MALDONADO,1991,1,-999.0,-999.0,-999.0
100109,PUERTO MALDONADO,1991,2,-999.0,-999.0,-999.0
100109,PUERTO MALDONADO,1991,3,-999.0,-999.0,-999.0
100109,PUERTO MALDONADO,1991,4,-999.0,-999.0,-999.0
100109,PUERTO MALDONADO,1991,5,-999.0,-999.0,-999.0
100109,PUERTO MALDONADO,1991,6,-999.0,-999.0,-999.0
100109,PUERTO MALDONADO,1991,7,-999.0,-999.0,-999.0
100109,PUERTO MALDONADO,1991,8,-999.0,-999.0,-999.0
100109,PUERTO MALDONADO,1991,9,-999.0,-999.0,-999.0
100109,PUERTO MALDONADO,1991,10,-999.0,-999.0,-999.0
100109,PUERTO MALDONADO,1991,11,-999.0,-999.0,-999.0
100109,PUERTO MALDONADO,1991,12,-999.0,-999.0,-999.0
100109,PUERTO MALDONADO,1992,1,-999.0,-999.0,-999.0
100109,PUERTO MALDONADO,1992,2,-999.0,-999.0,-999.0
100109,PUERTO MALDONADO,1992,3,-999.0,-999.0,-999.0
100109,PUERTO MALDONADO,1992,4,-999.0,-999.0,-999.0
100109,PUERTO MALDONADO,1992,5,-999.0,-999.0,-999.0
100109,PUERTO MALDONADO,1992,6,-999.0,-999.0,-999.0
100109,PUERTO MALDONADO,1992,7,-999.0,-999.0,-999.0
100109,PUERTO MALDONADO,1992,8,-999.0,-999.0,-999.0
100109,PUERTO MALDONADO,1992,9,-999.0,-999.0,-999.0
100109,PUERTO MALDONADO,1992,10,-999.0,-999.0,-999.0
100109,PUERTO MALDONADO,1992,11,-999.0,-999.0,-999.0
100109,PUERTO MALDONADO,1992,12,-999.0,-999.0,-999.0
100109,PUERTO MALDONADO,1993,1,-999.0,-999.0,-999.0
100109,PUERTO MALDONADO,1993,2,-999.0,-999.0,-999.0
100109,PUERTO MALDONADO,1993,3,-999.0,-999.0,-999.0
100109,PUERTO MALDONADO,1993,4,-999.0,-999.0,-999.0
100109,PUERTO MALDONADO,1993,5,-999.0,-999.0,-999.0
100109,PUERTO MALDONADO,1993,6,-999.0,-999.0,-999.0
100109,PUERTO MALDONADO,1993,7,-999.0,-999.0,-999.0
100109,PUERTO MALDONADO,1993,8,-999.0,-999.0,-999.0
100109,PUERTO MALDONADO,1993,9,-999.0,-999.0,-999.0
100109,PUERTO MALDONADO,1993,10,-999.0,-999.0,-999.0
100109,PUERTO MALDONADO,1993,11,-999.0,-999.0,-999.0
100109,PUERTO MALDONADO,1993,12,-999.0,-999.0,-999.0
100109,PUERTO MALDONADO,1994,1,-999.0,-999.0,-999.0
100109,PUERTO MALDONADO,1994,2,-999.0,-999.0,-999.0
100109,PUERTO MALDONADO,1994,3,-999.0,-999.0,-999.0
100109,PUERTO MALDONADO,1994,4,-999.0,-999.0,-999.0
100109,PUERTO MALDONADO,1994,5,-999.0,-999.0,-999.0
100109,PUERTO MALDONADO,1994,6,-999.0,-999.0,-999.0
100109,PUERTO MALDONADO,1994,7,-999.0,-999.0,-999.0
100109,PUERTO MALDONADO,1994,8,-999.0,-999.0,-999.0
100109,PUERTO MALDONADO,1994,9,-999.0,-999.0,-999.0
100109,PUERTO MALDONADO,1994,10,-999.0,-999.0,-999.0
100109,PUERTO MALDONADO,1994,11,-999.0,-999.0,-999.0
100109,PUERTO MALDONADO,1994,12,-999.0,-999.0,-999.0
100109,PUERTO MALDONADO,1995,1,-999.0,-999.0,-999.0
100109,PUERTO MALDONADO,1995,2,-999.0,-999.0,-999.0
100109,PUERTO MALDONADO,1995,3,-999.0,-999.0,-999.0
100109,PUERTO MALDONADO,1995,4,-999.0,-999.0,-999.0
100109,PUERTO MALDONADO,1995,5,-999.0,-999.0,-999.0
100109,PUERTO MALDONADO,1995,6,-999.0,-999.0,-999.0
100109,PUERTO MALDONADO,1995,7,-999.0,-999.0,-999.0
100109,PUERTO MALDONADO,1995,8,-999.0,-999.0,-999.0
100109,PUERTO MALDONADO,1995,9,-999.0,-999.0,-999.0
100109,PUERTO MALDONADO,1995,10,-999.0,-999.0,-999.0
100109,PUERTO MALDONADO,1995,11,-999.0,-999.0,-999.0
100109,PUERTO MALDONADO,1995,12,-999.0,-999.0,-999.0
100109,PUERTO MALDONADO,1996,1,-999.0,-999.0,-999.0
100109,PUERTO MALDONADO,1996,2,-999.0,-999.0,-999.0
100109,PUERTO MALDONADO,1996,3,-999.0,-999.0,-999.0
100109,PUERTO MALDONADO,1996,4,-999.0,-999.0,-999.0
100109,PUERTO MALDONADO,1996,5,-999.0,-999.0,-999.0
100109,PUERTO MALDONADO,1996,6,-999.0,-999.0,-999.0
100109,PUERTO MALDONADO,1996,7,-999.0,-999.0,-999.0
100109,PUERTO MALDONADO,1996,8,-999.0,-999.0,-999.0
100109,PUERTO MALDONADO,1996,9,-999.0,-999.0,-999.0
100109,PUERTO MALDONADO,1996,10,-999.0,-999.0,-999.0
100109,PUERTO MALDONADO,1996,11,-999.0,-999.0,-999.0
100109,PUERTO MALDONADO,1996,12,-999.0,-999.0,-999.0
100109,PUERTO MALDONADO,1997,1,-999.0,30.74,-999.0
100109,PUERTO MALDONADO,1997,2,-999.0,29.56,-999.0
100109,PUERTO MALDONADO,1997,3,-999.0,29.87,-999.0
100109,PUERTO MALDONADO,1997,4,-999.0,30.08,-999.0
100109,PUERTO MALDONADO,1997,5,-999.0,-999.0,-999.0
100109,PUERTO MALDONADO,1997,6,-999.0,28.7,-999.0
100109,PUERTO MALDONADO,1997,7,-999.0,-999.0,-999.0
100109,PUERTO MALDONADO,1997,8,-999.0,30.12,-999.0
100109,PUERTO MALDONADO,1997,9,-999.0,33.31,-999.0
100109,PUERTO MALDONADO,1997,10,-999.0,32.03,-999.0
100109,PUERTO MALDONADO,1997,11,-999.0,31.89,-999.0
100109,PUERTO MALDONADO,1997,12,-999.0,31.38,-999.0
100109,PUERTO MALDONADO,1998,1,-999.0,31.78,-999.0
100109,PUERTO MALDONADO,1998,2,-999.0,31.29,-999.0
100109,PUERTO MALDONADO,1998,3,-999.0,29.88,-999.0
100109,PUERTO MALDONADO,1998,4,-999.0,30.67,-999.0
100109,PUERTO MALDONADO,1998,5,-999.0,27.64,-999.0
100109,PUERTO MALDONADO,1998,6,-999.0,-999.0,-999.0
100109,PUERTO MALDONADO,1998,7,11.5,-999.0,-999.0
100109,PUERTO MALDONADO,1998,8,94.1,-999.0,-999.0
100109,PUERTO MALDONADO,1998,9,92.8,-999.0,-999.0
100109,PUERTO MALDONADO,1998,10,234.2,-999.0,-999.0
100109,PUERTO MALDONADO,1998,11,-999.0,-999.0,-999.0
100109,PUERTO MALDONADO,1998,12,282.8,-999.0,-999.0
100109,PUERTO MALDONADO,1999,1,210.4,-999.0,-999.0
100109,PUERTO MALDONADO,1999,2,315.3,-999.0,-999.0
100109,PUERTO MALDONADO,1999,3,210.8,32.55,-999.0
100109,PUERTO MALDONADO,1999,4,-999.0,-999.0,-999.0
100109,PUERTO MALDONADO,1999,5,72.6,30.52,-999.0
100109,PUERTO MALDONADO,1999,6,83.0,29.35,-999.0
100109,PUERTO MALDONADO,1999,7,18.0,-999.0,-999.0
100109,PUERTO MALDONADO,1999,8,1.7,33.15,-999.0
100109,PUERTO MALDONADO,1999,9,205.0,34.42,-999.0
100109,PUERTO MALDONADO,1999,10,74.4,33.97,-999.0
100109,PUERTO MALDONADO,1999,11,197.9,32.78,-999.0
100109,PUERTO MALDONADO,1999,12,202.7,32.87,-999.0
100109,PUERTO MALDONADO,2000,1,283.0,33.65,-999.0
100109,PUERTO MALDONADO,2000,2,337.2,-999.0,-999.0
100109,PUERTO MALDONADO,2000,3,399.8,31.88,-999.0
100109,PUERTO MALDONADO,2000,4,75.1,-999.0,-999.0
100109,PUERTO MALDONADO,2000,5,66.8,30.87,-999.0
100109,PUERTO MALDONADO,2000,6,115.3,28.68,-999.0
100109,PUERTO MALDONADO,2000,7,9.7,-999.0,-999.0
100109,PUERTO MALDONADO,2000,8,10.6,-999.0,-999.0
100109,PUERTO MALDONADO,2000,9,104.7,-999.0,-999.0
100109,PUERTO MALDONADO,2000,10,40.2,-999.0,-999.0
100109,PUERTO MALDONADO,2000,11,408.3,-999.0,-999.0
100109,PUERTO MALDONADO,2000,12,238.7,-999.0,-999.0
100109,PUERTO MALDONADO,2001,1,299.2,-999.0,-999.0
100109,PUERTO MALDONADO,2001,2,218.0,-999.0,-999.0
100109,PUERTO MALDONADO,2001,3,346.6,-999.0,-999.0
100109,PUERTO MALDONADO,2001,4,106.4,-999.0,-999.0
100109,PUERTO MALDONADO,2001,5,152.7,-999.0,-999.0
100109,PUERTO MALDONADO,2001,6,69.0,-999.0,-999.0
100109,PUERTO MALDONADO,2001,7,44.5,-999.0,-999.0
100109,PUERTO MALDONADO,2001,8,54.5,-999.0,-999.0
100109,PUERTO MALDONADO,2001,9,73.6,-999.0,-999.0
100109,PUERTO MALDONADO,2001,10,245.4,-999.0,-999.0
100109,PUERTO MALDONADO,2001,11,322.5,-999.0,-999.0
100109,PUERTO MALDONADO,2001,12,399.7,-999.0,-999.0
100109,PUERTO MALDONADO,2002,1,117.0,-999.0,-999.0
100109,PUERTO MALDONADO,2002,2,409.0,-999.0,-999.0
100109,PUERTO MALDONADO,2002,3,178.6,-999.0,-999.0
100109,PUERTO MALDONADO,2002,4,215.9,-999.0,-999.0
100109,PUERTO MALDONADO,2002,5,166.3,-999.0,-999.0
100109,PUERTO MALDONADO,2002,6,163.8,-999.0,-999.0
100109,PUERTO MALDONADO,2002,7,164.5,-999.0,-999.0
100109,PUERTO MALDONADO,2002,8,97.9,-999.0,-999.0
100109,PUERTO MALDONADO,2002,9,24.8,-999.0,-999.0
100109,PUERTO MALDONADO,2002,10,155.9,-999.0,-999.0
100109,PUERTO MALDONADO,2002,11,340.8,-999.0,-999.0
100109,PUERTO MALDONADO,2002,12,510.7,-999.0,-999.0
100109,PUERTO MALDONADO,2003,1,397.8,-999.0,-999.0
100109,PUERTO MALDONADO,2003,2,396.1,-999.0,-999.0
100109,PUERTO MALDONADO,2003,3,401.8,-999.0,-999.0
100109,PUERTO MALDONADO,2003,4,215.7,-999.0,-999.0
100109,PUERTO MALDONADO,2003,5,63.7,-999.0,-999.0
100109,PUERTO MALDONADO,2003,6,166.7,-999.0,-999.0
100109,PUERTO MALDONADO,2003,7,2.6,-999.0,-999.0
100109,PUERTO MALDONADO,2003,8,119.5,-999.0,-999.0
100109,PUERTO MALDONADO,2003,9,151.4,-999.0,-999.0
100109,PUERTO MALDONADO,2003,10,347.0,-999.0,-999.0
100109,PUERTO MALDONADO,2003,11,228.0,-999.0,-999.0
100109,PUERTO MALDONADO,2003,12,373.7,-999.0,-999.0
100109,PUERTO MALDONADO,2004,1,367.5,-999.0,-999.0
100109,PUERTO MALDONADO,2004,2,201.2,-999.0,-999.0
100109,PUERTO MALDONADO,2004,3,169.5,-999.0,-999.0
100109,PUERTO MALDONADO,2004,4,138.8,-999.0,-999.0
100109,PUERTO MALDONADO,2004,5,13.6,-999.0,-999.0
100109,PUERTO MALDONADO,2004,6,12.7,-999.0,-999.0
100109,PUERTO MALDONADO,2004,7,195.9,-999.0,-999.0
100109,PUERTO MALDONADO,2004,8,62.2,-999.0,-999.0
100109,PUERTO MALDONADO,2004,9,21.9,-999.0,-999.0
100109,PUERTO MALDONADO,2004,10,80.0,-999.0,-999.0
100109,PUERTO MALDONADO,2004,11,-999.0,-999.0,-999.0
100109,PUERTO MALDONADO,2004,12,376.6,-999.0,-999.0
100109,PUERTO MALDONADO,2005,1,262.4,-999.0,-999.0
100109,PUERTO MALDONADO,2005,2,343.5,-999.0,-999.0
100109,PUERTO MALDONADO,2005,3,187.1,-999.0,-999.0
100109,PUERTO MALDONADO,2005,4,110.8,-999.0,-999.0
100109,PUERTO MALDONADO,2005,5,48.9,-999.0,-999.0
100109,PUERTO MALDONADO,2005,6,59.1,-999.0,-999.0
100109,PUERTO MALDONADO,2005,7,25.3,-999.0,-999.0
100109,PUERTO MALDONADO,2005,8,14.2,-999.0,-999.0
100109,PUERTO MALDONADO,2005,9,25.8,-999.0,-999.0
100109,PUERTO MALDONADO,2005,10,156.7,-999.0,-999.0
100109,PUERTO MALDONADO,2005,11,231.2,-999.0,-999.0
100109,PUERTO MALDONADO,2005,12,339.3,-999.0,-999.0
100109,PUERTO MALDONADO,2006,1,603.6,-999.0,-999.0
100109,PUERTO MALDONADO,2006,2,164.5,-999.0,-999.0
100109,PUERTO MALDONADO,2006,3,218.3,-999.0,-999.0
100109,PUERTO MALDONADO,2006,4,405.0,-999.0,-999.0
100109,PUERTO MALDONADO,2006,5,-999.0,-999.0,-999.0
100109,PUERTO MALDONADO,2006,6,70.1,-999.0,-999.0
100109,PUERTO MALDONADO,2006,7,7.7,-999.0,-999.0
100109,PUERTO MALDONADO,2006,8,-999.0,-999.0,-999.0
100109,PUERTO MALDONADO,2006,9,115.6,-999.0,-999.0
100109,PUERTO MALDONADO,2006,10,171.0,-999.0,-999.0
100109,PUERTO MALDONADO,2006,11,129.6,-999.0,-999.0
100109,PUERTO MALDONADO,2006,12,256.6,-999.0,-999.0
100109,PUERTO MALDONADO,2007,1,274.7,-999.0,-999.0
100109,PUERTO MALDONADO,2007,2,432.1,-999.0,-999.0
100109,PUERTO MALDONADO,2007,3,142.3,-999.0,-999.0
100109,PUERTO MALDONADO,2007,4,236.4,-999.0,-999.0
100109,PUERTO MALDONADO,2007,5,130.7,-999.0,-999.0
100109,PUERTO MALDONADO,2007,6,1.4,-999.0,-999.0
100109,PUERTO MALDONADO,2007,7,102.1,-999.0,-999.0
100109,PUERTO MALDONADO,2007,8,8.7,-999.0,-999.0
100109,PUERTO MALDONADO,2007,9,49.6,-999.0,-999.0
100109,PUERTO MALDONADO,2007,10,152.9,-999.0,-999.0
100109,PUERTO MALDONADO,2007,11,254.7,-999.0,-999.0
100109,PUERTO MALDONADO,2007,12,263.6,-999.0,-999.0
100109,PUERTO MALDONADO,2008,1,468.1,-999.0,-999.0
100109,PUERTO MALDONADO,2008,2,296.9,-999.0,-999.0
100109,PUERTO MALDONADO,2008,3,192.7,-999.0,-999.0
100109,PUERTO MALDONADO,2008,4,44.0,-999.0,-999.0
100109,PUERTO MALDONADO,2008,5,67.0,-999.0,-999.0
100109,PUERTO MALDONADO,2008,6,0.0,-999.0,-999.0
100109,PUERTO MALDONADO,2008,7,15.5,-999.0,-999.0
100109,PUERTO MALDONADO,2008,8,39.3,-999.0,-999.0
100109,PUERTO MALDONADO,2008,9,55.6,-999.0,-999.0
100109,PUERTO MALDONADO,2008,10,131.3,-999.0,-999.0
100109,PUERTO MALDONADO,2008,11,113.1,-999.0,-999.0
100109,PUERTO MALDONADO,2008,12,325.7,-999.0,-999.0
100109,PUERTO MALDONADO,2009,1,310.9,-999.0,-999.0
100109,PUERTO MALDONADO,2009,2,360.8,-999.0,-999.0
100109,PUERTO MALDONADO,2009,3,252.1,-999.0,-999.0
100109,PUERTO MALDONADO,2009,4,221.7,-999.0,-999.0
100109,PUERTO MALDONADO,2009,5,219.4,-999.0,-999.0
100109,PUERTO MALDONADO,2009,6,53.2,-999.0,-999.0
100109,PUERTO MALDONADO,2009,7,120.5,-999.0,-999.0
100109,PUERTO MALDONADO,2009,8,44.0,-999.0,-999.0
100109,PUERTO MALDONADO,2009,9,78.0,-999.0,-999.0
100109,PUERTO MALDONADO,2009,10,126.0,34.02,-999.0
100109,PUERTO MALDONADO,2009,11,254.7,33.33,-999.0
100109,PUERTO MALDONADO,2009,12,371.5,31.37,-999.0
100109,PUERTO MALDONADO,2010,1,-999.0,-999.0,-999.0
100109,PUERTO MALDONADO,2010,2,-999.0,-999.0,-999.0
100109,PUERTO MALDONADO,2010,3,-999.0,-999.0,-999.0
100109,PUERTO MALDONADO,2010,4,-999.0,-999.0,-999.0
100109,PUERTO MALDONADO,2010,5,-999.0,-999.0,-999.0
100109,PUERTO MALDONADO,2010,6,-999.0,-999.0,-999.0
100109,PUERTO MALDONADO,2010,7,-999.0,-999.0,-999.0
100109,PUERTO MALDONADO,2010,8,-999.0,-999.0,-999.0
100109,PUERTO MALDONADO,2010,9,47.2,-999.0,21.12
100109,PUERTO MALDONADO,2010,10,162.2,-999.0,20.92
100109,PUERTO MALDONADO,2010,11,191.3,-999.0,19.48
100109,PUERTO MALDONADO,2010,12,296.6,-999.0,20.92
100109,PUERTO MALDONADO,2011,1,366.6,-999.0,21.63
100109,PUERTO MALDONADO,2011,2,414.4,-999.0,-999.0
100109,PUERTO MALDONADO,2011,3,258.5,-999.0,22.12
100109,PUERTO MALDONADO,2011,4,170.0,31.91,22.1
100109,PUERTO MALDONADO,2011,5,127.2,30.3,20.17
100109,PUERTO MALDONADO,2011,6,64.3,29.91,19.31
100109,PUERTO MALDONADO,2011,7,19.2,31.06,18.94
100109,PUERTO MALDONADO,2011,8,35.7,31.76,-999.0
100109,PUERTO MALDONADO,2011,9,90.2,32.66,20.65
100109,PUERTO MALDONADO,2011,10,187.4,32.98,22.42
100109,PUERTO MALDONADO,2011,11,115.6,33.13,21.88
100109,PUERTO MALDONADO,2011,12,366.8,31.39,22.5
100109,PUERTO MALDONADO,2012,1,159.3,31.09,-999.0
100109,PUERTO MALDONADO,2012,2,507.4,30.46,-999.0
100109,PUERTO MALDONADO,2012,3,235.1,31.22,22.0
100109,PUERTO MALDONADO,2012,4,173.5,31.4,-999.0
100109,PUERTO MALDONADO,2012,5,118.4,29.86,20.66
100109,PUERTO MALDONADO,2012,6,115.1,29.81,-999.0
100109,PUERTO MALDONADO,2012,7,1.2,29.77,-999.0
100109,PUERTO MALDONADO,2012,8,6.5,32.81,-999.0
100109,PUERTO MALDONADO,2012,9,128.2,34.51,-999.0
100109,PUERTO MALDONADO,2012,10,168.5,33.1,-999.0
100109,PUERTO MALDONADO,2012,11,43.2,32.66,23.82
100109,PUERTO MALDONADO,2012,12,344.4,31.46,22.98
100109,PUERTO MALDONADO,2013,1,186.6,32.46,22.52
100109,PUERTO MALDONADO,2013,2,408.2,31.04,22.88
100109,PUERTO MALDONADO,2013,3,330.8,31.56,22.54
100109,PUERTO MALDONADO,2013,4,106.6,32.31,20.66
100109,PUERTO MALDONADO,2013,5,103.4,30.27,21.05
100109,PUERTO MALDONADO,2013,6,80.3,30.72,21.44
100109,PUERTO MALDONADO,2013,7,29.1,30.68,18.58
100109,PUERTO MALDONADO,2013,8,83.9,31.52,18.1
100109,PUERTO MALDONADO,2013,9,110.2,32.91,20.34
100109,PUERTO MALDONADO,2013,10,310.6,32.03,-999.0
100109,PUERTO MALDONADO,2013,11,179.4,32.71,22.52
100109,PUERTO MALDONADO,2013,12,403.3,31.79,22.98
100109,PUERTO MALDONADO,2014,1,772.8,30.35,-999.0
100109,PUERTO MALDONADO,2014,2,427.0,29.96,-999.0
100109,PUERTO MALDONADO,2014,3,276.1,32.08,22.52
100109,PUERTO MALDONADO,2014,4,76.6,32.25,-999.0
100109,PUERTO MALDONADO,2014,5,179.6,29.8,20.97
100109,PUERTO MALDONADO,2014,6,79.2,29.71,20.52
100109,PUERTO MALDONADO,2014,7,83.0,29.01,17.84
100109,PUERTO MALDONADO,2014,8,178.5,32.67,19.25
100109,PUERTO MALDONADO,2014,9,106.0,33.81,22.48
100109,PUERTO MALDONADO,2014,10,163.3,34.54,23.56
100109,PUERTO MALDONADO,2014,11,337.3,31.61,23.02
100109,PUERTO MALDONADO,2014,12,208.1,31.15,22.88
100109,PUERTO MALDONADO,2015,1,432.2,30.82,22.72
100109,PUERTO MALDONADO,2015,2,459.0,31.24,23.0
100109,PUERTO MALDONADO,2015,3,108.6,31.96,23.08
100109,PUERTO MALDONADO,2015,4,130.0,31.79,-999.0
100109,PUERTO MALDONADO,2015,5,264.6,29.45,21.8
100109,PUERTO MALDONADO,2015,6,46.1,30.56,20.66
100109,PUERTO MALDONADO,2015,7,53.2,29.58,20.05
100109,PUERTO MALDONADO,2015,8,183.8,32.62,-999.0
100109,PUERTO MALDONADO,2015,9,103.5,33.69,23.05
100109,PUERTO MALDONADO,2015,10,131.7,33.12,22.93
100109,PUERTO MALDONADO,2015,11,194.8,32.29,23.46
100109,PUERTO MALDONADO,2015,12,242.4,32.73,23.13
100109,PUERTO MALDONADO,2016,1,333.5,32.64,23.75
100109,PUERTO MALDONADO,2016,2,313.6,32.0,23.79
100109,PUERTO MALDONADO,2016,3,367.5,31.75,23.34
100109,PUERTO MALDONADO,2016,4,240.9,32.18,22.53
100109,PUERTO MALDONADO,2016,5,22.0,29.42,20.45
100109,PUERTO MALDONADO,2016,6,11.6,29.28,18.44
100109,PUERTO MALDONADO,2016,7,18.9,32.28,19.08
100109,PUERTO MALDONADO,2016,8,20.9,33.26,20.35
100109,PUERTO MALDONADO,2016,9,69.4,32.92,20.43
100109,PUERTO MALDONADO,2016,10,119.9,32.43,22.78
100109,PUERTO MALDONADO,2016,11,288.5,31.97,21.71
100109,PUERTO MALDONADO,2016,12,260.0,32.58,22.65
100109,PUERTO MALDONADO,2017,1,221.4,31.85,22.41
100109,PUERTO MALDONADO,2017,2,386.5,30.9,23.11
100109,PUERTO MALDONADO,2017,3,321.1,31.88,22.21
100109,PUERTO MALDONADO,2017,4,272.4,31.03,21.81
100109,PUERTO MALDONADO,2017,5,152.4,30.06,-999.0
100109,PUERTO MALDONADO,2017,6,100.7,29.3,19.57
100109,PUERTO MALDONADO,2017,7,0.0,30.86,19.15
100109,PUERTO MALDONADO,2017,8,82.2,32.25,21.21
100109,PUERTO MALDONADO,2017,9,21.1,32.95,22.08
100109,PUERTO MALDONADO,2017,10,80.9,33.71,22.4
100109,PUERTO MALDONADO,2017,11,310.0,32.25,-999.0
100109,PUERTO MALDONADO,2017,12,376.3,32.17,23.28
100109,PUERTO MALDONADO,2018,1,353.9,31.23,22.54
100109,PUERTO MALDONADO,2018,2,243.9,31.28,-999.0
100109,PUERTO MALDONADO,2018,3,434.8,31.14,22.48
100109,PUERTO MALDONADO,2018,4,54.6,31.64,22.76
100109,PUERTO MALDONADO,2018,5,158.8,30.25,20.54
100109,PUERTO MALDONADO,2018,6,88.5,27.5,18.69
100109,PUERTO MALDONADO,2018,7,78.8,30.43,18.79
100109,PUERTO MALDONADO,2018,8,95.5,29.87,18.62
100109,PUERTO MALDONADO,2018,9,99.6,33.05,21.12
100109,PUERTO MALDONADO,2018,10,279.1,32.8,-999.0
100109,PUERTO MALDONADO,2018,11,263.2,31.36,23.4
100109,PUERTO MALDONADO,2018,12,273.8,31.4,23.23
100109,PUERTO MALDONADO,2019,1,340.4,31.21,23.2
100109,PUERTO MALDONADO,2019,2,247.7,30.74,23.24
100109,PUERTO MALDONADO,2019,3,206.8,31.1,23.25
100109,PUERTO MALDONADO,2019,4,283.5,31.33,22.64
100109,PUERTO MALDONADO,2019,5,124.0,29.77,20.78
100109,PUERTO MALDONADO,2019,6,3.2,30.34,20.79
100109,PUERTO MALDONADO,2019,7,66.5,29.33,19.45
100109,PUERTO MALDONADO,2019,8,0.0,32.73,19.11
100109,PUERTO MALDONADO,2019,9,39.6,34.14,22.58
100109,PUERTO MALDONADO,2019,10,84.8,32.32,22.7
100109,PUERTO MALDONADO,2019,11,215.6,31.24,23.11
100109,PUERTO MALDONADO,2019,12,396.3,29.82,23.16
100109,PUERTO MALDONADO,2020,1,185.8,32.35,23.81
100109,PUERTO MALDONADO,2020,2,298.0,31.0,23.54
100109,PUERTO MALDONADO,2020,3,230.0,32.75,23.36
100109,PUERTO MALDONADO,2020,4,-999.0,-999.0,-999.0
100109,PUERTO MALDONADO,2020,5,-999.0,-999.0,-999.0
100109,PUERTO MALDONADO,2020,6,112.6,29.59,21.18
100109,PUERTO MALDONADO,2020,7,139.4,30.93,-999.0
100109,PUERTO MALDONADO,2020,8,0.0,33.63,-999.0
100109,PUERTO MALDONADO,2020,9,11.2,33.75,22.18
100109,PUERTO MALDONADO,2020,10,110.4,35.22,23.46
100109,PUERTO MALDONADO,2020,11,144.8,34.23,-999.0
100109,PUERTO MALDONADO,2020,12,544.3,30.56,-999.0
100109,PUERTO MALDONADO,2021,1,151.8,30.96,-999.0
100109,PUERTO MALDONADO,2021,2,603.5,30.44,-999.0
100109,PUERTO MALDONADO,2021,3,250.4,30.69,22.38
100109,PUERTO MALDONADO,2021,4,570.0,29.98,-999.0
100109,PUERTO MALDONADO,2021,5,56.6,30.18,20.71
100109,PUERTO MALDONADO,2021,6,-999.0,-999.0,-999.0
100109,PUERTO MALDONADO,2021,7,80.4,29.79,17.79
100109,PUERTO MALDONADO,2021,8,0.0,32.87,19.83
100109,PUERTO MALDONADO,2021,9,40.6,34.52,-999.0
100109,PUERTO MALDONADO,2021,10,122.0,33.85,22.57
100109,PUERTO MALDONADO,2021,11,429.8,30.27,21.86
100109,PUERTO MALDONADO,2021,12,366.3,30.52,-999.0
100109,PUERTO MALDONADO,2022,1,216.8,31.64,-999.0
100109,PUERTO MALDONADO,2022,2,204.4,30.3,21.89
100109,PUERTO MALDONADO,2022,3,104.8,30.05,-999.0
100109,PUERTO MALDONADO,2022,4,46.2,31.98,22.05
100109,PUERTO MALDONADO,2022,5,141.3,30.05,20.39
100109,PUERTO MALDONADO,2022,6,37.2,29.04,18.17
100109,PUERTO MALDONADO,2022,7,32.6,31.75,21.14
100109,PUERTO MALDONADO,2022,8,98.0,31.01,19.38
100109,PUERTO MALDONADO,2022,9,72.0,32.71,21.11
100109,PUERTO MALDONADO,2022,10,222.2,31.48,22.49
100109,PUERTO MALDONADO,2022,11,150.9,32.24,21.64
100109,PUERTO MALDONADO,2022,12,410.2,30.65,22.69
100109,PUERTO MALDONADO,2023,1,233.2,30.75,22.41
100109,PUERTO MALDONADO,2023,2,200.1,30.98,22.53
100109,PUERTO MALDONADO,2023,3,249.9,31.75,-999.0
100109,PUERTO MALDONADO,2023,4,259.2,31.03,21.89
100109,PUERTO MALDONADO,2023,5,130.4,30.01,21.82
100109,PUERTO MALDONADO,2023,6,105.8,29.5,19.94
100109,PUERTO MALDONADO,2023,7,24.6,31.28,20.45
100109,PUERTO MALDONADO,2023,8,7.3,34.13,22.51
100109,PUERTO MALDONADO,2023,9,92.7,34.73,23.65
100109,PUERTO MALDONADO,2023,10,230.7,35.31,24.29
100109,PUERTO MALDONADO,2023,11,254.1,33.49,23.58
100109,PUERTO MALDONADO,2023,12,480.7,31.83,23.7
100109,PUERTO MALDONADO,2024,1,192.1,32.39,24.29
100109,PUERTO MALDONADO,2024,2,392.6,32.19,-999.0
100109,PUERTO MALDONADO,2024,3,229.5,33.08,24.24
100109,PUERTO MALDONADO,2024,4,25.1,33.52,24.41
100109,PUERTO MALDONADO,2024,5,100.1,29.11,20.62
100109,PUERTO MALDONADO,2024,6,101.9,31.04,21.38
100109,PUERTO MALDONADO,2024,7,6.4,28.79,-999.0
100109,PUERTO MALDONADO,2024,8,46.6,32.32,-999.0
100109,PUERTO MALDONADO,2024,9,28.4,35.08,-999.0
100109,PUERTO MALDONADO,2024,10,233.4,34.37,23.83
100109,PUERTO MALDONADO,2024,11,414.6,32.16,-999.0
100109,PUERTO MALDONADO,2024,12,229.3,31.91,23.38
100109,PUERTO MALDONADO,2025,1,540.4,30.36,23.22
100109,PUERTO MALDONADO,2025,2,295.0,31.29,-999.0
100109,PUERTO MALDONADO,2025,3,529.1,30.64,-999.0
100109,PUERTO MALDONADO,2025,4,161.2,30.84,-999.0
100109,PUERTO MALDONADO,2025,5,156.7,31.1,21.54
100109,PUERTO MALDONADO,2025,6,39.4,28.92,19.77
100109,PUERTO MALDONADO,2025,7,77.6,30.15,18.15
100109,PUERTO MALDONADO,2025,8,19.2,31.55,20.01
100109,PUERTO MALDONADO,2025,9,53.2,34.61,22.81
100109,PUERTO MALDONADO,2025,10,232.9,32.13,22.25
100109,PUERTO MALDONADO,2025,11,194.8,31.54,22.63
100109,PUERTO MALDONADO,2025,12,322.6,30.94,23.1
