CODIGO,ESTACION,YEAR,MONTH,PP,TMAX,TMIN
103042,CAÑAVERAL,1990,1,-999.0,-999.0,-999.0
103042,CAÑAVERAL,1990,2,-999.0,-999.0,-999.0
103042,CAÑAVERAL,1990,3,-999.0,-999.0,-999.0
103042,CAÑAVERAL,1990,4,-999.0,-999.0,-999.0
103042,CAÑAVERAL,1990,5,-999.0,-999.0,-999.0
103042,CAÑAVERAL,1990,6,-999.0,-999.0,-999.0
103042,CAÑAVERAL,1990,7,-999.0,-999.0,-999.0
103042,CAÑAVERAL,1990,8,-999.0,-999.0,-999.0
103042,CAÑAVERAL,1990,9,-999.0,-999.0,-999.0
103042,CAÑAVERAL,1990,10,-999.0,-999.0,-999.0
103042,CAÑAVERAL,1990,11,-999.0,-999.0,-999.0
103042,CAÑAVERAL,1990,12,-999.0,-999.0,-999.0
103042,CAÑAVERAL,1991,1,-999.0,-999.0,-999.0
103042,CAÑAVERAL,1991,2,-999.0,-999.0,-999.0
103042,CAÑAVERAL,1991,3,-999.0,-999.0,-999.0
103042,CAÑAVERAL,1991,4,-999.0,-999.0,-999.0
103042,CAÑAVERAL,1991,5,-999.0,-999.0,-999.0
103042,CAÑAVERAL,1991,6,-999.0,-999.0,-999.0
103042,CAÑAVERAL,1991,7,-999.0,-999.0,-999.0
103042,CAÑAVERAL,1991,8,0.0,30.27,17.87
103042,CAÑAVERAL,1991,9,0.0,30.36,18.28
103042,CAÑAVERAL,1991,10,-999.0,-999.0,-999.0
103042,CAÑAVERAL,1991,11,-999.0,-999.0,-999.0
103042,CAÑAVERAL,1991,12,0.2,-999.0,22.75
103042,CAÑAVERAL,1992,1,44.8,-999.0,23.25
103042,CAÑAVERAL,1992,2,221.4,-999.0,23.28
103042,CAÑAVERAL,1992,3,715.9,-999.0,23.43
103042,CAÑAVERAL,1992,4,230.4,31.37,23.36
103042,CAÑAVERAL,1992,5,107.9,31.48,22.34
103042,CAÑAVERAL,1992,6,1.2,30.8,-999.0
103042,CAÑAVERAL,1992,7,0.0,30.78,17.85
103042,CAÑAVERAL,1992,8,0.0,30.55,17.56
103042,CAÑAVERAL,1992,9,0.0,30.51,18.22
103042,CAÑAVERAL,1992,10,0.0,30.81,18.83
103042,CAÑAVERAL,1992,11,0.0,30.89,19.09
103042,CAÑAVERAL,1992,12,1.2,31.71,20.34
103042,CAÑAVERAL,1993,1,6.8,32.01,22.51
103042,CAÑAVERAL,1993,2,152.4,31.11,22.69
103042,CAÑAVERAL,1993,3,72.8,31.38,22.54
103042,CAÑAVERAL,1993,4,74.1,32.33,22.5
103042,CAÑAVERAL,1993,5,11.1,32.14,21.69
103042,CAÑAVERAL,1993,6,3.5,31.65,21.05
103042,CAÑAVERAL,1993,7,0.0,31.11,19.95
103042,CAÑAVERAL,1993,8,0.0,30.41,18.31
103042,CAÑAVERAL,1993,9,0.0,30.47,19.95
103042,CAÑAVERAL,1993,10,1.0,30.95,20.24
103042,CAÑAVERAL,1993,11,0.0,31.05,19.77
103042,CAÑAVERAL,1993,12,0.0,31.81,22.7
103042,CAÑAVERAL,1994,1,104.5,31.73,23.01
103042,CAÑAVERAL,1994,2,95.8,30.99,22.56
103042,CAÑAVERAL,1994,3,50.4,31.63,22.09
103042,CAÑAVERAL,1994,4,11.5,31.84,-999.0
103042,CAÑAVERAL,1994,5,3.6,32.25,21.5
103042,CAÑAVERAL,1994,6,0.0,31.27,19.58
103042,CAÑAVERAL,1994,7,0.2,29.63,17.64
103042,CAÑAVERAL,1994,8,0.0,29.64,17.81
103042,CAÑAVERAL,1994,9,0.0,30.44,18.85
103042,CAÑAVERAL,1994,10,0.0,30.96,19.77
103042,CAÑAVERAL,1994,11,0.5,31.31,21.32
103042,CAÑAVERAL,1994,12,17.2,32.15,22.7
103042,CAÑAVERAL,1995,1,2.8,32.22,23.35
103042,CAÑAVERAL,1995,2,77.7,31.08,22.63
103042,CAÑAVERAL,1995,3,15.5,32.88,22.86
103042,CAÑAVERAL,1995,4,16.4,33.36,22.49
103042,CAÑAVERAL,1995,5,1.9,32.7,22.6
103042,CAÑAVERAL,1995,6,0.0,31.86,20.64
103042,CAÑAVERAL,1995,7,0.7,30.74,20.14
103042,CAÑAVERAL,1995,8,0.0,-999.0,18.91
103042,CAÑAVERAL,1995,9,0.0,30.2,19.08
103042,CAÑAVERAL,1995,10,0.0,29.72,-999.0
103042,CAÑAVERAL,1995,11,0.0,30.56,20.7
103042,CAÑAVERAL,1995,12,14.6,31.29,21.3
103042,CAÑAVERAL,1996,1,2.7,32.14,23.02
103042,CAÑAVERAL,1996,2,24.2,33.01,22.9
103042,CAÑAVERAL,1996,3,32.1,32.66,22.98
103042,CAÑAVERAL,1996,4,2.0,33.1,22.98
103042,CAÑAVERAL,1996,5,0.5,32.08,21.68
103042,CAÑAVERAL,1996,6,0.0,29.91,19.42
103042,CAÑAVERAL,1996,7,0.0,29.15,17.88
103042,CAÑAVERAL,1996,8,0.0,29.33,18.06
103042,CAÑAVERAL,1996,9,0.0,29.46,18.92
103042,CAÑAVERAL,1996,10,0.0,29.78,19.79
103042,CAÑAVERAL,1996,11,0.0,29.83,18.85
103042,CAÑAVERAL,1996,12,0.0,31.06,21.71
103042,CAÑAVERAL,1997,1,-999.0,-999.0,-999.0
103042,CAÑAVERAL,1997,2,23.4,-999.0,23.37
103042,CAÑAVERAL,1997,3,97.1,32.5,-999.0
103042,CAÑAVERAL,1997,4,59.0,32.57,-999.0
103042,CAÑAVERAL,1997,5,10.8,33.15,23.47
103042,CAÑAVERAL,1997,6,22.2,32.34,22.73
103042,CAÑAVERAL,1997,7,0.4,32.81,22.56
103042,CAÑAVERAL,1997,8,0.0,32.94,22.71
103042,CAÑAVERAL,1997,9,12.7,32.62,23.61
103042,CAÑAVERAL,1997,10,3.8,33.39,23.2
103042,CAÑAVERAL,1997,11,67.3,32.58,-999.0
103042,CAÑAVERAL,1997,12,414.2,31.74,23.92
103042,CAÑAVERAL,1998,1,502.3,31.2,23.95
103042,CAÑAVERAL,1998,2,729.2,31.15,24.22
103042,CAÑAVERAL,1998,3,447.6,-999.0,-999.0
103042,CAÑAVERAL,1998,4,427.4,31.84,-999.0
103042,CAÑAVERAL,1998,5,79.3,31.35,22.74
103042,CAÑAVERAL,1998,6,7.7,31.6,21.16
103042,CAÑAVERAL,1998,7,0.0,31.31,-999.0
103042,CAÑAVERAL,1998,8,0.0,31.48,19.15
103042,CAÑAVERAL,1998,9,1.7,31.74,19.32
103042,CAÑAVERAL,1998,10,0.5,31.18,19.44
103042,CAÑAVERAL,1998,11,0.0,31.88,20.34
103042,CAÑAVERAL,1998,12,3.6,31.65,20.12
103042,CAÑAVERAL,1999,1,23.9,32.64,21.26
103042,CAÑAVERAL,1999,2,150.0,30.81,22.53
103042,CAÑAVERAL,1999,3,116.4,31.68,-999.0
103042,CAÑAVERAL,1999,4,117.3,31.69,21.64
103042,CAÑAVERAL,1999,5,40.6,30.75,20.46
103042,CAÑAVERAL,1999,6,0.0,30.78,19.45
103042,CAÑAVERAL,1999,7,0.0,30.56,18.23
103042,CAÑAVERAL,1999,8,0.0,30.39,16.78
103042,CAÑAVERAL,1999,9,0.0,31.13,-999.0
103042,CAÑAVERAL,1999,10,0.0,31.76,19.1
103042,CAÑAVERAL,1999,11,0.0,31.91,19.92
103042,CAÑAVERAL,1999,12,0.0,32.17,21.92
103042,CAÑAVERAL,2000,1,1.0,32.28,21.62
103042,CAÑAVERAL,2000,2,70.1,32.34,-999.0
103042,CAÑAVERAL,2000,3,60.8,32.43,-999.0
103042,CAÑAVERAL,2000,4,100.1,32.19,22.32
103042,CAÑAVERAL,2000,5,30.8,32.04,21.07
103042,CAÑAVERAL,2000,6,3.9,31.05,19.59
103042,CAÑAVERAL,2000,7,0.0,30.37,17.7
103042,CAÑAVERAL,2000,8,0.0,30.72,18.0
103042,CAÑAVERAL,2000,9,0.0,30.7,19.63
103042,CAÑAVERAL,2000,10,0.0,31.33,19.22
103042,CAÑAVERAL,2000,11,0.0,31.21,18.54
103042,CAÑAVERAL,2000,12,6.2,31.94,22.07
103042,CAÑAVERAL,2001,1,124.4,31.41,-999.0
103042,CAÑAVERAL,2001,2,104.1,31.16,-999.0
103042,CAÑAVERAL,2001,3,334.8,31.4,-999.0
103042,CAÑAVERAL,2001,4,73.7,31.44,22.11
103042,CAÑAVERAL,2001,5,1.0,30.98,20.76
103042,CAÑAVERAL,2001,6,0.0,30.18,17.66
103042,CAÑAVERAL,2001,7,0.0,30.19,18.08
103042,CAÑAVERAL,2001,8,0.0,30.37,17.52
103042,CAÑAVERAL,2001,9,0.0,30.82,18.45
103042,CAÑAVERAL,2001,10,0.0,30.58,18.75
103042,CAÑAVERAL,2001,11,2.0,31.68,20.04
103042,CAÑAVERAL,2001,12,3.0,31.94,21.64
103042,CAÑAVERAL,2002,1,12.9,33.57,22.58
103042,CAÑAVERAL,2002,2,196.2,31.55,22.83
103042,CAÑAVERAL,2002,3,430.0,31.22,-999.0
103042,CAÑAVERAL,2002,4,244.9,31.11,-999.0
103042,CAÑAVERAL,2002,5,1.8,32.31,-999.0
103042,CAÑAVERAL,2002,6,0.0,31.25,18.39
103042,CAÑAVERAL,2002,7,0.0,30.59,-999.0
103042,CAÑAVERAL,2002,8,2.0,30.96,17.44
103042,CAÑAVERAL,2002,9,1.0,31.23,18.47
103042,CAÑAVERAL,2002,10,0.5,32.09,20.22
103042,CAÑAVERAL,2002,11,0.0,32.36,21.13
103042,CAÑAVERAL,2002,12,1.6,32.43,22.26
103042,CAÑAVERAL,2003,1,19.4,32.7,22.81
103042,CAÑAVERAL,2003,2,61.7,32.03,-999.0
103042,CAÑAVERAL,2003,3,14.3,33.53,-999.0
103042,CAÑAVERAL,2003,4,46.5,33.81,-999.0
103042,CAÑAVERAL,2003,5,0.5,33.07,-999.0
103042,CAÑAVERAL,2003,6,0.0,31.08,-999.0
103042,CAÑAVERAL,2003,7,0.0,30.76,18.44
103042,CAÑAVERAL,2003,8,0.0,-999.0,18.35
103042,CAÑAVERAL,2003,9,0.0,30.63,17.8
103042,CAÑAVERAL,2003,10,0.0,31.24,19.96
103042,CAÑAVERAL,2003,11,0.0,31.8,20.0
103042,CAÑAVERAL,2003,12,14.6,32.44,21.75
103042,CAÑAVERAL,2004,1,1.9,33.37,21.85
103042,CAÑAVERAL,2004,2,82.4,32.12,22.72
103042,CAÑAVERAL,2004,3,36.5,33.19,23.3
103042,CAÑAVERAL,2004,4,24.0,33.09,-999.0
103042,CAÑAVERAL,2004,5,0.0,32.47,-999.0
103042,CAÑAVERAL,2004,6,0.0,31.41,19.31
103042,CAÑAVERAL,2004,7,0.0,29.84,-999.0
103042,CAÑAVERAL,2004,8,0.0,30.24,17.48
103042,CAÑAVERAL,2004,9,0.0,31.12,19.23
103042,CAÑAVERAL,2004,10,7.8,31.09,20.67
103042,CAÑAVERAL,2004,11,0.0,31.33,20.19
103042,CAÑAVERAL,2004,12,0.0,32.76,22.0
103042,CAÑAVERAL,2005,1,2.1,-999.0,23.21
103042,CAÑAVERAL,2005,2,8.7,-999.0,-999.0
103042,CAÑAVERAL,2005,3,42.5,-999.0,23.27
103042,CAÑAVERAL,2005,4,14.5,-999.0,23.21
103042,CAÑAVERAL,2005,5,0.0,-999.0,21.13
103042,CAÑAVERAL,2005,6,0.0,-999.0,19.64
103042,CAÑAVERAL,2005,7,0.0,-999.0,17.75
103042,CAÑAVERAL,2005,8,0.0,-999.0,17.17
103042,CAÑAVERAL,2005,9,0.0,-999.0,18.07
103042,CAÑAVERAL,2005,10,0.0,-999.0,18.75
103042,CAÑAVERAL,2005,11,0.0,-999.0,18.48
103042,CAÑAVERAL,2005,12,2.0,-999.0,19.78
103042,CAÑAVERAL,2006,1,28.8,-999.0,-999.0
103042,CAÑAVERAL,2006,2,248.5,-999.0,-999.0
103042,CAÑAVERAL,2006,3,58.0,-999.0,-999.0
103042,CAÑAVERAL,2006,4,5.1,-999.0,-999.0
103042,CAÑAVERAL,2006,5,0.0,-999.0,-999.0
103042,CAÑAVERAL,2006,6,1.8,-999.0,-999.0
103042,CAÑAVERAL,2006,7,0.0,-999.0,-999.0
103042,CAÑAVERAL,2006,8,0.0,-999.0,-999.0
103042,CAÑAVERAL,2006,9,0.0,-999.0,-999.0
103042,CAÑAVERAL,2006,10,0.0,-999.0,-999.0
103042,CAÑAVERAL,2006,11,0.0,-999.0,-999.0
103042,CAÑAVERAL,2006,12,2.0,-999.0,-999.0
103042,CAÑAVERAL,2007,1,64.0,-999.0,-999.0
103042,CAÑAVERAL,2007,2,3.3,-999.0,-999.0
103042,CAÑAVERAL,2007,3,151.6,-999.0,-999.0
103042,CAÑAVERAL,2007,4,19.8,-999.0,-999.0
103042,CAÑAVERAL,2007,5,0.0,-999.0,-999.0
103042,CAÑAVERAL,2007,6,0.0,-999.0,-999.0
103042,CAÑAVERAL,2007,7,0.0,-999.0,-999.0
103042,CAÑAVERAL,2007,8,0.0,-999.0,-999.0
103042,CAÑAVERAL,2007,9,0.0,-999.0,-999.0
103042,CAÑAVERAL,2007,10,0.0,-999.0,-999.0
103042,CAÑAVERAL,2007,11,0.0,-999.0,-999.0
103042,CAÑAVERAL,2007,12,0.0,-999.0,-999.0
103042,CAÑAVERAL,2008,1,124.8,-999.0,-999.0
103042,CAÑAVERAL,2008,2,287.1,-999.0,-999.0
103042,CAÑAVERAL,2008,3,126.4,-999.0,-999.0
103042,CAÑAVERAL,2008,4,5.2,-999.0,-999.0
103042,CAÑAVERAL,2008,5,0.0,-999.0,-999.0
103042,CAÑAVERAL,2008,6,0.0,-999.0,-999.0
103042,CAÑAVERAL,2008,7,1.0,-999.0,-999.0
103042,CAÑAVERAL,2008,8,0.0,-999.0,-999.0
103042,CAÑAVERAL,2008,9,0.0,-999.0,-999.0
103042,CAÑAVERAL,2008,10,3.0,-999.0,-999.0
103042,CAÑAVERAL,2008,11,0.0,-999.0,-999.0
103042,CAÑAVERAL,2008,12,0.0,-999.0,-999.0
103042,CAÑAVERAL,2009,1,237.6,-999.0,-999.0
103042,CAÑAVERAL,2009,2,122.7,-999.0,-999.0
103042,CAÑAVERAL,2009,3,100.5,-999.0,-999.0
103042,CAÑAVERAL,2009,4,41.9,-999.0,-999.0
103042,CAÑAVERAL,2009,5,3.2,-999.0,-999.0
103042,CAÑAVERAL,2009,6,6.9,-999.0,-999.0
103042,CAÑAVERAL,2009,7,0.0,-999.0,-999.0
103042,CAÑAVERAL,2009,8,0.0,-999.0,-999.0
103042,CAÑAVERAL,2009,9,0.0,-999.0,-999.0
103042,CAÑAVERAL,2009,10,0.0,-999.0,-999.0
103042,CAÑAVERAL,2009,11,8.5,-999.0,-999.0
103042,CAÑAVERAL,2009,12,6.5,-999.0,-999.0
103042,CAÑAVERAL,2010,1,55.2,-999.0,-999.0
103042,CAÑAVERAL,2010,2,120.7,-999.0,-999.0
103042,CAÑAVERAL,2010,3,138.3,-999.0,-999.0
103042,CAÑAVERAL,2010,4,77.1,-999.0,-999.0
103042,CAÑAVERAL,2010,5,0.0,-999.0,-999.0
103042,CAÑAVERAL,2010,6,0.0,-999.0,-999.0
103042,CAÑAVERAL,2010,7,0.8,-999.0,-999.0
103042,CAÑAVERAL,2010,8,0.0,-999.0,-999.0
103042,CAÑAVERAL,2010,9,0.0,-999.0,-999.0
103042,CAÑAVERAL,2010,10,0.0,-999.0,-999.0
103042,CAÑAVERAL,2010,11,0.0,-999.0,-999.0
103042,CAÑAVERAL,2010,12,4.0,-999.0,-999.0
103042,CAÑAVERAL,2011,1,6.8,-999.0,-999.0
103042,CAÑAVERAL,2011,2,77.3,-999.0,-999.0
103042,CAÑAVERAL,2011,3,0.0,-999.0,-999.0
103042,CAÑAVERAL,2011,4,108.8,-999.0,-999.0
103042,CAÑAVERAL,2011,5,0.0,-999.0,-999.0
103042,CAÑAVERAL,2011,6,0.0,-999.0,-999.0
103042,CAÑAVERAL,2011,7,17.5,-999.0,-999.0
103042,CAÑAVERAL,2011,8,0.0,-999.0,-999.0
103042,CAÑAVERAL,2011,9,0.0,-999.0,-999.0
103042,CAÑAVERAL,2011,10,0.0,-999.0,-999.0
103042,CAÑAVERAL,2011,11,0.0,-999.0,-999.0
103042,CAÑAVERAL,2011,12,4.2,-999.0,-999.0
103042,CAÑAVERAL,2012,1,78.2,-999.0,-999.0
103042,CAÑAVERAL,2012,2,199.2,-999.0,-999.0
103042,CAÑAVERAL,2012,3,296.8,-999.0,-999.0
103042,CAÑAVERAL,2012,4,87.2,-999.0,-999.0
103042,CAÑAVERAL,2012,5,19.3,-999.0,-999.0
103042,CAÑAVERAL,2012,6,0.0,-999.0,-999.0
103042,CAÑAVERAL,2012,7,0.0,-999.0,-999.0
103042,CAÑAVERAL,2012,8,0.0,-999.0,-999.0
103042,CAÑAVERAL,2012,9,0.0,-999.0,-999.0
103042,CAÑAVERAL,2012,10,0.0,-999.0,-999.0
103042,CAÑAVERAL,2012,11,0.7,-999.0,-999.0
103042,CAÑAVERAL,2012,12,0.0,-999.0,-999.0
103042,CAÑAVERAL,2013,1,22.2,-999.0,-999.0
103042,CAÑAVERAL,2013,2,36.4,-999.0,-999.0
103042,CAÑAVERAL,2013,3,167.2,-999.0,-999.0
103042,CAÑAVERAL,2013,4,4.6,-999.0,-999.0
103042,CAÑAVERAL,2013,5,5.7,-999.0,-999.0
103042,CAÑAVERAL,2013,6,0.0,-999.0,-999.0
103042,CAÑAVERAL,2013,7,0.0,-999.0,-999.0
103042,CAÑAVERAL,2013,8,0.0,-999.0,-999.0
103042,CAÑAVERAL,2013,9,0.0,-999.0,-999.0
103042,CAÑAVERAL,2013,10,0.9,-999.0,-999.0
103042,CAÑAVERAL,2013,11,0.0,-999.0,-999.0
103042,CAÑAVERAL,2013,12,0.0,-999.0,-999.0
103042,CAÑAVERAL,2014,1,12.9,-999.0,-999.0
103042,CAÑAVERAL,2014,2,45.1,-999.0,-999.0
103042,CAÑAVERAL,2014,3,6.4,-999.0,-999.0
103042,CAÑAVERAL,2014,4,4.4,-999.0,-999.0
103042,CAÑAVERAL,2014,5,25.6,-999.0,-999.0
103042,CAÑAVERAL,2014,6,0.0,-999.0,-999.0
103042,CAÑAVERAL,2014,7,0.0,-999.0,-999.0
103042,CAÑAVERAL,2014,8,0.0,-999.0,-999.0
103042,CAÑAVERAL,2014,9,0.0,-999.0,-999.0
103042,CAÑAVERAL,2014,10,4.8,-999.0,-999.0
103042,CAÑAVERAL,2014,11,0.0,-999.0,-999.0
103042,CAÑAVERAL,2014,12,0.0,-999.0,-999.0
103042,CAÑAVERAL,2015,1,4.5,-999.0,-999.0
103042,CAÑAVERAL,2015,2,40.4,-999.0,-999.0
103042,CAÑAVERAL,2015,3,205.9,-999.0,-999.0
103042,CAÑAVERAL,2015,4,137.4,-999.0,-999.0
103042,CAÑAVERAL,2015,5,37.1,-999.0,-999.0
103042,CAÑAVERAL,2015,6,22.7,-999.0,-999.0
103042,CAÑAVERAL,2015,7,0.0,-999.0,-999.0
103042,CAÑAVERAL,2015,8,0.0,-999.0,-999.0
103042,CAÑAVERAL,2015,9,0.0,-999.0,-999.0
103042,CAÑAVERAL,2015,10,0.0,-999.0,-999.0
103042,CAÑAVERAL,2015,11,0.5,-999.0,-999.0
103042,CAÑAVERAL,2015,12,14.4,-999.0,-999.0
103042,CAÑAVERAL,2016,1,18.8,-999.0,-999.0
103042,CAÑAVERAL,2016,2,115.1,-999.0,-999.0
103042,CAÑAVERAL,2016,3,213.0,-999.0,-999.0
103042,CAÑAVERAL,2016,4,108.7,-999.0,-999.0
103042,CAÑAVERAL,2016,5,0.0,-999.0,-999.0
103042,CAÑAVERAL,2016,6,2.5,-999.0,-999.0
103042,CAÑAVERAL,2016,7,0.0,-999.0,-999.0
103042,CAÑAVERAL,2016,8,0.0,-999.0,-999.0
103042,CAÑAVERAL,2016,9,0.0,-999.0,-999.0
103042,CAÑAVERAL,2016,10,0.0,-999.0,-999.0
103042,CAÑAVERAL,2016,11,0.0,-999.0,-999.0
103042,CAÑAVERAL,2016,12,1.2,-999.0,-999.0
103042,CAÑAVERAL,2017,1,152.8,-999.0,22.83
103042,CAÑAVERAL,2017,2,230.0,-999.0,22.5
103042,CAÑAVERAL,2017,3,369.2,-999.0,22.53
103042,CAÑAVERAL,2017,4,131.6,31.79,22.39
103042,CAÑAVERAL,2017,5,36.9,-999.0,21.48
103042,CAÑAVERAL,2017,6,0.7,-999.0,19.59
103042,CAÑAVERAL,2017,7,0.0,-999.0,17.58
103042,CAÑAVERAL,2017,8,0.0,-999.0,17.68
103042,CAÑAVERAL,2017,9,0.0,-999.0,18.36
103042,CAÑAVERAL,2017,10,0.0,31.9,19.61
103042,CAÑAVERAL,2017,11,0.0,-999.0,17.38
103042,CAÑAVERAL,2017,12,0.0,-999.0,21.34
103042,CAÑAVERAL,2018,1,22.6,-999.0,21.59
103042,CAÑAVERAL,2018,2,24.5,-999.0,22.03
103042,CAÑAVERAL,2018,3,18.7,-999.0,22.95
103042,CAÑAVERAL,2018,4,0.0,-999.0,23.48
103042,CAÑAVERAL,2018,5,19.0,-999.0,21.78
103042,CAÑAVERAL,2018,6,0.0,-999.0,19.56
103042,CAÑAVERAL,2018,7,0.0,-999.0,18.39
103042,CAÑAVERAL,2018,8,0.0,-999.0,18.25
103042,CAÑAVERAL,2018,9,0.0,-999.0,19.19
103042,CAÑAVERAL,2018,10,0.0,-999.0,19.74
103042,CAÑAVERAL,2018,11,2.2,-999.0,21.68
103042,CAÑAVERAL,2018,12,22.0,-999.0,21.8
103042,CAÑAVERAL,2019,1,20.6,-999.0,23.14
103042,CAÑAVERAL,2019,2,165.2,-999.0,23.04
103042,CAÑAVERAL,2019,3,131.5,-999.0,-999.0
103042,CAÑAVERAL,2019,4,58.5,-999.0,22.08
103042,CAÑAVERAL,2019,5,0.0,-999.0,21.96
103042,CAÑAVERAL,2019,6,0.7,-999.0,20.53
103042,CAÑAVERAL,2019,7,0.0,-999.0,18.62
103042,CAÑAVERAL,2019,8,0.0,-999.0,17.6
103042,CAÑAVERAL,2019,9,0.0,-999.0,18.65
103042,CAÑAVERAL,2019,10,0.0,-999.0,20.15
103042,CAÑAVERAL,2019,11,0.0,-999.0,21.7
103042,CAÑAVERAL,2019,12,62.5,-999.0,21.92
103042,CAÑAVERAL,2020,1,61.6,-999.0,23.02
103042,CAÑAVERAL,2020,2,40.3,-999.0,23.26
103042,CAÑAVERAL,2020,3,61.1,-999.0,-999.0
103042,CAÑAVERAL,2020,4,-999.0,-999.0,-999.0
103042,CAÑAVERAL,2020,5,-999.0,-999.0,-999.0
103042,CAÑAVERAL,2020,6,-999.0,-999.0,-999.0
103042,CAÑAVERAL,2020,7,-999.0,-999.0,-999.0
103042,CAÑAVERAL,2020,8,-999.0,-999.0,-999.0
103042,CAÑAVERAL,2020,9,-999.0,-999.0,-999.0
103042,CAÑAVERAL,2020,10,-999.0,-999.0,-999.0
103042,CAÑAVERAL,2020,11,-999.0,-999.0,-999.0
103042,CAÑAVERAL,2020,12,-999.0,-999.0,-999.0
103042,CAÑAVERAL,2021,1,-999.0,-999.0,-999.0
103042,CAÑAVERAL,2021,2,-999.0,-999.0,-999.0
103042,CAÑAVERAL,2021,3,-999.0,-999.0,-999.0
103042,CAÑAVERAL,2021,4,-999.0,-999.0,-999.0
103042,CAÑAVERAL,2021,5,-999.0,-999.0,-999.0
103042,CAÑAVERAL,2021,6,-999.0,-999.0,-999.0
103042,CAÑAVERAL,2021,7,-999.0,-999.0,-999.0
103042,CAÑAVERAL,2021,8,-999.0,-999.0,-999.0
103042,CAÑAVERAL,2021,9,-999.0,-999.0,-999.0
103042,CAÑAVERAL,2021,10,-999.0,-999.0,-999.0
103042,CAÑAVERAL,2021,11,-999.0,-999.0,-999.0
103042,CAÑAVERAL,2021,12,-999.0,-999.0,-999.0
103042,CAÑAVERAL,2022,1,-999.0,-999.0,-999.0
103042,CAÑAVERAL,2022,2,-999.0,-999.0,-999.0
103042,CAÑAVERAL,2022,3,-999.0,-999.0,-999.0
103042,CAÑAVERAL,2022,4,-999.0,-999.0,-999.0
103042,CAÑAVERAL,2022,5,0.0,33.35,21.81
103042,CAÑAVERAL,2022,6,0.0,30.97,20.24
103042,CAÑAVERAL,2022,7,0.0,30.43,19.28
103042,CAÑAVERAL,2022,8,0.0,30.75,19.3
103042,CAÑAVERAL,2022,9,0.0,31.07,19.41
103042,CAÑAVERAL,2022,10,0.0,30.5,19.37
103042,CAÑAVERAL,2022,11,0.0,30.59,19.43
103042,CAÑAVERAL,2022,12,3.7,32.37,22.07
103042,CAÑAVERAL,2023,1,0.9,33.62,23.25
103042,CAÑAVERAL,2023,2,81.3,33.34,23.76
103042,CAÑAVERAL,2023,3,-999.0,-999.0,-999.0
103042,CAÑAVERAL,2023,4,-999.0,-999.0,-999.0
103042,CAÑAVERAL,2023,5,-999.0,-999.0,-999.0
103042,CAÑAVERAL,2023,6,-999.0,-999.0,-999.0
103042,CAÑAVERAL,2023,7,-999.0,-999.0,-999.0
103042,CAÑAVERAL,2023,8,6.2,32.99,20.93
103042,CAÑAVERAL,2023,9,0.0,33.38,21.02
103042,CAÑAVERAL,2023,10,6.0,33.3,22.3
103042,CAÑAVERAL,2023,11,0.0,33.45,21.77
103042,CAÑAVERAL,2023,12,12.2,33.93,23.55
103042,CAÑAVERAL,2024,1,-999.0,-999.0,-999.0
103042,CAÑAVERAL,2024,2,-999.0,-999.0,-999.0
103042,CAÑAVERAL,2024,3,3.5,34.7,23.18
103042,CAÑAVERAL,2024,4,0.0,35.36,24.22
103042,CAÑAVERAL,2024,5,2.4,34.25,22.59
103042,CAÑAVERAL,2024,6,1.0,32.89,21.26
103042,CAÑAVERAL,2024,7,0.0,32.01,19.69
103042,CAÑAVERAL,2024,8,0.0,31.23,18.92
103042,CAÑAVERAL,2024,9,0.0,31.37,18.98
103042,CAÑAVERAL,2024,10,0.0,31.67,20.26
103042,CAÑAVERAL,2024,11,0.0,31.52,19.18
103042,CAÑAVERAL,2024,12,0.0,33.52,23.24
103042,CAÑAVERAL,2025,1,10.8,33.25,22.74
103042,CAÑAVERAL,2025,2,173.1,32.53,23.53
103042,CAÑAVERAL,2025,3,30.4,33.14,23.29
103042,CAÑAVERAL,2025,4,76.0,32.71,22.16
103042,CAÑAVERAL,2025,5,8.6,33.39,22.16
103042,CAÑAVERAL,2025,6,2.4,32.03,21.13
103042,CAÑAVERAL,2025,7,0.0,32.12,19.72
103042,CAÑAVERAL,2025,8,0.0,31.41,19.08
103042,CAÑAVERAL,2025,9,0.0,32.11,20.1
103042,CAÑAVERAL,2025,10,0.0,31.59,20.66
103042,CAÑAVERAL,2025,11,2.5,32.44,22.07
103042,CAÑAVERAL,2025,12,0.0,32.3,20.6
