CODIGO,ESTACION,YEAR,MONTH,PP,TMAX,TMIN
103031,CABALLOCOCHA,1990,1,269.0,-999.0,21.63
103031,CABALLOCOCHA,1990,2,139.7,30.49,22.29
103031,CABALLOCOCHA,1990,3,160.8,30.85,22.23
103031,CABALLOCOCHA,1990,4,53.8,32.55,22.32
103031,CABALLOCOCHA,1990,5,217.7,31.46,21.92
103031,CABALLOCOCHA,1990,6,72.0,-999.0,21.73
103031,CABALLOCOCHA,1990,7,50.6,-999.0,20.92
103031,CABALLOCOCHA,1990,8,120.0,-999.0,22.05
103031,CABALLOCOCHA,1990,9,122.5,32.87,21.92
103031,CABALLOCOCHA,1990,10,251.0,-999.0,22.26
103031,CABALLOCOCHA,1990,11,198.2,-999.0,22.31
103031,CABALLOCOCHA,1990,12,136.8,-999.0,22.09
103031,CABALLOCOCHA,1991,1,210.1,-999.0,21.45
103031,CABALLOCOCHA,1991,2,130.6,-999.0,21.19
103031,CABALLOCOCHA,1991,3,285.3,-999.0,21.66
103031,CABALLOCOCHA,1991,4,297.6,-999.0,22.11
103031,CABALLOCOCHA,1991,5,211.6,-999.0,22.37
103031,CABALLOCOCHA,1991,6,113.4,-999.0,21.73
103031,CABALLOCOCHA,1991,7,51.1,-999.0,20.69
103031,CABALLOCOCHA,1991,8,50.6,-999.0,21.91
103031,CABALLOCOCHA,1991,9,74.9,33.3,21.92
103031,CABALLOCOCHA,1991,10,23.3,-999.0,21.92
103031,CABALLOCOCHA,1991,11,114.9,32.98,22.63
103031,CABALLOCOCHA,1991,12,188.6,-999.0,22.63
103031,CABALLOCOCHA,1992,1,210.3,-999.0,21.61
103031,CABALLOCOCHA,1992,2,266.4,-999.0,-999.0
103031,CABALLOCOCHA,1992,3,65.6,-999.0,21.66
103031,CABALLOCOCHA,1992,4,297.8,-999.0,-999.0
103031,CABALLOCOCHA,1992,5,211.6,-999.0,-999.0
103031,CABALLOCOCHA,1992,6,32.8,32.26,22.32
103031,CABALLOCOCHA,1992,7,37.2,31.35,21.75
103031,CABALLOCOCHA,1992,8,24.6,31.17,21.71
103031,CABALLOCOCHA,1992,9,179.8,32.66,21.94
103031,CABALLOCOCHA,1992,10,143.1,32.32,22.14
103031,CABALLOCOCHA,1992,11,95.5,33.0,22.35
103031,CABALLOCOCHA,1992,12,382.4,-999.0,22.33
103031,CABALLOCOCHA,1993,1,136.6,-999.0,22.08
103031,CABALLOCOCHA,1993,2,288.4,-999.0,-999.0
103031,CABALLOCOCHA,1993,3,177.2,-999.0,21.93
103031,CABALLOCOCHA,1993,4,1137.1,-999.0,21.33
103031,CABALLOCOCHA,1993,5,108.6,-999.0,22.19
103031,CABALLOCOCHA,1993,6,164.2,-999.0,21.67
103031,CABALLOCOCHA,1993,7,32.0,32.85,21.89
103031,CABALLOCOCHA,1993,8,66.8,32.51,21.01
103031,CABALLOCOCHA,1993,9,36.2,32.74,21.71
103031,CABALLOCOCHA,1993,10,156.4,32.07,21.32
103031,CABALLOCOCHA,1993,11,342.2,-999.0,22.69
103031,CABALLOCOCHA,1993,12,133.6,32.21,22.72
103031,CABALLOCOCHA,1994,1,449.1,31.76,23.4
103031,CABALLOCOCHA,1994,2,421.0,-999.0,22.96
103031,CABALLOCOCHA,1994,3,402.6,-999.0,-999.0
103031,CABALLOCOCHA,1994,4,237.5,31.59,24.6
103031,CABALLOCOCHA,1994,5,321.1,32.48,24.45
103031,CABALLOCOCHA,1994,6,363.3,31.69,-999.0
103031,CABALLOCOCHA,1994,7,87.0,31.83,22.49
103031,CABALLOCOCHA,1994,8,112.0,32.25,22.77
103031,CABALLOCOCHA,1994,9,276.6,31.26,22.91
103031,CABALLOCOCHA,1994,10,136.0,-999.0,24.1
103031,CABALLOCOCHA,1994,11,188.0,32.65,23.78
103031,CABALLOCOCHA,1994,12,261.9,-999.0,-999.0
103031,CABALLOCOCHA,1995,1,343.6,31.56,22.85
103031,CABALLOCOCHA,1995,2,223.0,-999.0,23.25
103031,CABALLOCOCHA,1995,3,407.0,31.37,22.7
103031,CABALLOCOCHA,1995,4,314.7,-999.0,22.77
103031,CABALLOCOCHA,1995,5,287.5,-999.0,22.6
103031,CABALLOCOCHA,1995,6,200.5,30.9,22.19
103031,CABALLOCOCHA,1995,7,106.5,31.89,21.87
103031,CABALLOCOCHA,1995,8,58.0,33.84,-999.0
103031,CABALLOCOCHA,1995,9,167.7,-999.0,22.84
103031,CABALLOCOCHA,1995,10,242.5,32.34,22.19
103031,CABALLOCOCHA,1995,11,375.8,32.02,23.77
103031,CABALLOCOCHA,1995,12,321.1,-999.0,22.96
103031,CABALLOCOCHA,1996,1,304.0,31.24,22.6
103031,CABALLOCOCHA,1996,2,284.0,31.5,22.55
103031,CABALLOCOCHA,1996,3,229.2,31.67,22.89
103031,CABALLOCOCHA,1996,4,240.5,30.83,23.11
103031,CABALLOCOCHA,1996,5,320.0,31.58,23.12
103031,CABALLOCOCHA,1996,6,245.5,29.93,22.17
103031,CABALLOCOCHA,1996,7,175.5,30.73,21.7
103031,CABALLOCOCHA,1996,8,-999.0,-999.0,-999.0
103031,CABALLOCOCHA,1996,9,-999.0,-999.0,-999.0
103031,CABALLOCOCHA,1996,10,-999.0,-999.0,-999.0
103031,CABALLOCOCHA,1996,11,-999.0,-999.0,-999.0
103031,CABALLOCOCHA,1996,12,-999.0,-999.0,-999.0
103031,CABALLOCOCHA,1997,1,-999.0,-999.0,-999.0
103031,CABALLOCOCHA,1997,2,-999.0,-999.0,-999.0
103031,CABALLOCOCHA,1997,3,-999.0,-999.0,-999.0
103031,CABALLOCOCHA,1997,4,-999.0,-999.0,-999.0
103031,CABALLOCOCHA,1997,5,-999.0,-999.0,-999.0
103031,CABALLOCOCHA,1997,6,-999.0,-999.0,-999.0
103031,CABALLOCOCHA,1997,7,-999.0,-999.0,-999.0
103031,CABALLOCOCHA,1997,8,-999.0,-999.0,-999.0
103031,CABALLOCOCHA,1997,9,-999.0,-999.0,-999.0
103031,CABALLOCOCHA,1997,10,-999.0,-999.0,-999.0
103031,CABALLOCOCHA,1997,11,-999.0,-999.0,-999.0
103031,CABALLOCOCHA,1997,12,31.5,-999.0,-999.0
103031,CABALLOCOCHA,1998,1,154.0,-999.0,-999.0
103031,CABALLOCOCHA,1998,2,108.8,-999.0,-999.0
103031,CABALLOCOCHA,1998,3,311.8,-999.0,-999.0
103031,CABALLOCOCHA,1998,4,246.8,-999.0,-999.0
103031,CABALLOCOCHA,1998,5,195.8,-999.0,-999.0
103031,CABALLOCOCHA,1998,6,134.0,-999.0,-999.0
103031,CABALLOCOCHA,1998,7,113.4,-999.0,-999.0
103031,CABALLOCOCHA,1998,8,65.8,-999.0,-999.0
103031,CABALLOCOCHA,1998,9,70.0,-999.0,-999.0
103031,CABALLOCOCHA,1998,10,318.6,-999.0,-999.0
103031,CABALLOCOCHA,1998,11,242.4,-999.0,-999.0
103031,CABALLOCOCHA,1998,12,118.5,-999.0,-999.0
103031,CABALLOCOCHA,1999,1,334.0,-999.0,-999.0
103031,CABALLOCOCHA,1999,2,241.4,-999.0,-999.0
103031,CABALLOCOCHA,1999,3,366.0,-999.0,-999.0
103031,CABALLOCOCHA,1999,4,418.1,-999.0,-999.0
103031,CABALLOCOCHA,1999,5,399.0,29.83,21.77
103031,CABALLOCOCHA,1999,6,249.8,30.56,22.16
103031,CABALLOCOCHA,1999,7,155.5,31.22,20.51
103031,CABALLOCOCHA,1999,8,48.5,31.55,20.86
103031,CABALLOCOCHA,1999,9,78.5,32.94,22.33
103031,CABALLOCOCHA,1999,10,134.7,32.31,22.03
103031,CABALLOCOCHA,1999,11,265.3,-999.0,21.79
103031,CABALLOCOCHA,1999,12,228.5,32.41,22.74
103031,CABALLOCOCHA,2000,1,291.2,32.34,22.78
103031,CABALLOCOCHA,2000,2,213.9,31.96,22.5
103031,CABALLOCOCHA,2000,3,315.2,31.21,22.52
103031,CABALLOCOCHA,2000,4,602.7,30.66,22.75
103031,CABALLOCOCHA,2000,5,319.8,29.99,22.83
103031,CABALLOCOCHA,2000,6,190.6,30.79,22.62
103031,CABALLOCOCHA,2000,7,283.5,29.51,21.31
103031,CABALLOCOCHA,2000,8,189.3,31.92,21.77
103031,CABALLOCOCHA,2000,9,169.7,-999.0,21.87
103031,CABALLOCOCHA,2000,10,393.2,32.13,22.77
103031,CABALLOCOCHA,2000,11,193.3,33.12,23.15
103031,CABALLOCOCHA,2000,12,196.8,32.0,23.1
103031,CABALLOCOCHA,2001,1,371.4,30.65,22.68
103031,CABALLOCOCHA,2001,2,373.4,-999.0,22.72
103031,CABALLOCOCHA,2001,3,301.9,31.42,22.84
103031,CABALLOCOCHA,2001,4,445.9,31.52,23.35
103031,CABALLOCOCHA,2001,5,164.0,31.23,23.2
103031,CABALLOCOCHA,2001,6,121.6,30.2,21.04
103031,CABALLOCOCHA,2001,7,101.1,30.98,21.73
103031,CABALLOCOCHA,2001,8,91.6,32.16,22.51
103031,CABALLOCOCHA,2001,9,38.3,33.08,22.62
103031,CABALLOCOCHA,2001,10,131.8,-999.0,23.54
103031,CABALLOCOCHA,2001,11,207.0,33.63,23.59
103031,CABALLOCOCHA,2001,12,311.0,-999.0,23.63
103031,CABALLOCOCHA,2002,1,335.5,32.36,23.32
103031,CABALLOCOCHA,2002,2,282.0,31.46,23.66
103031,CABALLOCOCHA,2002,3,413.7,31.39,23.54
103031,CABALLOCOCHA,2002,4,539.8,31.1,23.39
103031,CABALLOCOCHA,2002,5,180.0,31.53,23.68
103031,CABALLOCOCHA,2002,6,91.4,31.03,22.36
103031,CABALLOCOCHA,2002,7,265.5,30.3,22.13
103031,CABALLOCOCHA,2002,8,245.8,32.02,22.2
103031,CABALLOCOCHA,2002,9,203.0,33.2,22.59
103031,CABALLOCOCHA,2002,10,196.3,32.45,22.82
103031,CABALLOCOCHA,2002,11,176.6,32.19,23.22
103031,CABALLOCOCHA,2002,12,413.8,31.17,23.56
103031,CABALLOCOCHA,2003,1,165.7,32.79,23.75
103031,CABALLOCOCHA,2003,2,410.9,32.22,23.49
103031,CABALLOCOCHA,2003,3,290.9,32.19,23.28
103031,CABALLOCOCHA,2003,4,404.0,-999.0,23.34
103031,CABALLOCOCHA,2003,5,298.0,30.62,23.31
103031,CABALLOCOCHA,2003,6,273.1,31.03,22.53
103031,CABALLOCOCHA,2003,7,67.4,30.54,22.09
103031,CABALLOCOCHA,2003,8,201.2,31.48,21.37
103031,CABALLOCOCHA,2003,9,147.1,32.91,21.93
103031,CABALLOCOCHA,2003,10,327.1,32.69,23.57
103031,CABALLOCOCHA,2003,11,252.0,33.22,23.11
103031,CABALLOCOCHA,2003,12,138.1,32.6,23.07
103031,CABALLOCOCHA,2004,1,108.5,33.43,23.77
103031,CABALLOCOCHA,2004,2,206.6,31.19,23.44
103031,CABALLOCOCHA,2004,3,403.4,31.82,23.34
103031,CABALLOCOCHA,2004,4,337.3,32.35,23.81
103031,CABALLOCOCHA,2004,5,131.3,-999.0,22.38
103031,CABALLOCOCHA,2004,6,238.1,30.45,21.72
103031,CABALLOCOCHA,2004,7,224.1,30.88,22.05
103031,CABALLOCOCHA,2004,8,131.6,31.8,21.74
103031,CABALLOCOCHA,2004,9,199.6,32.61,22.24
103031,CABALLOCOCHA,2004,10,324.6,33.16,22.72
103031,CABALLOCOCHA,2004,11,287.3,-999.0,23.69
103031,CABALLOCOCHA,2004,12,256.9,33.06,23.76
103031,CABALLOCOCHA,2005,1,156.0,33.6,23.45
103031,CABALLOCOCHA,2005,2,181.3,32.69,23.57
103031,CABALLOCOCHA,2005,3,319.8,32.63,23.33
103031,CABALLOCOCHA,2005,4,263.5,32.53,22.73
103031,CABALLOCOCHA,2005,5,92.8,32.68,23.15
103031,CABALLOCOCHA,2005,6,-999.0,-999.0,-999.0
103031,CABALLOCOCHA,2005,7,33.6,31.93,21.49
103031,CABALLOCOCHA,2005,8,110.4,32.86,21.64
103031,CABALLOCOCHA,2005,9,78.9,-999.0,21.86
103031,CABALLOCOCHA,2005,10,389.9,-999.0,22.91
103031,CABALLOCOCHA,2005,11,240.6,-999.0,23.04
103031,CABALLOCOCHA,2005,12,264.3,-999.0,23.19
103031,CABALLOCOCHA,2006,1,210.3,-999.0,23.0
103031,CABALLOCOCHA,2006,2,398.7,32.85,23.34
103031,CABALLOCOCHA,2006,3,422.3,32.94,23.21
103031,CABALLOCOCHA,2006,4,273.8,32.91,23.15
103031,CABALLOCOCHA,2006,5,170.5,32.27,22.31
103031,CABALLOCOCHA,2006,6,161.7,33.08,22.56
103031,CABALLOCOCHA,2006,7,102.8,33.44,22.96
103031,CABALLOCOCHA,2006,8,64.0,33.36,23.38
103031,CABALLOCOCHA,2006,9,106.5,32.86,22.06
103031,CABALLOCOCHA,2006,10,150.0,33.18,23.16
103031,CABALLOCOCHA,2006,11,152.3,32.49,22.86
103031,CABALLOCOCHA,2006,12,474.8,31.11,23.34
103031,CABALLOCOCHA,2007,1,351.0,32.22,23.15
103031,CABALLOCOCHA,2007,2,135.7,33.82,23.55
103031,CABALLOCOCHA,2007,3,173.1,33.04,23.18
103031,CABALLOCOCHA,2007,4,194.3,32.93,22.89
103031,CABALLOCOCHA,2007,5,158.2,32.04,22.73
103031,CABALLOCOCHA,2007,6,89.3,33.16,23.2
103031,CABALLOCOCHA,2007,7,137.7,32.33,22.1
103031,CABALLOCOCHA,2007,8,73.6,31.87,22.74
103031,CABALLOCOCHA,2007,9,126.2,32.78,22.83
103031,CABALLOCOCHA,2007,10,396.0,32.82,23.5
103031,CABALLOCOCHA,2007,11,345.7,32.49,22.95
103031,CABALLOCOCHA,2007,12,425.6,32.58,23.26
103031,CABALLOCOCHA,2008,1,377.1,31.54,23.19
103031,CABALLOCOCHA,2008,2,370.6,31.05,23.04
103031,CABALLOCOCHA,2008,3,377.6,31.66,23.05
103031,CABALLOCOCHA,2008,4,182.1,32.1,23.02
103031,CABALLOCOCHA,2008,5,300.3,30.27,22.54
103031,CABALLOCOCHA,2008,6,255.7,30.06,21.37
103031,CABALLOCOCHA,2008,7,70.1,31.99,22.25
103031,CABALLOCOCHA,2008,8,127.3,32.77,22.59
103031,CABALLOCOCHA,2008,9,200.7,32.77,22.4
103031,CABALLOCOCHA,2008,10,365.0,32.74,22.99
103031,CABALLOCOCHA,2008,11,248.9,32.01,23.46
103031,CABALLOCOCHA,2008,12,284.7,31.88,23.5
103031,CABALLOCOCHA,2009,1,472.9,31.15,23.06
103031,CABALLOCOCHA,2009,2,412.9,31.29,23.27
103031,CABALLOCOCHA,2009,3,496.5,31.44,23.31
103031,CABALLOCOCHA,2009,4,495.0,32.23,23.55
103031,CABALLOCOCHA,2009,5,169.6,31.95,23.46
103031,CABALLOCOCHA,2009,6,156.3,31.09,22.74
103031,CABALLOCOCHA,2009,7,156.2,31.78,22.65
103031,CABALLOCOCHA,2009,8,201.9,32.86,22.78
103031,CABALLOCOCHA,2009,9,74.7,34.18,23.12
103031,CABALLOCOCHA,2009,10,235.1,33.15,23.35
103031,CABALLOCOCHA,2009,11,394.3,33.04,23.23
103031,CABALLOCOCHA,2009,12,458.7,32.47,23.73
103031,CABALLOCOCHA,2010,1,437.8,32.04,23.64
103031,CABALLOCOCHA,2010,2,357.4,33.12,23.88
103031,CABALLOCOCHA,2010,3,405.6,32.85,24.01
103031,CABALLOCOCHA,2010,4,366.0,31.9,24.0
103031,CABALLOCOCHA,2010,5,160.7,31.64,23.62
103031,CABALLOCOCHA,2010,6,226.9,31.23,23.11
103031,CABALLOCOCHA,2010,7,233.2,30.62,22.1
103031,CABALLOCOCHA,2010,8,68.7,32.5,22.48
103031,CABALLOCOCHA,2010,9,67.4,33.8,23.37
103031,CABALLOCOCHA,2010,10,176.0,33.36,23.48
103031,CABALLOCOCHA,2010,11,212.2,32.64,23.41
103031,CABALLOCOCHA,2010,12,215.4,32.44,23.21
103031,CABALLOCOCHA,2011,1,337.8,31.84,23.29
103031,CABALLOCOCHA,2011,2,346.8,31.77,23.22
103031,CABALLOCOCHA,2011,3,386.1,31.53,23.19
103031,CABALLOCOCHA,2011,4,355.8,31.89,23.65
103031,CABALLOCOCHA,2011,5,372.6,30.98,23.24
103031,CABALLOCOCHA,2011,6,232.8,30.82,22.94
103031,CABALLOCOCHA,2011,7,289.3,31.01,22.21
103031,CABALLOCOCHA,2011,8,162.9,32.78,22.04
103031,CABALLOCOCHA,2011,9,123.7,32.55,22.58
103031,CABALLOCOCHA,2011,10,213.2,32.82,23.31
103031,CABALLOCOCHA,2011,11,218.5,32.96,23.33
103031,CABALLOCOCHA,2011,12,376.7,31.56,23.39
103031,CABALLOCOCHA,2012,1,401.1,30.98,23.44
103031,CABALLOCOCHA,2012,2,456.5,30.91,23.12
103031,CABALLOCOCHA,2012,3,653.6,30.94,23.15
103031,CABALLOCOCHA,2012,4,377.9,31.08,23.39
103031,CABALLOCOCHA,2012,5,243.6,31.32,23.34
103031,CABALLOCOCHA,2012,6,220.6,30.89,22.53
103031,CABALLOCOCHA,2012,7,130.5,31.05,22.19
103031,CABALLOCOCHA,2012,8,110.8,32.3,22.26
103031,CABALLOCOCHA,2012,9,154.6,32.98,23.0
103031,CABALLOCOCHA,2012,10,127.6,32.99,23.52
103031,CABALLOCOCHA,2012,11,181.2,33.67,24.13
103031,CABALLOCOCHA,2012,12,345.4,31.55,23.38
103031,CABALLOCOCHA,2013,1,397.7,31.24,23.62
103031,CABALLOCOCHA,2013,2,451.7,31.47,23.2
103031,CABALLOCOCHA,2013,3,388.2,32.21,23.62
103031,CABALLOCOCHA,2013,4,247.9,31.97,23.5
103031,CABALLOCOCHA,2013,5,419.0,31.49,23.63
103031,CABALLOCOCHA,2013,6,240.9,31.5,23.02
103031,CABALLOCOCHA,2013,7,257.0,30.36,22.12
103031,CABALLOCOCHA,2013,8,207.4,31.35,21.96
103031,CABALLOCOCHA,2013,9,132.1,32.92,23.02
103031,CABALLOCOCHA,2013,10,56.6,33.08,23.44
103031,CABALLOCOCHA,2013,11,330.2,32.21,23.3
103031,CABALLOCOCHA,2013,12,153.5,32.08,23.44
103031,CABALLOCOCHA,2014,1,313.1,31.43,23.28
103031,CABALLOCOCHA,2014,2,318.3,31.27,23.16
103031,CABALLOCOCHA,2014,3,501.2,31.28,23.18
103031,CABALLOCOCHA,2014,4,318.8,31.24,23.25
103031,CABALLOCOCHA,2014,5,307.6,31.18,23.26
103031,CABALLOCOCHA,2014,6,165.4,31.09,23.4
103031,CABALLOCOCHA,2014,7,188.7,30.63,22.3
103031,CABALLOCOCHA,2014,8,-999.0,-999.0,-999.0
103031,CABALLOCOCHA,2014,9,-999.0,-999.0,-999.0
103031,CABALLOCOCHA,2014,10,271.2,32.52,23.6
103031,CABALLOCOCHA,2014,11,144.6,32.69,23.91
103031,CABALLOCOCHA,2014,12,466.3,32.57,23.73
103031,CABALLOCOCHA,2015,1,491.8,30.88,23.24
103031,CABALLOCOCHA,2015,2,272.2,32.34,23.64
103031,CABALLOCOCHA,2015,3,360.4,31.36,23.4
103031,CABALLOCOCHA,2015,4,450.6,31.16,23.33
103031,CABALLOCOCHA,2015,5,380.8,31.2,23.42
103031,CABALLOCOCHA,2015,6,117.3,31.75,23.42
103031,CABALLOCOCHA,2015,7,224.1,31.35,23.04
103031,CABALLOCOCHA,2015,8,132.9,32.61,23.32
103031,CABALLOCOCHA,2015,9,46.0,34.53,23.69
103031,CABALLOCOCHA,2015,10,325.3,33.36,23.99
103031,CABALLOCOCHA,2015,11,140.5,33.44,23.84
103031,CABALLOCOCHA,2015,12,405.9,32.28,23.68
103031,CABALLOCOCHA,2016,1,174.5,32.79,24.68
103031,CABALLOCOCHA,2016,2,425.2,31.83,24.08
103031,CABALLOCOCHA,2016,3,467.0,32.18,24.21
103031,CABALLOCOCHA,2016,4,329.6,31.65,23.79
103031,CABALLOCOCHA,2016,5,165.9,31.75,23.88
103031,CABALLOCOCHA,2016,6,266.1,30.18,22.79
103031,CABALLOCOCHA,2016,7,186.6,30.89,22.92
103031,CABALLOCOCHA,2016,8,304.4,32.11,22.73
103031,CABALLOCOCHA,2016,9,64.5,32.05,22.64
103031,CABALLOCOCHA,2016,10,254.0,32.55,23.68
103031,CABALLOCOCHA,2016,11,220.8,33.53,24.08
103031,CABALLOCOCHA,2016,12,286.9,31.75,23.24
103031,CABALLOCOCHA,2017,1,397.6,31.09,23.11
103031,CABALLOCOCHA,2017,2,451.4,31.25,23.15
103031,CABALLOCOCHA,2017,3,406.9,31.39,23.26
103031,CABALLOCOCHA,2017,4,369.6,31.4,23.14
103031,CABALLOCOCHA,2017,5,250.0,31.7,23.23
103031,CABALLOCOCHA,2017,6,94.7,31.51,22.7
103031,CABALLOCOCHA,2017,7,104.2,32.04,21.5
103031,CABALLOCOCHA,2017,8,61.2,33.3,22.59
103031,CABALLOCOCHA,2017,9,156.1,32.92,22.97
103031,CABALLOCOCHA,2017,10,316.2,32.47,22.4
103031,CABALLOCOCHA,2017,11,266.7,32.37,22.48
103031,CABALLOCOCHA,2017,12,258.4,31.86,22.72
103031,CABALLOCOCHA,2018,1,356.8,31.55,22.03
103031,CABALLOCOCHA,2018,2,422.2,31.66,21.87
103031,CABALLOCOCHA,2018,3,474.8,32.46,22.37
103031,CABALLOCOCHA,2018,4,524.5,31.01,22.92
103031,CABALLOCOCHA,2018,5,296.1,30.83,22.86
103031,CABALLOCOCHA,2018,6,99.8,29.41,21.23
103031,CABALLOCOCHA,2018,7,159.0,31.19,22.08
103031,CABALLOCOCHA,2018,8,129.5,30.99,21.97
103031,CABALLOCOCHA,2018,9,119.9,33.53,22.88
103031,CABALLOCOCHA,2018,10,315.6,31.95,23.08
103031,CABALLOCOCHA,2018,11,415.6,32.76,22.94
103031,CABALLOCOCHA,2018,12,462.4,30.59,21.91
103031,CABALLOCOCHA,2019,1,397.7,30.95,21.72
103031,CABALLOCOCHA,2019,2,176.8,32.05,22.51
103031,CABALLOCOCHA,2019,3,293.8,31.81,22.52
103031,CABALLOCOCHA,2019,4,233.4,31.73,22.75
103031,CABALLOCOCHA,2019,5,271.0,30.94,22.25
103031,CABALLOCOCHA,2019,6,192.2,31.29,21.7
103031,CABALLOCOCHA,2019,7,155.8,30.73,22.02
103031,CABALLOCOCHA,2019,8,122.2,32.19,21.69
103031,CABALLOCOCHA,2019,9,215.8,32.7,23.26
103031,CABALLOCOCHA,2019,10,273.7,32.4,23.16
103031,CABALLOCOCHA,2019,11,222.5,31.67,23.41
103031,CABALLOCOCHA,2019,12,373.7,31.67,23.29
103031,CABALLOCOCHA,2020,1,279.4,32.2,23.41
103031,CABALLOCOCHA,2020,2,304.9,31.77,23.19
103031,CABALLOCOCHA,2020,3,353.7,32.28,23.01
103031,CABALLOCOCHA,2020,4,240.5,31.77,22.48
103031,CABALLOCOCHA,2020,5,244.8,30.69,22.15
103031,CABALLOCOCHA,2020,6,225.1,31.37,23.0
103031,CABALLOCOCHA,2020,7,312.0,31.68,22.95
103031,CABALLOCOCHA,2020,8,154.8,31.8,22.46
103031,CABALLOCOCHA,2020,9,167.3,33.12,23.25
103031,CABALLOCOCHA,2020,10,194.1,32.68,23.17
103031,CABALLOCOCHA,2020,11,189.3,32.51,23.33
103031,CABALLOCOCHA,2020,12,266.5,31.86,23.41
103031,CABALLOCOCHA,2021,1,574.3,31.02,22.99
103031,CABALLOCOCHA,2021,2,199.4,31.71,23.32
103031,CABALLOCOCHA,2021,3,-999.0,-999.0,-999.0
103031,CABALLOCOCHA,2021,4,270.9,30.81,22.86
103031,CABALLOCOCHA,2021,5,280.3,30.7,22.99
103031,CABALLOCOCHA,2021,6,166.2,30.5,22.53
103031,CABALLOCOCHA,2021,7,144.4,30.39,21.77
103031,CABALLOCOCHA,2021,8,118.8,32.23,22.57
103031,CABALLOCOCHA,2021,9,176.9,32.53,22.97
103031,CABALLOCOCHA,2021,10,220.6,32.28,23.44
103031,CABALLOCOCHA,2021,11,306.7,31.92,23.43
103031,CABALLOCOCHA,2021,12,530.6,31.93,23.5
103031,CABALLOCOCHA,2022,1,204.3,32.59,23.35
103031,CABALLOCOCHA,2022,2,408.8,31.21,22.91
103031,CABALLOCOCHA,2022,3,505.2,31.03,22.74
103031,CABALLOCOCHA,2022,4,450.1,31.28,23.07
103031,CABALLOCOCHA,2022,5,170.6,30.94,22.97
103031,CABALLOCOCHA,2022,6,113.3,30.87,22.81
103031,CABALLOCOCHA,2022,7,228.8,31.82,23.07
103031,CABALLOCOCHA,2022,8,148.2,31.83,22.52
103031,CABALLOCOCHA,2022,9,63.0,33.37,23.3
103031,CABALLOCOCHA,2022,10,172.7,33.41,23.32
103031,CABALLOCOCHA,2022,11,344.0,32.97,23.09
103031,CABALLOCOCHA,2022,12,280.0,31.96,23.42
103031,CABALLOCOCHA,2023,1,241.2,31.22,22.97
103031,CABALLOCOCHA,2023,2,538.5,30.94,22.95
103031,CABALLOCOCHA,2023,3,187.7,31.79,22.95
103031,CABALLOCOCHA,2023,4,752.4,31.41,22.78
103031,CABALLOCOCHA,2023,5,-999.0,31.22,23.22
103031,CABALLOCOCHA,2023,6,-999.0,30.51,22.21
103031,CABALLOCOCHA,2023,7,-999.0,32.17,22.89
103031,CABALLOCOCHA,2023,8,-999.0,33.32,23.15
103031,CABALLOCOCHA,2023,9,-999.0,34.58,23.19
103031,CABALLOCOCHA,2023,10,-999.0,34.66,23.5
103031,CABALLOCOCHA,2023,11,-999.0,33.5,23.29
103031,CABALLOCOCHA,2023,12,-999.0,-999.0,-999.0
103031,CABALLOCOCHA,2024,1,306.1,32.11,23.24
103031,CABALLOCOCHA,2024,2,417.8,32.62,23.43
103031,CABALLOCOCHA,2024,3,419.5,32.43,23.3
103031,CABALLOCOCHA,2024,4,319.2,32.18,23.35
103031,CABALLOCOCHA,2024,5,583.7,30.98,22.95
103031,CABALLOCOCHA,2024,6,213.1,31.84,22.91
103031,CABALLOCOCHA,2024,7,32.3,31.63,22.59
103031,CABALLOCOCHA,2024,8,58.4,33.43,22.68
103031,CABALLOCOCHA,2024,9,114.6,34.14,23.11
103031,CABALLOCOCHA,2024,10,283.4,34.57,23.39
103031,CABALLOCOCHA,2024,11,147.2,32.87,23.02
103031,CABALLOCOCHA,2024,12,258.0,31.86,23.16
103031,CABALLOCOCHA,2025,1,437.7,32.68,23.57
103031,CABALLOCOCHA,2025,2,391.1,31.15,23.39
103031,CABALLOCOCHA,2025,3,433.3,32.03,23.51
103031,CABALLOCOCHA,2025,4,272.6,31.75,23.56
103031,CABALLOCOCHA,2025,5,198.1,31.48,23.6
103031,CABALLOCOCHA,2025,6,178.1,31.24,23.34
103031,CABALLOCOCHA,2025,7,56.5,31.59,22.79
103031,CABALLOCOCHA,2025,8,139.8,32.12,22.83
103031,CABALLOCOCHA,2025,9,215.3,32.72,23.26
103031,CABALLOCOCHA,2025,10,165.9,32.58,23.29
103031,CABALLOCOCHA,2025,11,257.1,32.53,23.28
103031,CABALLOCOCHA,2025,12,375.6,33.02,23.37
