CODIGO,ESTACION,YEAR,MONTH,PP,TMAX,TMIN
103044,MAZAN,1990,1,-999.0,-999.0,-999.0
103044,MAZAN,1990,2,-999.0,-999.0,-999.0
103044,MAZAN,1990,3,-999.0,-999.0,-999.0
103044,MAZAN,1990,4,-999.0,-999.0,-999.0
103044,MAZAN,1990,5,-999.0,-999.0,-999.0
103044,MAZAN,1990,6,-999.0,-999.0,-999.0
103044,MAZAN,1990,7,-999.0,-999.0,-999.0
103044,MAZAN,1990,8,-999.0,-999.0,-999.0
103044,MAZAN,1990,9,-999.0,-999.0,-999.0
103044,MAZAN,1990,10,-999.0,-999.0,-999.0
103044,MAZAN,1990,11,-999.0,-999.0,-999.0
103044,MAZAN,1990,12,-999.0,-999.0,-999.0
103044,MAZAN,1991,1,-999.0,-999.0,-999.0
103044,MAZAN,1991,2,-999.0,-999.0,-999.0
103044,MAZAN,1991,3,-999.0,-999.0,-999.0
103044,MAZAN,1991,4,-999.0,-999.0,-999.0
103044,MAZAN,1991,5,-999.0,-999.0,-999.0
103044,MAZAN,1991,6,-999.0,-999.0,-999.0
103044,MAZAN,1991,7,-999.0,-999.0,-999.0
103044,MAZAN,1991,8,-999.0,-999.0,-999.0
103044,MAZAN,1991,9,-999.0,-999.0,-999.0
103044,MAZAN,1991,10,-999.0,-999.0,-999.0
103044,MAZAN,1991,11,-999.0,-999.0,-999.0
103044,MAZAN,1991,12,-999.0,-999.0,-999.0
103044,MAZAN,1992,1,266.0,-999.0,22.04
103044,MAZAN,1992,2,224.0,-999.0,22.08
103044,MAZAN,1992,3,249.0,-999.0,22.54
103044,MAZAN,1992,4,236.3,-999.0,21.79
103044,MAZAN,1992,5,171.9,-999.0,21.63
103044,MAZAN,1992,6,166.9,-999.0,-999.0
103044,MAZAN,1992,7,121.5,-999.0,-999.0
103044,MAZAN,1992,8,190.5,-999.0,-999.0
103044,MAZAN,1992,9,213.5,-999.0,-999.0
103044,MAZAN,1992,10,325.3,-999.0,-999.0
103044,MAZAN,1992,11,267.5,-999.0,-999.0
103044,MAZAN,1992,12,306.5,-999.0,-999.0
103044,MAZAN,1993,1,227.0,-999.0,-999.0
103044,MAZAN,1993,2,134.5,-999.0,-999.0
103044,MAZAN,1993,3,383.0,-999.0,-999.0
103044,MAZAN,1993,4,237.5,-999.0,22.04
103044,MAZAN,1993,5,132.0,-999.0,23.26
103044,MAZAN,1993,6,131.0,-999.0,23.85
103044,MAZAN,1993,7,130.0,-999.0,23.58
103044,MAZAN,1993,8,144.0,-999.0,21.32
103044,MAZAN,1993,9,210.0,-999.0,21.72
103044,MAZAN,1993,10,300.0,-999.0,21.66
103044,MAZAN,1993,11,241.0,-999.0,21.61
103044,MAZAN,1993,12,308.0,-999.0,21.83
103044,MAZAN,1994,1,112.0,-999.0,22.07
103044,MAZAN,1994,2,166.0,-999.0,21.94
103044,MAZAN,1994,3,270.0,-999.0,-999.0
103044,MAZAN,1994,4,258.0,-999.0,22.15
103044,MAZAN,1994,5,220.7,-999.0,-999.0
103044,MAZAN,1994,6,174.0,-999.0,22.15
103044,MAZAN,1994,7,128.3,-999.0,21.59
103044,MAZAN,1994,8,272.0,-999.0,-999.0
103044,MAZAN,1994,9,157.0,-999.0,22.03
103044,MAZAN,1994,10,98.0,-999.0,22.35
103044,MAZAN,1994,11,244.0,-999.0,-999.0
103044,MAZAN,1994,12,214.0,-999.0,22.48
103044,MAZAN,1995,1,386.0,-999.0,22.58
103044,MAZAN,1995,2,289.1,-999.0,22.84
103044,MAZAN,1995,3,307.0,-999.0,-999.0
103044,MAZAN,1995,4,387.0,-999.0,-999.0
103044,MAZAN,1995,5,344.0,-999.0,22.52
103044,MAZAN,1995,6,386.0,-999.0,21.78
103044,MAZAN,1995,7,127.2,-999.0,22.04
103044,MAZAN,1995,8,56.0,-999.0,22.47
103044,MAZAN,1995,9,241.0,-999.0,-999.0
103044,MAZAN,1995,10,186.0,-999.0,22.53
103044,MAZAN,1995,11,376.5,-999.0,22.32
103044,MAZAN,1995,12,306.0,-999.0,22.22
103044,MAZAN,1996,1,137.0,-999.0,22.57
103044,MAZAN,1996,2,305.0,-999.0,22.46
103044,MAZAN,1996,3,311.0,-999.0,22.34
103044,MAZAN,1996,4,258.0,-999.0,22.31
103044,MAZAN,1996,5,287.0,-999.0,22.5
103044,MAZAN,1996,6,166.0,-999.0,21.52
103044,MAZAN,1996,7,115.0,-999.0,21.69
103044,MAZAN,1996,8,165.1,-999.0,22.43
103044,MAZAN,1996,9,200.0,-999.0,-999.0
103044,MAZAN,1996,10,159.6,-999.0,22.24
103044,MAZAN,1996,11,241.7,-999.0,-999.0
103044,MAZAN,1996,12,315.7,-999.0,22.14
103044,MAZAN,1997,1,104.6,-999.0,-999.0
103044,MAZAN,1997,2,338.7,-999.0,21.79
103044,MAZAN,1997,3,199.0,-999.0,22.61
103044,MAZAN,1997,4,421.0,-999.0,22.08
103044,MAZAN,1997,5,543.0,-999.0,22.18
103044,MAZAN,1997,6,213.2,-999.0,22.41
103044,MAZAN,1997,7,256.6,-999.0,-999.0
103044,MAZAN,1997,8,337.6,-999.0,21.7
103044,MAZAN,1997,9,125.4,-999.0,22.85
103044,MAZAN,1997,10,137.3,-999.0,22.98
103044,MAZAN,1997,11,306.7,-999.0,22.55
103044,MAZAN,1997,12,484.2,-999.0,22.37
103044,MAZAN,1998,1,318.8,-999.0,22.74
103044,MAZAN,1998,2,229.3,-999.0,-999.0
103044,MAZAN,1998,3,483.1,-999.0,-999.0
103044,MAZAN,1998,4,515.3,-999.0,22.57
103044,MAZAN,1998,5,253.8,-999.0,22.42
103044,MAZAN,1998,6,128.4,-999.0,21.5
103044,MAZAN,1998,7,100.9,-999.0,21.57
103044,MAZAN,1998,8,187.9,-999.0,22.06
103044,MAZAN,1998,9,72.5,-999.0,-999.0
103044,MAZAN,1998,10,276.0,33.0,-999.0
103044,MAZAN,1998,11,168.7,32.6,-999.0
103044,MAZAN,1998,12,227.5,33.05,-999.0
103044,MAZAN,1999,1,355.4,32.06,-999.0
103044,MAZAN,1999,2,387.2,30.89,-999.0
103044,MAZAN,1999,3,306.5,32.45,-999.0
103044,MAZAN,1999,4,385.8,30.51,-999.0
103044,MAZAN,1999,5,328.4,31.02,-999.0
103044,MAZAN,1999,6,180.1,31.4,-999.0
103044,MAZAN,1999,7,192.0,31.48,-999.0
103044,MAZAN,1999,8,82.6,-999.0,-999.0
103044,MAZAN,1999,9,153.0,-999.0,-999.0
103044,MAZAN,1999,10,163.6,-999.0,-999.0
103044,MAZAN,1999,11,178.1,-999.0,-999.0
103044,MAZAN,1999,12,292.9,-999.0,-999.0
103044,MAZAN,2000,1,242.0,-999.0,-999.0
103044,MAZAN,2000,2,134.3,30.55,22.67
103044,MAZAN,2000,3,453.6,30.19,21.71
103044,MAZAN,2000,4,435.6,30.88,22.0
103044,MAZAN,2000,5,200.3,29.81,22.08
103044,MAZAN,2000,6,174.3,29.43,22.22
103044,MAZAN,2000,7,253.9,29.4,-999.0
103044,MAZAN,2000,8,158.3,30.8,22.0
103044,MAZAN,2000,9,259.7,31.85,21.82
103044,MAZAN,2000,10,233.6,32.8,22.17
103044,MAZAN,2000,11,162.2,-999.0,22.67
103044,MAZAN,2000,12,319.2,31.15,22.5
103044,MAZAN,2001,1,315.8,30.04,22.04
103044,MAZAN,2001,2,294.8,30.06,-999.0
103044,MAZAN,2001,3,412.7,31.77,22.11
103044,MAZAN,2001,4,366.3,30.5,22.61
103044,MAZAN,2001,5,199.8,-999.0,-999.0
103044,MAZAN,2001,6,133.5,30.08,-999.0
103044,MAZAN,2001,7,206.3,31.7,-999.0
103044,MAZAN,2001,8,232.3,-999.0,21.34
103044,MAZAN,2001,9,143.6,32.23,-999.0
103044,MAZAN,2001,10,89.4,32.88,-999.0
103044,MAZAN,2001,11,265.7,33.07,-999.0
103044,MAZAN,2001,12,404.6,31.43,21.72
103044,MAZAN,2002,1,342.3,33.36,22.34
103044,MAZAN,2002,2,294.6,32.27,22.83
103044,MAZAN,2002,3,451.7,32.18,22.66
103044,MAZAN,2002,4,289.5,31.48,22.87
103044,MAZAN,2002,5,336.2,30.85,22.45
103044,MAZAN,2002,6,59.7,31.14,-999.0
103044,MAZAN,2002,7,226.0,31.07,-999.0
103044,MAZAN,2002,8,110.0,32.02,20.64
103044,MAZAN,2002,9,127.6,-999.0,-999.0
103044,MAZAN,2002,10,222.2,31.98,-999.0
103044,MAZAN,2002,11,204.2,-999.0,21.88
103044,MAZAN,2002,12,440.1,32.77,-999.0
103044,MAZAN,2003,1,301.2,-999.0,20.99
103044,MAZAN,2003,2,206.6,29.66,-999.0
103044,MAZAN,2003,3,449.3,32.37,22.3
103044,MAZAN,2003,4,146.7,31.67,-999.0
103044,MAZAN,2003,5,523.6,30.76,-999.0
103044,MAZAN,2003,6,219.5,31.23,21.59
103044,MAZAN,2003,7,154.9,-999.0,-999.0
103044,MAZAN,2003,8,155.8,-999.0,20.35
103044,MAZAN,2003,9,131.4,-999.0,-999.0
103044,MAZAN,2003,10,179.8,30.96,20.89
103044,MAZAN,2003,11,260.1,30.92,22.01
103044,MAZAN,2003,12,501.3,-999.0,19.85
103044,MAZAN,2004,1,97.8,-999.0,21.9
103044,MAZAN,2004,2,199.4,31.83,22.69
103044,MAZAN,2004,3,320.7,31.45,22.82
103044,MAZAN,2004,4,245.6,31.43,22.67
103044,MAZAN,2004,5,276.6,29.87,22.27
103044,MAZAN,2004,6,210.0,29.89,21.69
103044,MAZAN,2004,7,136.6,30.44,21.14
103044,MAZAN,2004,8,234.4,30.72,21.47
103044,MAZAN,2004,9,177.8,31.14,21.87
103044,MAZAN,2004,10,182.8,31.5,22.77
103044,MAZAN,2004,11,357.1,32.38,22.79
103044,MAZAN,2004,12,316.9,32.05,22.82
103044,MAZAN,2005,1,173.4,31.86,22.76
103044,MAZAN,2005,2,175.1,31.12,22.8
103044,MAZAN,2005,3,516.8,30.9,22.69
103044,MAZAN,2005,4,286.6,29.88,22.26
103044,MAZAN,2005,5,197.7,30.57,22.41
103044,MAZAN,2005,6,105.6,31.08,22.35
103044,MAZAN,2005,7,206.8,31.34,20.93
103044,MAZAN,2005,8,142.3,31.62,22.19
103044,MAZAN,2005,9,266.9,31.86,22.23
103044,MAZAN,2005,10,272.1,31.8,22.36
103044,MAZAN,2005,11,150.2,31.51,22.33
103044,MAZAN,2005,12,455.0,31.69,22.03
103044,MAZAN,2006,1,284.8,29.5,21.87
103044,MAZAN,2006,2,161.3,-999.0,22.97
103044,MAZAN,2006,3,412.7,31.42,-999.0
103044,MAZAN,2006,4,182.0,30.04,22.2
103044,MAZAN,2006,5,385.7,28.93,20.68
103044,MAZAN,2006,6,212.8,30.41,21.47
103044,MAZAN,2006,7,166.6,30.39,21.45
103044,MAZAN,2006,8,142.7,31.94,21.76
103044,MAZAN,2006,9,225.2,-999.0,-999.0
103044,MAZAN,2006,10,232.7,32.41,22.8
103044,MAZAN,2006,11,360.5,31.65,22.96
103044,MAZAN,2006,12,350.9,30.65,21.93
103044,MAZAN,2007,1,288.9,29.96,21.77
103044,MAZAN,2007,2,110.4,32.73,21.9
103044,MAZAN,2007,3,246.5,30.94,21.56
103044,MAZAN,2007,4,213.4,30.51,21.7
103044,MAZAN,2007,5,119.5,30.43,21.08
103044,MAZAN,2007,6,228.8,30.05,20.88
103044,MAZAN,2007,7,44.6,30.95,20.34
103044,MAZAN,2007,8,119.1,31.62,20.98
103044,MAZAN,2007,9,101.0,32.09,21.54
103044,MAZAN,2007,10,135.6,31.64,21.36
103044,MAZAN,2007,11,157.8,31.11,21.9
103044,MAZAN,2007,12,282.8,31.31,21.64
103044,MAZAN,2008,1,289.5,30.53,21.03
103044,MAZAN,2008,2,306.9,30.81,21.01
103044,MAZAN,2008,3,163.0,30.77,21.16
103044,MAZAN,2008,4,233.4,31.13,-999.0
103044,MAZAN,2008,5,131.0,29.67,20.59
103044,MAZAN,2008,6,139.4,28.94,19.35
103044,MAZAN,2008,7,94.8,30.74,20.44
103044,MAZAN,2008,8,179.5,32.11,20.98
103044,MAZAN,2008,9,218.0,-999.0,-999.0
103044,MAZAN,2008,10,368.5,31.04,20.66
103044,MAZAN,2008,11,361.3,31.77,21.13
103044,MAZAN,2008,12,177.4,32.22,21.13
103044,MAZAN,2009,1,342.3,30.16,20.34
103044,MAZAN,2009,2,298.8,30.51,20.86
103044,MAZAN,2009,3,344.4,30.37,20.64
103044,MAZAN,2009,4,311.8,30.43,20.83
103044,MAZAN,2009,5,275.5,31.31,21.13
103044,MAZAN,2009,6,174.1,29.87,20.24
103044,MAZAN,2009,7,302.6,30.53,20.26
103044,MAZAN,2009,8,179.7,32.08,21.16
103044,MAZAN,2009,9,143.9,33.39,21.37
103044,MAZAN,2009,10,255.0,32.54,21.5
103044,MAZAN,2009,11,387.5,32.58,21.53
103044,MAZAN,2009,12,463.8,31.42,21.09
103044,MAZAN,2010,1,200.6,32.32,21.75
103044,MAZAN,2010,2,277.5,32.38,21.47
103044,MAZAN,2010,3,418.5,32.18,21.27
103044,MAZAN,2010,4,240.0,31.69,21.6
103044,MAZAN,2010,5,318.4,31.35,21.01
103044,MAZAN,2010,6,200.2,30.4,20.52
103044,MAZAN,2010,7,211.8,30.26,20.89
103044,MAZAN,2010,8,84.6,32.33,22.11
103044,MAZAN,2010,9,69.3,33.86,23.32
103044,MAZAN,2010,10,164.6,33.08,23.27
103044,MAZAN,2010,11,79.5,31.89,22.41
103044,MAZAN,2010,12,178.3,32.69,21.82
103044,MAZAN,2011,1,154.2,31.72,22.51
103044,MAZAN,2011,2,185.8,31.42,22.61
103044,MAZAN,2011,3,335.9,31.67,22.43
103044,MAZAN,2011,4,408.6,31.05,22.61
103044,MAZAN,2011,5,184.1,31.15,22.88
103044,MAZAN,2011,6,215.1,31.21,22.75
103044,MAZAN,2011,7,187.1,29.26,20.64
103044,MAZAN,2011,8,129.9,31.27,21.58
103044,MAZAN,2011,9,121.6,32.85,22.55
103044,MAZAN,2011,10,168.5,32.95,22.75
103044,MAZAN,2011,11,209.3,32.08,22.0
103044,MAZAN,2011,12,196.1,31.12,22.1
103044,MAZAN,2012,1,393.1,30.6,21.86
103044,MAZAN,2012,2,307.4,31.21,21.64
103044,MAZAN,2012,3,327.0,30.94,21.44
103044,MAZAN,2012,4,209.9,30.78,22.49
103044,MAZAN,2012,5,186.9,31.04,22.15
103044,MAZAN,2012,6,150.7,30.89,20.95
103044,MAZAN,2012,7,195.0,30.7,20.52
103044,MAZAN,2012,8,82.2,33.06,22.61
103044,MAZAN,2012,9,234.8,32.89,21.86
103044,MAZAN,2012,10,100.3,31.71,21.93
103044,MAZAN,2012,11,129.3,30.73,21.9
103044,MAZAN,2012,12,154.3,30.51,21.57
103044,MAZAN,2013,1,249.3,31.15,22.0
103044,MAZAN,2013,2,447.1,30.63,21.59
103044,MAZAN,2013,3,298.5,31.23,22.04
103044,MAZAN,2013,4,305.5,31.54,22.2
103044,MAZAN,2013,5,413.8,31.5,22.44
103044,MAZAN,2013,6,390.9,31.36,22.84
103044,MAZAN,2013,7,68.5,30.41,21.67
103044,MAZAN,2013,8,245.4,30.78,21.72
103044,MAZAN,2013,9,163.5,32.48,22.55
103044,MAZAN,2013,10,210.6,33.12,23.13
103044,MAZAN,2013,11,394.4,32.27,22.85
103044,MAZAN,2013,12,168.9,32.38,23.4
103044,MAZAN,2014,1,255.3,31.43,23.04
103044,MAZAN,2014,2,275.1,31.61,22.33
103044,MAZAN,2014,3,266.4,32.06,21.78
103044,MAZAN,2014,4,304.5,31.21,22.12
103044,MAZAN,2014,5,152.7,31.81,22.01
103044,MAZAN,2014,6,223.3,31.21,22.08
103044,MAZAN,2014,7,157.4,30.81,20.49
103044,MAZAN,2014,8,-999.0,-999.0,-999.0
103044,MAZAN,2014,9,-999.0,-999.0,-999.0
103044,MAZAN,2014,10,198.7,31.84,22.69
103044,MAZAN,2014,11,200.5,31.36,21.94
103044,MAZAN,2014,12,202.6,31.96,22.09
103044,MAZAN,2015,1,302.0,31.74,21.39
103044,MAZAN,2015,2,328.6,33.89,21.87
103044,MAZAN,2015,3,441.4,32.21,21.87
103044,MAZAN,2015,4,371.5,32.13,21.79
103044,MAZAN,2015,5,162.4,32.07,21.37
103044,MAZAN,2015,6,214.8,32.16,21.94
103044,MAZAN,2015,7,157.8,31.64,21.39
103044,MAZAN,2015,8,208.0,32.4,23.08
103044,MAZAN,2015,9,125.0,34.62,23.59
103044,MAZAN,2015,10,231.8,33.05,23.57
103044,MAZAN,2015,11,237.6,32.86,23.9
103044,MAZAN,2015,12,417.6,32.07,23.85
103044,MAZAN,2016,1,270.4,34.5,25.46
103044,MAZAN,2016,2,432.5,32.69,23.54
103044,MAZAN,2016,3,308.7,32.74,23.71
103044,MAZAN,2016,4,155.9,32.69,23.92
103044,MAZAN,2016,5,204.5,31.98,23.37
103044,MAZAN,2016,6,66.4,30.78,22.83
103044,MAZAN,2016,7,165.8,31.47,22.63
103044,MAZAN,2016,8,98.9,32.53,22.84
103044,MAZAN,2016,9,162.0,32.87,22.78
103044,MAZAN,2016,10,124.9,32.73,23.16
103044,MAZAN,2016,11,59.4,33.24,23.99
103044,MAZAN,2016,12,303.4,31.56,23.25
103044,MAZAN,2017,1,-999.0,-999.0,-999.0
103044,MAZAN,2017,2,160.4,32.0,22.49
103044,MAZAN,2017,3,336.4,-999.0,-999.0
103044,MAZAN,2017,4,230.4,31.75,-999.0
103044,MAZAN,2017,5,357.2,31.82,-999.0
103044,MAZAN,2017,6,211.1,31.08,-999.0
103044,MAZAN,2017,7,89.2,31.17,-999.0
103044,MAZAN,2017,8,131.7,33.03,-999.0
103044,MAZAN,2017,9,146.3,32.7,-999.0
103044,MAZAN,2017,10,256.2,32.22,-999.0
103044,MAZAN,2017,11,325.7,31.97,-999.0
103044,MAZAN,2017,12,185.8,31.49,-999.0
103044,MAZAN,2018,1,290.3,31.17,-999.0
103044,MAZAN,2018,2,105.2,32.56,-999.0
103044,MAZAN,2018,3,305.6,32.32,-999.0
103044,MAZAN,2018,4,270.9,31.19,-999.0
103044,MAZAN,2018,5,401.4,30.46,23.3
103044,MAZAN,2018,6,158.3,29.4,22.55
103044,MAZAN,2018,7,189.8,31.0,22.55
103044,MAZAN,2018,8,154.0,31.19,22.39
103044,MAZAN,2018,9,173.9,33.61,23.14
103044,MAZAN,2018,10,229.0,32.74,23.82
103044,MAZAN,2018,11,302.6,32.14,24.27
103044,MAZAN,2018,12,338.5,30.35,23.46
103044,MAZAN,2019,1,249.0,30.37,23.64
103044,MAZAN,2019,2,302.1,31.27,23.76
103044,MAZAN,2019,3,369.8,31.53,23.91
103044,MAZAN,2019,4,271.0,31.53,23.81
103044,MAZAN,2019,5,130.3,31.05,23.89
103044,MAZAN,2019,6,419.9,30.4,23.4
103044,MAZAN,2019,7,251.2,30.13,22.58
103044,MAZAN,2019,8,206.0,31.8,22.45
103044,MAZAN,2019,9,119.3,33.35,23.58
103044,MAZAN,2019,10,303.3,32.21,23.38
103044,MAZAN,2019,11,228.7,31.39,23.58
103044,MAZAN,2019,12,458.6,31.16,23.82
103044,MAZAN,2020,1,333.3,32.04,23.62
103044,MAZAN,2020,2,186.3,32.17,24.02
103044,MAZAN,2020,3,146.0,32.44,24.4
103044,MAZAN,2020,4,323.6,31.62,23.84
103044,MAZAN,2020,5,169.1,30.75,23.18
103044,MAZAN,2020,6,230.3,31.35,23.43
103044,MAZAN,2020,7,313.8,31.36,23.01
103044,MAZAN,2020,8,114.3,32.15,22.48
103044,MAZAN,2020,9,253.9,32.76,23.28
103044,MAZAN,2020,10,264.2,32.55,23.19
103044,MAZAN,2020,11,338.5,31.8,23.64
103044,MAZAN,2020,12,312.5,31.14,23.53
103044,MAZAN,2021,1,368.5,30.71,23.57
103044,MAZAN,2021,2,-999.0,-999.0,-999.0
103044,MAZAN,2021,3,335.0,30.57,23.29
103044,MAZAN,2021,4,532.7,31.27,23.58
103044,MAZAN,2021,5,362.6,29.53,23.4
103044,MAZAN,2021,6,279.7,29.93,23.22
103044,MAZAN,2021,7,58.0,29.82,22.06
103044,MAZAN,2021,8,107.6,-999.0,23.2
103044,MAZAN,2021,9,-999.0,32.2,22.81
103044,MAZAN,2021,10,115.5,32.23,23.9
103044,MAZAN,2021,11,130.3,31.58,23.62
103044,MAZAN,2021,12,162.4,31.33,24.21
103044,MAZAN,2022,1,54.6,32.78,23.52
103044,MAZAN,2022,2,68.6,31.31,23.54
103044,MAZAN,2022,3,194.2,30.29,23.51
103044,MAZAN,2022,4,215.6,30.55,23.09
103044,MAZAN,2022,5,74.4,29.98,23.24
103044,MAZAN,2022,6,45.1,29.87,22.75
103044,MAZAN,2022,7,86.1,30.68,23.54
103044,MAZAN,2022,8,106.7,30.73,22.34
103044,MAZAN,2022,9,21.8,32.99,23.54
103044,MAZAN,2022,10,93.5,32.8,23.74
103044,MAZAN,2022,11,106.3,31.98,23.18
103044,MAZAN,2022,12,63.4,31.33,23.65
103044,MAZAN,2023,1,172.4,30.48,23.3
103044,MAZAN,2023,2,138.5,30.03,23.53
103044,MAZAN,2023,3,79.1,30.44,23.62
103044,MAZAN,2023,4,124.2,30.28,23.72
103044,MAZAN,2023,5,-999.0,30.47,-999.0
103044,MAZAN,2023,6,-999.0,29.82,22.96
103044,MAZAN,2023,7,-999.0,-999.0,-999.0
103044,MAZAN,2023,8,-999.0,33.0,23.63
103044,MAZAN,2023,9,-999.0,33.68,24.08
103044,MAZAN,2023,10,-999.0,33.51,24.58
103044,MAZAN,2023,11,-999.0,33.02,24.4
103044,MAZAN,2023,12,-999.0,-999.0,-999.0
103044,MAZAN,2024,1,162.7,31.69,24.36
103044,MAZAN,2024,2,248.9,31.73,24.42
103044,MAZAN,2024,3,61.7,31.72,24.7
103044,MAZAN,2024,4,142.1,31.91,24.67
103044,MAZAN,2024,5,163.1,30.89,23.93
103044,MAZAN,2024,6,89.6,31.34,23.86
103044,MAZAN,2024,7,61.1,30.96,23.17
103044,MAZAN,2024,8,64.1,33.51,23.2
103044,MAZAN,2024,9,54.2,34.15,24.15
103044,MAZAN,2024,10,142.9,33.73,24.4
103044,MAZAN,2024,11,94.7,32.34,24.25
103044,MAZAN,2024,12,196.4,31.1,24.12
103044,MAZAN,2025,1,141.7,32.05,23.88
103044,MAZAN,2025,2,267.8,30.95,23.97
103044,MAZAN,2025,3,434.5,30.81,23.73
103044,MAZAN,2025,4,253.3,31.29,24.14
103044,MAZAN,2025,5,421.0,30.31,24.04
103044,MAZAN,2025,6,296.4,30.2,23.58
103044,MAZAN,2025,7,94.5,30.12,22.77
103044,MAZAN,2025,8,201.6,31.6,23.19
103044,MAZAN,2025,9,186.9,32.22,23.62
103044,MAZAN,2025,10,155.7,31.71,23.78
103044,MAZAN,2025,11,317.1,31.74,24.02
103044,MAZAN,2025,12,257.2,31.96,24.39
