CODIGO,ESTACION,YEAR,MONTH,PP,TMAX,TMIN
104010,SANTA ROSA,1990,1,-999.0,-999.0,-999.0
104010,SANTA ROSA,1990,2,-999.0,-999.0,-999.0
104010,SANTA ROSA,1990,3,-999.0,-999.0,-999.0
104010,SANTA ROSA,1990,4,-999.0,-999.0,-999.0
104010,SANTA ROSA,1990,5,-999.0,-999.0,-999.0
104010,SANTA ROSA,1990,6,-999.0,-999.0,-999.0
104010,SANTA ROSA,1990,7,-999.0,-999.0,-999.0
104010,SANTA ROSA,1990,8,-999.0,-999.0,-999.0
104010,SANTA ROSA,1990,9,-999.0,-999.0,-999.0
104010,SANTA ROSA,1990,10,-999.0,-999.0,-999.0
104010,SANTA ROSA,1990,11,-999.0,-999.0,-999.0
104010,SANTA ROSA,1990,12,-999.0,-999.0,-999.0
104010,SANTA ROSA,1991,1,-999.0,-999.0,-999.0
104010,SANTA ROSA,1991,2,-999.0,-999.0,-999.0
104010,SANTA ROSA,1991,3,-999.0,-999.0,-999.0
104010,SANTA ROSA,1991,4,-999.0,-999.0,-999.0
104010,SANTA ROSA,1991,5,-999.0,-999.0,-999.0
104010,SANTA ROSA,1991,6,-999.0,-999.0,-999.0
104010,SANTA ROSA,1991,7,-999.0,-999.0,-999.0
104010,SANTA ROSA,1991,8,-999.0,-999.0,-999.0
104010,SANTA ROSA,1991,9,-999.0,-999.0,-999.0
104010,SANTA ROSA,1991,10,-999.0,-999.0,-999.0
104010,SANTA ROSA,1991,11,-999.0,-999.0,-999.0
104010,SANTA ROSA,1991,12,-999.0,-999.0,-999.0
104010,SANTA ROSA,1992,1,-999.0,-999.0,-999.0
104010,SANTA ROSA,1992,2,312.0,-999.0,-999.0
104010,SANTA ROSA,1992,3,436.0,-999.0,-999.0
104010,SANTA ROSA,1992,4,266.0,-999.0,-999.0
104010,SANTA ROSA,1992,5,170.0,-999.0,-999.0
104010,SANTA ROSA,1992,6,139.0,-999.0,-999.0
104010,SANTA ROSA,1992,7,48.0,-999.0,-999.0
104010,SANTA ROSA,1992,8,140.0,-999.0,-999.0
104010,SANTA ROSA,1992,9,242.0,-999.0,-999.0
104010,SANTA ROSA,1992,10,147.0,-999.0,-999.0
104010,SANTA ROSA,1992,11,322.0,-999.0,-999.0
104010,SANTA ROSA,1992,12,243.0,-999.0,-999.0
104010,SANTA ROSA,1993,1,99.0,-999.0,-999.0
104010,SANTA ROSA,1993,2,221.0,-999.0,-999.0
104010,SANTA ROSA,1993,3,442.0,-999.0,-999.0
104010,SANTA ROSA,1993,4,253.0,-999.0,-999.0
104010,SANTA ROSA,1993,5,138.0,-999.0,-999.0
104010,SANTA ROSA,1993,6,198.0,-999.0,-999.0
104010,SANTA ROSA,1993,7,119.0,-999.0,-999.0
104010,SANTA ROSA,1993,8,141.0,-999.0,-999.0
104010,SANTA ROSA,1993,9,193.0,-999.0,-999.0
104010,SANTA ROSA,1993,10,214.0,-999.0,-999.0
104010,SANTA ROSA,1993,11,235.0,-999.0,-999.0
104010,SANTA ROSA,1993,12,212.0,-999.0,-999.0
104010,SANTA ROSA,1994,1,241.0,-999.0,-999.0
104010,SANTA ROSA,1994,2,270.0,-999.0,-999.0
104010,SANTA ROSA,1994,3,209.0,-999.0,-999.0
104010,SANTA ROSA,1994,4,137.0,-999.0,-999.0
104010,SANTA ROSA,1994,5,155.0,-999.0,-999.0
104010,SANTA ROSA,1994,6,168.0,-999.0,-999.0
104010,SANTA ROSA,1994,7,118.0,-999.0,-999.0
104010,SANTA ROSA,1994,8,117.0,-999.0,-999.0
104010,SANTA ROSA,1994,9,222.0,-999.0,-999.0
104010,SANTA ROSA,1994,10,146.0,-999.0,-999.0
104010,SANTA ROSA,1994,11,259.0,-999.0,-999.0
104010,SANTA ROSA,1994,12,220.0,-999.0,-999.0
104010,SANTA ROSA,1995,1,254.0,-999.0,-999.0
104010,SANTA ROSA,1995,2,195.0,-999.0,-999.0
104010,SANTA ROSA,1995,3,336.0,-999.0,-999.0
104010,SANTA ROSA,1995,4,273.0,-999.0,-999.0
104010,SANTA ROSA,1995,5,112.0,-999.0,-999.0
104010,SANTA ROSA,1995,6,148.0,-999.0,-999.0
104010,SANTA ROSA,1995,7,43.0,-999.0,-999.0
104010,SANTA ROSA,1995,8,96.0,-999.0,-999.0
104010,SANTA ROSA,1995,9,168.0,-999.0,-999.0
104010,SANTA ROSA,1995,10,173.0,-999.0,-999.0
104010,SANTA ROSA,1995,11,308.0,-999.0,-999.0
104010,SANTA ROSA,1995,12,263.0,-999.0,-999.0
104010,SANTA ROSA,1996,1,263.0,-999.0,-999.0
104010,SANTA ROSA,1996,2,299.0,-999.0,-999.0
104010,SANTA ROSA,1996,3,285.0,-999.0,-999.0
104010,SANTA ROSA,1996,4,165.0,-999.0,-999.0
104010,SANTA ROSA,1996,5,221.0,-999.0,-999.0
104010,SANTA ROSA,1996,6,169.0,-999.0,-999.0
104010,SANTA ROSA,1996,7,108.0,-999.0,-999.0
104010,SANTA ROSA,1996,8,156.0,-999.0,-999.0
104010,SANTA ROSA,1996,9,194.0,-999.0,-999.0
104010,SANTA ROSA,1996,10,212.0,-999.0,-999.0
104010,SANTA ROSA,1996,11,128.0,-999.0,-999.0
104010,SANTA ROSA,1996,12,152.0,-999.0,-999.0
104010,SANTA ROSA,1997,1,296.2,-999.0,-999.0
104010,SANTA ROSA,1997,2,451.8,-999.0,-999.0
104010,SANTA ROSA,1997,3,434.9,-999.0,-999.0
104010,SANTA ROSA,1997,4,239.0,-999.0,-999.0
104010,SANTA ROSA,1997,5,303.0,-999.0,-999.0
104010,SANTA ROSA,1997,6,92.9,-999.0,-999.0
104010,SANTA ROSA,1997,7,128.5,-999.0,-999.0
104010,SANTA ROSA,1997,8,107.0,-999.0,-999.0
104010,SANTA ROSA,1997,9,304.1,-999.0,-999.0
104010,SANTA ROSA,1997,10,82.9,-999.0,-999.0
104010,SANTA ROSA,1997,11,185.3,-999.0,-999.0
104010,SANTA ROSA,1997,12,421.5,-999.0,-999.0
104010,SANTA ROSA,1998,1,391.9,-999.0,-999.0
104010,SANTA ROSA,1998,2,228.6,-999.0,-999.0
104010,SANTA ROSA,1998,3,360.2,-999.0,-999.0
104010,SANTA ROSA,1998,4,443.3,-999.0,-999.0
104010,SANTA ROSA,1998,5,292.5,-999.0,-999.0
104010,SANTA ROSA,1998,6,143.4,-999.0,-999.0
104010,SANTA ROSA,1998,7,108.3,-999.0,-999.0
104010,SANTA ROSA,1998,8,116.9,-999.0,-999.0
104010,SANTA ROSA,1998,9,124.5,-999.0,-999.0
104010,SANTA ROSA,1998,10,261.6,-999.0,-999.0
104010,SANTA ROSA,1998,11,272.3,-999.0,-999.0
104010,SANTA ROSA,1998,12,132.1,-999.0,-999.0
104010,SANTA ROSA,1999,1,370.3,-999.0,-999.0
104010,SANTA ROSA,1999,2,264.2,-999.0,-999.0
104010,SANTA ROSA,1999,3,159.9,-999.0,-999.0
104010,SANTA ROSA,1999,4,229.6,-999.0,-999.0
104010,SANTA ROSA,1999,5,475.6,-999.0,-999.0
104010,SANTA ROSA,1999,6,161.2,-999.0,-999.0
104010,SANTA ROSA,1999,7,151.0,-999.0,-999.0
104010,SANTA ROSA,1999,8,163.2,-999.0,-999.0
104010,SANTA ROSA,1999,9,171.7,-999.0,-999.0
104010,SANTA ROSA,1999,10,239.7,-999.0,-999.0
104010,SANTA ROSA,1999,11,309.6,-999.0,-999.0
104010,SANTA ROSA,1999,12,275.4,-999.0,-999.0
104010,SANTA ROSA,2000,1,161.5,-999.0,-999.0
104010,SANTA ROSA,2000,2,275.1,-999.0,-999.0
104010,SANTA ROSA,2000,3,223.9,-999.0,-999.0
104010,SANTA ROSA,2000,4,324.5,-999.0,-999.0
104010,SANTA ROSA,2000,5,621.2,-999.0,-999.0
104010,SANTA ROSA,2000,6,139.7,-999.0,-999.0
104010,SANTA ROSA,2000,7,190.6,-999.0,-999.0
104010,SANTA ROSA,2000,8,128.3,-999.0,-999.0
104010,SANTA ROSA,2000,9,261.3,-999.0,-999.0
104010,SANTA ROSA,2000,10,187.7,-999.0,-999.0
104010,SANTA ROSA,2000,11,432.2,-999.0,-999.0
104010,SANTA ROSA,2000,12,222.9,-999.0,-999.0
104010,SANTA ROSA,2001,1,533.5,-999.0,-999.0
104010,SANTA ROSA,2001,2,408.3,-999.0,-999.0
104010,SANTA ROSA,2001,3,257.1,-999.0,-999.0
104010,SANTA ROSA,2001,4,337.4,-999.0,-999.0
104010,SANTA ROSA,2001,5,417.1,-999.0,-999.0
104010,SANTA ROSA,2001,6,158.0,-999.0,-999.0
104010,SANTA ROSA,2001,7,210.8,-999.0,-999.0
104010,SANTA ROSA,2001,8,37.2,-999.0,-999.0
104010,SANTA ROSA,2001,9,129.0,-999.0,-999.0
104010,SANTA ROSA,2001,10,143.0,-999.0,-999.0
104010,SANTA ROSA,2001,11,91.4,-999.0,-999.0
104010,SANTA ROSA,2001,12,226.7,-999.0,-999.0
104010,SANTA ROSA,2002,1,342.6,-999.0,-999.0
104010,SANTA ROSA,2002,2,323.6,-999.0,-999.0
104010,SANTA ROSA,2002,3,296.7,-999.0,-999.0
104010,SANTA ROSA,2002,4,448.6,-999.0,-999.0
104010,SANTA ROSA,2002,5,174.6,-999.0,-999.0
104010,SANTA ROSA,2002,6,163.4,-999.0,-999.0
104010,SANTA ROSA,2002,7,274.7,-999.0,-999.0
104010,SANTA ROSA,2002,8,106.0,-999.0,-999.0
104010,SANTA ROSA,2002,9,79.3,-999.0,-999.0
104010,SANTA ROSA,2002,10,328.2,-999.0,-999.0
104010,SANTA ROSA,2002,11,405.2,-999.0,-999.0
104010,SANTA ROSA,2002,12,225.4,-999.0,-999.0
104010,SANTA ROSA,2003,1,256.4,-999.0,-999.0
104010,SANTA ROSA,2003,2,422.2,-999.0,-999.0
104010,SANTA ROSA,2003,3,230.7,-999.0,-999.0
104010,SANTA ROSA,2003,4,331.4,-999.0,-999.0
104010,SANTA ROSA,2003,5,185.7,-999.0,-999.0
104010,SANTA ROSA,2003,6,196.3,-999.0,-999.0
104010,SANTA ROSA,2003,7,40.2,-999.0,-999.0
104010,SANTA ROSA,2003,8,139.7,-999.0,-999.0
104010,SANTA ROSA,2003,9,120.5,-999.0,-999.0
104010,SANTA ROSA,2003,10,121.6,-999.0,-999.0
104010,SANTA ROSA,2003,11,304.7,-999.0,-999.0
104010,SANTA ROSA,2003,12,258.6,-999.0,-999.0
104010,SANTA ROSA,2004,1,267.0,-999.0,-999.0
104010,SANTA ROSA,2004,2,194.8,-999.0,-999.0
104010,SANTA ROSA,2004,3,541.6,-999.0,-999.0
104010,SANTA ROSA,2004,4,315.2,-999.0,-999.0
104010,SANTA ROSA,2004,5,169.1,-999.0,-999.0
104010,SANTA ROSA,2004,6,225.3,-999.0,-999.0
104010,SANTA ROSA,2004,7,165.9,-999.0,-999.0
104010,SANTA ROSA,2004,8,209.5,-999.0,-999.0
104010,SANTA ROSA,2004,9,194.2,-999.0,-999.0
104010,SANTA ROSA,2004,10,182.5,-999.0,-999.0
104010,SANTA ROSA,2004,11,342.0,-999.0,-999.0
104010,SANTA ROSA,2004,12,224.4,-999.0,-999.0
104010,SANTA ROSA,2005,1,295.2,-999.0,-999.0
104010,SANTA ROSA,2005,2,157.7,-999.0,-999.0
104010,SANTA ROSA,2005,3,357.5,-999.0,-999.0
104010,SANTA ROSA,2005,4,383.4,-999.0,-999.0
104010,SANTA ROSA,2005,5,234.2,-999.0,-999.0
104010,SANTA ROSA,2005,6,91.7,-999.0,-999.0
104010,SANTA ROSA,2005,7,33.2,-999.0,-999.0
104010,SANTA ROSA,2005,8,83.8,-999.0,-999.0
104010,SANTA ROSA,2005,9,84.6,-999.0,-999.0
104010,SANTA ROSA,2005,10,486.0,-999.0,-999.0
104010,SANTA ROSA,2005,11,307.2,-999.0,-999.0
104010,SANTA ROSA,2005,12,272.3,-999.0,-999.0
104010,SANTA ROSA,2006,1,617.2,-999.0,-999.0
104010,SANTA ROSA,2006,2,375.2,-999.0,-999.0
104010,SANTA ROSA,2006,3,440.0,-999.0,-999.0
104010,SANTA ROSA,2006,4,243.3,-999.0,-999.0
104010,SANTA ROSA,2006,5,218.0,-999.0,-999.0
104010,SANTA ROSA,2006,6,94.0,-999.0,-999.0
104010,SANTA ROSA,2006,7,144.9,-999.0,-999.0
104010,SANTA ROSA,2006,8,195.4,-999.0,-999.0
104010,SANTA ROSA,2006,9,195.0,-999.0,-999.0
104010,SANTA ROSA,2006,10,156.4,-999.0,-999.0
104010,SANTA ROSA,2006,11,159.4,-999.0,-999.0
104010,SANTA ROSA,2006,12,455.6,-999.0,-999.0
104010,SANTA ROSA,2007,1,425.6,-999.0,-999.0
104010,SANTA ROSA,2007,2,199.9,-999.0,-999.0
104010,SANTA ROSA,2007,3,439.2,-999.0,-999.0
104010,SANTA ROSA,2007,4,335.6,-999.0,-999.0
104010,SANTA ROSA,2007,5,256.3,-999.0,-999.0
104010,SANTA ROSA,2007,6,122.8,-999.0,-999.0
104010,SANTA ROSA,2007,7,70.4,-999.0,-999.0
104010,SANTA ROSA,2007,8,34.4,-999.0,-999.0
104010,SANTA ROSA,2007,9,213.7,-999.0,-999.0
104010,SANTA ROSA,2007,10,465.6,-999.0,-999.0
104010,SANTA ROSA,2007,11,479.6,-999.0,-999.0
104010,SANTA ROSA,2007,12,359.8,-999.0,-999.0
104010,SANTA ROSA,2008,1,314.2,-999.0,-999.0
104010,SANTA ROSA,2008,2,307.1,-999.0,-999.0
104010,SANTA ROSA,2008,3,199.4,-999.0,-999.0
104010,SANTA ROSA,2008,4,283.3,-999.0,-999.0
104010,SANTA ROSA,2008,5,409.7,-999.0,-999.0
104010,SANTA ROSA,2008,6,151.8,-999.0,-999.0
104010,SANTA ROSA,2008,7,142.4,-999.0,-999.0
104010,SANTA ROSA,2008,8,162.9,-999.0,-999.0
104010,SANTA ROSA,2008,9,211.9,-999.0,-999.0
104010,SANTA ROSA,2008,10,253.2,-999.0,-999.0
104010,SANTA ROSA,2008,11,244.9,-999.0,-999.0
104010,SANTA ROSA,2008,12,186.2,-999.0,-999.0
104010,SANTA ROSA,2009,1,524.2,-999.0,-999.0
104010,SANTA ROSA,2009,2,300.5,-999.0,-999.0
104010,SANTA ROSA,2009,3,433.2,-999.0,-999.0
104010,SANTA ROSA,2009,4,391.9,-999.0,-999.0
104010,SANTA ROSA,2009,5,177.7,-999.0,-999.0
104010,SANTA ROSA,2009,6,126.8,-999.0,-999.0
104010,SANTA ROSA,2009,7,189.8,-999.0,-999.0
104010,SANTA ROSA,2009,8,215.0,-999.0,-999.0
104010,SANTA ROSA,2009,9,129.3,-999.0,-999.0
104010,SANTA ROSA,2009,10,315.6,-999.0,-999.0
104010,SANTA ROSA,2009,11,238.2,-999.0,-999.0
104010,SANTA ROSA,2009,12,272.5,-999.0,-999.0
104010,SANTA ROSA,2010,1,457.9,-999.0,-999.0
104010,SANTA ROSA,2010,2,306.3,-999.0,-999.0
104010,SANTA ROSA,2010,3,515.3,-999.0,-999.0
104010,SANTA ROSA,2010,4,361.1,-999.0,-999.0
104010,SANTA ROSA,2010,5,226.6,-999.0,-999.0
104010,SANTA ROSA,2010,6,184.3,-999.0,-999.0
104010,SANTA ROSA,2010,7,115.8,-999.0,-999.0
104010,SANTA ROSA,2010,8,71.3,-999.0,-999.0
104010,SANTA ROSA,2010,9,92.9,-999.0,-999.0
104010,SANTA ROSA,2010,10,130.0,-999.0,-999.0
104010,SANTA ROSA,2010,11,306.7,-999.0,-999.0
104010,SANTA ROSA,2010,12,318.9,-999.0,-999.0
104010,SANTA ROSA,2011,1,407.6,-999.0,-999.0
104010,SANTA ROSA,2011,2,238.5,-999.0,-999.0
104010,SANTA ROSA,2011,3,330.6,-999.0,-999.0
104010,SANTA ROSA,2011,4,323.1,-999.0,-999.0
104010,SANTA ROSA,2011,5,283.5,-999.0,-999.0
104010,SANTA ROSA,2011,6,174.9,-999.0,-999.0
104010,SANTA ROSA,2011,7,187.3,-999.0,-999.0
104010,SANTA ROSA,2011,8,-999.0,-999.0,-999.0
104010,SANTA ROSA,2011,9,71.0,-999.0,-999.0
104010,SANTA ROSA,2011,10,204.2,-999.0,-999.0
104010,SANTA ROSA,2011,11,252.3,-999.0,-999.0
104010,SANTA ROSA,2011,12,291.5,-999.0,-999.0
104010,SANTA ROSA,2012,1,319.3,-999.0,-999.0
104010,SANTA ROSA,2012,2,474.2,-999.0,-999.0
104010,SANTA ROSA,2012,3,550.7,-999.0,-999.0
104010,SANTA ROSA,2012,4,200.6,-999.0,-999.0
104010,SANTA ROSA,2012,5,220.9,-999.0,-999.0
104010,SANTA ROSA,2012,6,198.0,-999.0,-999.0
104010,SANTA ROSA,2012,7,268.6,-999.0,-999.0
104010,SANTA ROSA,2012,8,75.4,-999.0,-999.0
104010,SANTA ROSA,2012,9,218.3,-999.0,-999.0
104010,SANTA ROSA,2012,10,171.7,-999.0,-999.0
104010,SANTA ROSA,2012,11,249.9,-999.0,-999.0
104010,SANTA ROSA,2012,12,441.1,-999.0,-999.0
104010,SANTA ROSA,2013,1,325.4,-999.0,-999.0
104010,SANTA ROSA,2013,2,250.6,-999.0,-999.0
104010,SANTA ROSA,2013,3,371.4,-999.0,-999.0
104010,SANTA ROSA,2013,4,226.0,-999.0,-999.0
104010,SANTA ROSA,2013,5,202.6,-999.0,-999.0
104010,SANTA ROSA,2013,6,136.8,-999.0,-999.0
104010,SANTA ROSA,2013,7,130.3,-999.0,-999.0
104010,SANTA ROSA,2013,8,108.9,-999.0,-999.0
104010,SANTA ROSA,2013,9,92.5,-999.0,-999.0
104010,SANTA ROSA,2013,10,161.3,-999.0,-999.0
104010,SANTA ROSA,2013,11,434.3,-999.0,-999.0
104010,SANTA ROSA,2013,12,273.0,-999.0,-999.0
104010,SANTA ROSA,2014,1,462.6,-999.0,-999.0
104010,SANTA ROSA,2014,2,492.9,-999.0,-999.0
104010,SANTA ROSA,2014,3,457.2,-999.0,-999.0
104010,SANTA ROSA,2014,4,242.0,-999.0,-999.0
104010,SANTA ROSA,2014,5,259.4,-999.0,-999.0
104010,SANTA ROSA,2014,6,251.4,-999.0,-999.0
104010,SANTA ROSA,2014,7,134.1,-999.0,-999.0
104010,SANTA ROSA,2014,8,192.4,-999.0,-999.0
104010,SANTA ROSA,2014,9,184.4,-999.0,-999.0
104010,SANTA ROSA,2014,10,262.8,-999.0,-999.0
104010,SANTA ROSA,2014,11,201.4,-999.0,-999.0
104010,SANTA ROSA,2014,12,521.3,-999.0,-999.0
104010,SANTA ROSA,2015,1,538.8,-999.0,-999.0
104010,SANTA ROSA,2015,2,230.6,-999.0,-999.0
104010,SANTA ROSA,2015,3,537.1,-999.0,-999.0
104010,SANTA ROSA,2015,4,469.1,-999.0,-999.0
104010,SANTA ROSA,2015,5,280.1,-999.0,-999.0
104010,SANTA ROSA,2015,6,201.5,-999.0,-999.0
104010,SANTA ROSA,2015,7,322.5,-999.0,-999.0
104010,SANTA ROSA,2015,8,128.4,-999.0,-999.0
104010,SANTA ROSA,2015,9,69.4,-999.0,-999.0
104010,SANTA ROSA,2015,10,144.2,-999.0,-999.0
104010,SANTA ROSA,2015,11,111.4,-999.0,-999.0
104010,SANTA ROSA,2015,12,499.7,-999.0,-999.0
104010,SANTA ROSA,2016,1,190.0,-999.0,-999.0
104010,SANTA ROSA,2016,2,348.6,-999.0,-999.0
104010,SANTA ROSA,2016,3,246.1,-999.0,-999.0
104010,SANTA ROSA,2016,4,266.5,-999.0,-999.0
104010,SANTA ROSA,2016,5,111.9,-999.0,-999.0
104010,SANTA ROSA,2016,6,269.8,-999.0,-999.0
104010,SANTA ROSA,2016,7,156.8,-999.0,-999.0
104010,SANTA ROSA,2016,8,94.3,-999.0,-999.0
104010,SANTA ROSA,2016,9,110.7,-999.0,-999.0
104010,SANTA ROSA,2016,10,137.1,-999.0,-999.0
104010,SANTA ROSA,2016,11,155.6,-999.0,-999.0
104010,SANTA ROSA,2016,12,288.5,-999.0,-999.0
104010,SANTA ROSA,2017,1,522.3,-999.0,-999.0
104010,SANTA ROSA,2017,2,289.6,-999.0,-999.0
104010,SANTA ROSA,2017,3,381.4,-999.0,-999.0
104010,SANTA ROSA,2017,4,-999.0,-999.0,-999.0
104010,SANTA ROSA,2017,5,138.4,-999.0,-999.0
104010,SANTA ROSA,2017,6,68.2,-999.0,-999.0
104010,SANTA ROSA,2017,7,132.4,-999.0,-999.0
104010,SANTA ROSA,2017,8,140.0,-999.0,-999.0
104010,SANTA ROSA,2017,9,373.8,-999.0,-999.0
104010,SANTA ROSA,2017,10,160.6,-999.0,-999.0
104010,SANTA ROSA,2017,11,239.2,-999.0,-999.0
104010,SANTA ROSA,2017,12,250.7,-999.0,-999.0
104010,SANTA ROSA,2018,1,290.7,-999.0,-999.0
104010,SANTA ROSA,2018,2,423.6,-999.0,-999.0
104010,SANTA ROSA,2018,3,303.1,-999.0,-999.0
104010,SANTA ROSA,2018,4,174.9,-999.0,-999.0
104010,SANTA ROSA,2018,5,370.2,-999.0,-999.0
104010,SANTA ROSA,2018,6,182.1,-999.0,-999.0
104010,SANTA ROSA,2018,7,107.7,-999.0,-999.0
104010,SANTA ROSA,2018,8,53.3,-999.0,-999.0
104010,SANTA ROSA,2018,9,174.0,-999.0,-999.0
104010,SANTA ROSA,2018,10,465.1,-999.0,-999.0
104010,SANTA ROSA,2018,11,349.2,-999.0,-999.0
104010,SANTA ROSA,2018,12,398.9,-999.0,-999.0
104010,SANTA ROSA,2019,1,491.7,-999.0,-999.0
104010,SANTA ROSA,2019,2,252.5,-999.0,-999.0
104010,SANTA ROSA,2019,3,295.4,-999.0,-999.0
104010,SANTA ROSA,2019,4,270.0,-999.0,-999.0
104010,SANTA ROSA,2019,5,249.6,-999.0,-999.0
104010,SANTA ROSA,2019,6,334.8,-999.0,-999.0
104010,SANTA ROSA,2019,7,139.9,-999.0,-999.0
104010,SANTA ROSA,2019,8,127.5,-999.0,-999.0
104010,SANTA ROSA,2019,9,142.8,-999.0,-999.0
104010,SANTA ROSA,2019,10,241.2,-999.0,-999.0
104010,SANTA ROSA,2019,11,374.0,-999.0,-999.0
104010,SANTA ROSA,2019,12,523.7,-999.0,-999.0
104010,SANTA ROSA,2020,1,315.4,-999.0,-999.0
104010,SANTA ROSA,2020,2,322.8,-999.0,-999.0
104010,SANTA ROSA,2020,3,296.2,-999.0,-999.0
104010,SANTA ROSA,2020,4,403.1,-999.0,-999.0
104010,SANTA ROSA,2020,5,446.2,-999.0,-999.0
104010,SANTA ROSA,2020,6,208.6,-999.0,-999.0
104010,SANTA ROSA,2020,7,155.3,-999.0,-999.0
104010,SANTA ROSA,2020,8,112.6,-999.0,-999.0
104010,SANTA ROSA,2020,9,199.9,-999.0,-999.0
104010,SANTA ROSA,2020,10,132.4,-999.0,-999.0
104010,SANTA ROSA,2020,11,201.6,-999.0,-999.0
104010,SANTA ROSA,2020,12,254.3,-999.0,-999.0
104010,SANTA ROSA,2021,1,557.3,-999.0,-999.0
104010,SANTA ROSA,2021,2,269.6,-999.0,-999.0
104010,SANTA ROSA,2021,3,410.1,-999.0,-999.0
104010,SANTA ROSA,2021,4,360.9,-999.0,-999.0
104010,SANTA ROSA,2021,5,203.9,-999.0,-999.0
104010,SANTA ROSA,2021,6,175.0,-999.0,-999.0
104010,SANTA ROSA,2021,7,73.2,-999.0,-999.0
104010,SANTA ROSA,2021,8,126.9,-999.0,-999.0
104010,SANTA ROSA,2021,9,161.3,-999.0,-999.0
104010,SANTA ROSA,2021,10,180.9,-999.0,-999.0
104010,SANTA ROSA,2021,11,340.5,-999.0,-999.0
104010,SANTA ROSA,2021,12,549.1,-999.0,-999.0
104010,SANTA ROSA,2022,1,364.2,-999.0,-999.0
104010,SANTA ROSA,2022,2,384.2,-999.0,-999.0
104010,SANTA ROSA,2022,3,627.5,-999.0,-999.0
104010,SANTA ROSA,2022,4,439.9,-999.0,-999.0
104010,SANTA ROSA,2022,5,175.2,-999.0,-999.0
104010,SANTA ROSA,2022,6,191.2,-999.0,-999.0
104010,SANTA ROSA,2022,7,188.0,-999.0,-999.0
104010,SANTA ROSA,2022,8,169.8,-999.0,-999.0
104010,SANTA ROSA,2022,9,169.7,-999.0,-999.0
104010,SANTA ROSA,2022,10,231.5,-999.0,-999.0
104010,SANTA ROSA,2022,11,466.9,-999.0,-999.0
104010,SANTA ROSA,2022,12,-999.0,-999.0,-999.0
104010,SANTA ROSA,2023,1,386.2,-999.0,-999.0
104010,SANTA ROSA,2023,2,489.8,-999.0,-999.0
104010,SANTA ROSA,2023,3,204.0,-999.0,-999.0
104010,SANTA ROSA,2023,4,540.8,-999.0,-999.0
104010,SANTA ROSA,2023,5,-999.0,-999.0,-999.0
104010,SANTA ROSA,2023,6,-999.0,-999.0,-999.0
104010,SANTA ROSA,2023,7,-999.0,-999.0,-999.0
104010,SANTA ROSA,2023,8,-999.0,-999.0,-999.0
104010,SANTA ROSA,2023,9,-999.0,-999.0,-999.0
104010,SANTA ROSA,2023,10,-999.0,-999.0,-999.0
104010,SANTA ROSA,2023,11,-999.0,-999.0,-999.0
104010,SANTA ROSA,2023,12,-999.0,-999.0,-999.0
104010,SANTA ROSA,2024,1,408.1,-999.0,-999.0
104010,SANTA ROSA,2024,2,469.2,-999.0,-999.0
104010,SANTA ROSA,2024,3,348.5,-999.0,-999.0
104010,SANTA ROSA,2024,4,263.1,-999.0,-999.0
104010,SANTA ROSA,2024,5,390.6,-999.0,-999.0
104010,SANTA ROSA,2024,6,127.7,-999.0,-999.0
104010,SANTA ROSA,2024,7,30.1,-999.0,-999.0
104010,SANTA ROSA,2024,8,152.9,-999.0,-999.0
104010,SANTA ROSA,2024,9,83.1,-999.0,-999.0
104010,SANTA ROSA,2024,10,280.5,-999.0,-999.0
104010,SANTA ROSA,2024,11,295.2,-999.0,-999.0
104010,SANTA ROSA,2024,12,383.6,-999.0,-999.0
104010,SANTA ROSA,2025,1,229.7,-999.0,-999.0
104010,SANTA ROSA,2025,2,527.8,-999.0,-999.0
104010,SANTA ROSA,2025,3,449.4,-999.0,-999.0
104010,SANTA ROSA,2025,4,306.9,-999.0,-999.0
104010,SANTA ROSA,2025,5,240.1,-999.0,-999.0
104010,SANTA ROSA,2025,6,146.7,-999.0,-999.0
104010,SANTA ROSA,2025,7,180.4,-999.0,-999.0
104010,SANTA ROSA,2025,8,96.5,-999.0,-999.0
104010,SANTA ROSA,2025,9,254.0,-999.0,-999.0
104010,SANTA ROSA,2025,10,138.3,-999.0,-999.0
104010,SANTA ROSA,2025,11,351.1,-999.0,-999.0
104010,SANTA ROSA,2025,12,492.3,-999.0,-999.0
