CODIGO,ESTACION,YEAR,MONTH,PP,TMAX,TMIN
104014,PANANGA,1990,1,0.0,-999.0,-999.0
104014,PANANGA,1990,2,5.7,-999.0,-999.0
104014,PANANGA,1990,3,2.3,-999.0,-999.0
104014,PANANGA,1990,4,0.0,-999.0,-999.0
104014,PANANGA,1990,5,2.4,-999.0,-999.0
104014,PANANGA,1990,6,0.0,-999.0,-999.0
104014,PANANGA,1990,7,0.0,-999.0,-999.0
104014,PANANGA,1990,8,0.0,-999.0,-999.0
104014,PANANGA,1990,9,0.0,-999.0,-999.0
104014,PANANGA,1990,10,4.3,-999.0,-999.0
104014,PANANGA,1990,11,3.2,-999.0,-999.0
104014,PANANGA,1990,12,0.0,-999.0,-999.0
104014,PANANGA,1991,1,31.9,-999.0,-999.0
104014,PANANGA,1991,2,0.0,-999.0,-999.0
104014,PANANGA,1991,3,0.0,-999.0,-999.0
104014,PANANGA,1991,4,0.0,-999.0,-999.0
104014,PANANGA,1991,5,0.0,-999.0,-999.0
104014,PANANGA,1991,6,0.0,-999.0,-999.0
104014,PANANGA,1991,7,0.0,-999.0,-999.0
104014,PANANGA,1991,8,0.0,-999.0,-999.0
104014,PANANGA,1991,9,0.0,-999.0,-999.0
104014,PANANGA,1991,10,0.0,-999.0,-999.0
104014,PANANGA,1991,11,0.0,-999.0,-999.0
104014,PANANGA,1991,12,0.0,-999.0,-999.0
104014,PANANGA,1992,1,-999.0,-999.0,-999.0
104014,PANANGA,1992,2,-999.0,-999.0,-999.0
104014,PANANGA,1992,3,-999.0,-999.0,-999.0
104014,PANANGA,1992,4,-999.0,-999.0,-999.0
104014,PANANGA,1992,5,3.2,-999.0,-999.0
104014,PANANGA,1992,6,0.0,-999.0,-999.0
104014,PANANGA,1992,7,0.0,-999.0,-999.0
104014,PANANGA,1992,8,0.0,-999.0,-999.0
104014,PANANGA,1992,9,0.0,-999.0,-999.0
104014,PANANGA,1992,10,0.0,-999.0,-999.0
104014,PANANGA,1992,11,0.0,-999.0,-999.0
104014,PANANGA,1992,12,0.0,-999.0,-999.0
104014,PANANGA,1993,1,0.0,-999.0,-999.0
104014,PANANGA,1993,2,148.0,-999.0,-999.0
104014,PANANGA,1993,3,38.5,-999.0,-999.0
104014,PANANGA,1993,4,0.0,-999.0,-999.0
104014,PANANGA,1993,5,0.0,-999.0,-999.0
104014,PANANGA,1993,6,0.0,-999.0,-999.0
104014,PANANGA,1993,7,0.0,-999.0,-999.0
104014,PANANGA,1993,8,0.0,-999.0,-999.0
104014,PANANGA,1993,9,0.0,-999.0,-999.0
104014,PANANGA,1993,10,0.0,-999.0,-999.0
104014,PANANGA,1993,11,0.0,-999.0,-999.0
104014,PANANGA,1993,12,0.0,-999.0,-999.0
104014,PANANGA,1994,1,0.0,-999.0,-999.0
104014,PANANGA,1994,2,39.0,-999.0,-999.0
104014,PANANGA,1994,3,22.3,-999.0,-999.0
104014,PANANGA,1994,4,4.6,-999.0,-999.0
104014,PANANGA,1994,5,5.4,-999.0,-999.0
104014,PANANGA,1994,6,0.0,-999.0,-999.0
104014,PANANGA,1994,7,0.0,-999.0,-999.0
104014,PANANGA,1994,8,0.0,-999.0,-999.0
104014,PANANGA,1994,9,0.0,-999.0,-999.0
104014,PANANGA,1994,10,0.0,-999.0,-999.0
104014,PANANGA,1994,11,0.0,-999.0,-999.0
104014,PANANGA,1994,12,9.5,-999.0,-999.0
104014,PANANGA,1995,1,2.3,-999.0,-999.0
104014,PANANGA,1995,2,36.8,-999.0,-999.0
104014,PANANGA,1995,3,16.2,-999.0,-999.0
104014,PANANGA,1995,4,6.9,-999.0,-999.0
104014,PANANGA,1995,5,0.0,-999.0,-999.0
104014,PANANGA,1995,6,0.0,-999.0,-999.0
104014,PANANGA,1995,7,0.0,-999.0,-999.0
104014,PANANGA,1995,8,0.0,-999.0,-999.0
104014,PANANGA,1995,9,0.0,-999.0,-999.0
104014,PANANGA,1995,10,0.0,-999.0,-999.0
104014,PANANGA,1995,11,3.5,-999.0,-999.0
104014,PANANGA,1995,12,4.3,-999.0,-999.0
104014,PANANGA,1996,1,6.1,-999.0,-999.0
104014,PANANGA,1996,2,2.3,-999.0,-999.0
104014,PANANGA,1996,3,-999.0,-999.0,-999.0
104014,PANANGA,1996,4,0.0,-999.0,-999.0
104014,PANANGA,1996,5,2.5,-999.0,-999.0
104014,PANANGA,1996,6,0.0,-999.0,-999.0
104014,PANANGA,1996,7,0.0,-999.0,-999.0
104014,PANANGA,1996,8,0.0,-999.0,-999.0
104014,PANANGA,1996,9,0.0,-999.0,-999.0
104014,PANANGA,1996,10,-999.0,-999.0,-999.0
104014,PANANGA,1996,11,0.0,-999.0,-999.0
104014,PANANGA,1996,12,0.0,-999.0,-999.0
104014,PANANGA,1997,1,1.0,-999.0,-999.0
104014,PANANGA,1997,2,30.0,-999.0,-999.0
104014,PANANGA,1997,3,105.0,-999.0,-999.0
104014,PANANGA,1997,4,38.5,-999.0,-999.0
104014,PANANGA,1997,5,21.4,-999.0,-999.0
104014,PANANGA,1997,6,0.0,-999.0,-999.0
104014,PANANGA,1997,7,0.0,-999.0,-999.0
104014,PANANGA,1997,8,0.0,-999.0,-999.0
104014,PANANGA,1997,9,3.6,-999.0,-999.0
104014,PANANGA,1997,10,5.4,-999.0,-999.0
104014,PANANGA,1997,11,26.2,-999.0,-999.0
104014,PANANGA,1997,12,395.3,-999.0,-999.0
104014,PANANGA,1998,1,824.5,-999.0,-999.0
104014,PANANGA,1998,2,545.2,-999.0,-999.0
104014,PANANGA,1998,3,816.9,-999.0,-999.0
104014,PANANGA,1998,4,364.2,-999.0,-999.0
104014,PANANGA,1998,5,78.4,-999.0,-999.0
104014,PANANGA,1998,6,0.0,-999.0,-999.0
104014,PANANGA,1998,7,0.0,-999.0,-999.0
104014,PANANGA,1998,8,0.0,-999.0,-999.0
104014,PANANGA,1998,9,0.0,-999.0,-999.0
104014,PANANGA,1998,10,0.0,-999.0,-999.0
104014,PANANGA,1998,11,0.0,-999.0,-999.0
104014,PANANGA,1998,12,0.0,-999.0,-999.0
104014,PANANGA,1999,1,8.8,-999.0,-999.0
104014,PANANGA,1999,2,171.4,-999.0,-999.0
104014,PANANGA,1999,3,54.2,-999.0,-999.0
104014,PANANGA,1999,4,55.3,-999.0,-999.0
104014,PANANGA,1999,5,10.6,-999.0,-999.0
104014,PANANGA,1999,6,1.6,-999.0,-999.0
104014,PANANGA,1999,7,0.0,-999.0,-999.0
104014,PANANGA,1999,8,0.0,-999.0,-999.0
104014,PANANGA,1999,9,0.0,-999.0,-999.0
104014,PANANGA,1999,10,1.0,-999.0,-999.0
104014,PANANGA,1999,11,0.0,-999.0,-999.0
104014,PANANGA,1999,12,4.4,-999.0,-999.0
104014,PANANGA,2000,1,0.0,-999.0,-999.0
104014,PANANGA,2000,2,16.5,-999.0,-999.0
104014,PANANGA,2000,3,27.5,-999.0,-999.0
104014,PANANGA,2000,4,87.8,-999.0,-999.0
104014,PANANGA,2000,5,8.6,-999.0,-999.0
104014,PANANGA,2000,6,0.0,-999.0,-999.0
104014,PANANGA,2000,7,0.0,-999.0,-999.0
104014,PANANGA,2000,8,0.0,-999.0,-999.0
104014,PANANGA,2000,9,0.0,-999.0,-999.0
104014,PANANGA,2000,10,0.0,-999.0,-999.0
104014,PANANGA,2000,11,0.0,-999.0,-999.0
104014,PANANGA,2000,12,-999.0,-999.0,-999.0
104014,PANANGA,2001,1,49.0,-999.0,-999.0
104014,PANANGA,2001,2,23.9,-999.0,-999.0
104014,PANANGA,2001,3,561.6,-999.0,-999.0
104014,PANANGA,2001,4,211.8,-999.0,-999.0
104014,PANANGA,2001,5,0.0,-999.0,-999.0
104014,PANANGA,2001,6,0.0,-999.0,-999.0
104014,PANANGA,2001,7,0.0,-999.0,-999.0
104014,PANANGA,2001,8,0.0,-999.0,-999.0
104014,PANANGA,2001,9,0.0,-999.0,-999.0
104014,PANANGA,2001,10,0.0,-999.0,-999.0
104014,PANANGA,2001,11,0.0,-999.0,-999.0
104014,PANANGA,2001,12,0.0,-999.0,-999.0
104014,PANANGA,2002,1,0.0,-999.0,-999.0
104014,PANANGA,2002,2,66.6,-999.0,-999.0
104014,PANANGA,2002,3,423.4,-999.0,-999.0
104014,PANANGA,2002,4,237.6,-999.0,-999.0
104014,PANANGA,2002,5,0.0,-999.0,-999.0
104014,PANANGA,2002,6,0.0,-999.0,-999.0
104014,PANANGA,2002,7,0.0,-999.0,-999.0
104014,PANANGA,2002,8,0.0,-999.0,-999.0
104014,PANANGA,2002,9,0.0,-999.0,-999.0
104014,PANANGA,2002,10,0.0,-999.0,-999.0
104014,PANANGA,2002,11,0.0,-999.0,-999.0
104014,PANANGA,2002,12,0.0,-999.0,-999.0
104014,PANANGA,2003,1,7.8,-999.0,-999.0
104014,PANANGA,2003,2,50.6,-999.0,-999.0
104014,PANANGA,2003,3,0.0,-999.0,-999.0
104014,PANANGA,2003,4,4.3,-999.0,-999.0
104014,PANANGA,2003,5,0.0,-999.0,-999.0
104014,PANANGA,2003,6,0.0,-999.0,-999.0
104014,PANANGA,2003,7,0.0,-999.0,-999.0
104014,PANANGA,2003,8,0.0,-999.0,-999.0
104014,PANANGA,2003,9,0.0,-999.0,-999.0
104014,PANANGA,2003,10,0.0,-999.0,-999.0
104014,PANANGA,2003,11,0.0,-999.0,-999.0
104014,PANANGA,2003,12,5.5,-999.0,-999.0
104014,PANANGA,2004,1,0.0,-999.0,-999.0
104014,PANANGA,2004,2,20.1,-999.0,-999.0
104014,PANANGA,2004,3,58.8,-999.0,-999.0
104014,PANANGA,2004,4,1.2,-999.0,-999.0
104014,PANANGA,2004,5,1.0,-999.0,-999.0
104014,PANANGA,2004,6,0.0,-999.0,-999.0
104014,PANANGA,2004,7,0.0,-999.0,-999.0
104014,PANANGA,2004,8,0.0,-999.0,-999.0
104014,PANANGA,2004,9,0.0,-999.0,-999.0
104014,PANANGA,2004,10,1.0,-999.0,-999.0
104014,PANANGA,2004,11,0.0,-999.0,-999.0
104014,PANANGA,2004,12,1.3,-999.0,-999.0
104014,PANANGA,2005,1,0.0,-999.0,-999.0
104014,PANANGA,2005,2,55.8,-999.0,-999.0
104014,PANANGA,2005,3,44.0,-999.0,-999.0
104014,PANANGA,2005,4,0.0,-999.0,-999.0
104014,PANANGA,2005,5,0.0,-999.0,-999.0
104014,PANANGA,2005,6,0.0,-999.0,-999.0
104014,PANANGA,2005,7,0.0,-999.0,-999.0
104014,PANANGA,2005,8,0.0,-999.0,-999.0
104014,PANANGA,2005,9,0.0,-999.0,-999.0
104014,PANANGA,2005,10,1.0,-999.0,-999.0
104014,PANANGA,2005,11,0.0,-999.0,-999.0
104014,PANANGA,2005,12,0.0,-999.0,-999.0
104014,PANANGA,2006,1,1.2,-999.0,-999.0
104014,PANANGA,2006,2,145.8,-999.0,-999.0
104014,PANANGA,2006,3,55.9,-999.0,-999.0
104014,PANANGA,2006,4,0.0,-999.0,-999.0
104014,PANANGA,2006,5,0.0,-999.0,-999.0
104014,PANANGA,2006,6,0.0,-999.0,-999.0
104014,PANANGA,2006,7,0.0,-999.0,-999.0
104014,PANANGA,2006,8,0.0,-999.0,-999.0
104014,PANANGA,2006,9,0.0,-999.0,-999.0
104014,PANANGA,2006,10,0.0,-999.0,-999.0
104014,PANANGA,2006,11,0.0,-999.0,-999.0
104014,PANANGA,2006,12,2.1,-999.0,-999.0
104014,PANANGA,2007,1,10.8,-999.0,-999.0
104014,PANANGA,2007,2,0.0,-999.0,-999.0
104014,PANANGA,2007,3,60.3,-999.0,-999.0
104014,PANANGA,2007,4,0.0,-999.0,-999.0
104014,PANANGA,2007,5,0.0,-999.0,-999.0
104014,PANANGA,2007,6,0.0,-999.0,-999.0
104014,PANANGA,2007,7,0.0,-999.0,-999.0
104014,PANANGA,2007,8,0.0,-999.0,-999.0
104014,PANANGA,2007,9,0.0,-999.0,-999.0
104014,PANANGA,2007,10,0.0,-999.0,-999.0
104014,PANANGA,2007,11,0.0,-999.0,-999.0
104014,PANANGA,2007,12,0.0,-999.0,-999.0
104014,PANANGA,2008,1,78.1,-999.0,-999.0
104014,PANANGA,2008,2,171.7,-999.0,-999.0
104014,PANANGA,2008,3,262.1,-999.0,-999.0
104014,PANANGA,2008,4,62.6,-999.0,-999.0
104014,PANANGA,2008,5,0.0,-999.0,-999.0
104014,PANANGA,2008,6,0.0,-999.0,-999.0
104014,PANANGA,2008,7,0.0,-999.0,-999.0
104014,PANANGA,2008,8,0.0,-999.0,-999.0
104014,PANANGA,2008,9,0.0,-999.0,-999.0
104014,PANANGA,2008,10,6.5,-999.0,-999.0
104014,PANANGA,2008,11,0.0,-999.0,-999.0
104014,PANANGA,2008,12,0.0,-999.0,-999.0
104014,PANANGA,2009,1,46.9,-999.0,-999.0
104014,PANANGA,2009,2,75.1,-999.0,-999.0
104014,PANANGA,2009,3,66.3,-999.0,-999.0
104014,PANANGA,2009,4,0.0,-999.0,-999.0
104014,PANANGA,2009,5,2.1,-999.0,-999.0
104014,PANANGA,2009,6,0.0,-999.0,-999.0
104014,PANANGA,2009,7,0.0,-999.0,-999.0
104014,PANANGA,2009,8,0.0,-999.0,-999.0
104014,PANANGA,2009,9,0.0,-999.0,-999.0
104014,PANANGA,2009,10,0.0,-999.0,-999.0
104014,PANANGA,2009,11,0.0,-999.0,-999.0
104014,PANANGA,2009,12,0.0,-999.0,-999.0
104014,PANANGA,2010,1,1.0,-999.0,-999.0
104014,PANANGA,2010,2,119.9,-999.0,-999.0
104014,PANANGA,2010,3,41.9,-999.0,-999.0
104014,PANANGA,2010,4,11.5,-999.0,-999.0
104014,PANANGA,2010,5,2.1,-999.0,-999.0
104014,PANANGA,2010,6,0.0,-999.0,-999.0
104014,PANANGA,2010,7,0.0,-999.0,-999.0
104014,PANANGA,2010,8,0.0,-999.0,-999.0
104014,PANANGA,2010,9,0.0,-999.0,-999.0
104014,PANANGA,2010,10,0.0,-999.0,-999.0
104014,PANANGA,2010,11,0.0,-999.0,-999.0
104014,PANANGA,2010,12,0.0,-999.0,-999.0
104014,PANANGA,2011,1,2.8,-999.0,-999.0
104014,PANANGA,2011,2,0.0,-999.0,-999.0
104014,PANANGA,2011,3,2.2,-999.0,-999.0
104014,PANANGA,2011,4,16.8,-999.0,-999.0
104014,PANANGA,2011,5,0.0,-999.0,-999.0
104014,PANANGA,2011,6,0.0,-999.0,-999.0
104014,PANANGA,2011,7,2.3,-999.0,-999.0
104014,PANANGA,2011,8,0.0,-999.0,-999.0
104014,PANANGA,2011,9,0.0,-999.0,-999.0
104014,PANANGA,2011,10,0.0,-999.0,-999.0
104014,PANANGA,2011,11,0.0,-999.0,-999.0
104014,PANANGA,2011,12,0.0,-999.0,-999.0
104014,PANANGA,2012,1,6.4,-999.0,-999.0
104014,PANANGA,2012,2,356.7,-999.0,-999.0
104014,PANANGA,2012,3,47.4,-999.0,-999.0
104014,PANANGA,2012,4,37.4,-999.0,-999.0
104014,PANANGA,2012,5,0.0,-999.0,-999.0
104014,PANANGA,2012,6,0.0,-999.0,-999.0
104014,PANANGA,2012,7,0.0,-999.0,-999.0
104014,PANANGA,2012,8,0.0,-999.0,-999.0
104014,PANANGA,2012,9,0.0,-999.0,-999.0
104014,PANANGA,2012,10,0.0,-999.0,-999.0
104014,PANANGA,2012,11,0.0,-999.0,-999.0
104014,PANANGA,2012,12,0.0,-999.0,-999.0
104014,PANANGA,2013,1,5.1,-999.0,-999.0
104014,PANANGA,2013,2,0.0,-999.0,-999.0
104014,PANANGA,2013,3,196.2,-999.0,-999.0
104014,PANANGA,2013,4,3.2,-999.0,-999.0
104014,PANANGA,2013,5,9.8,-999.0,-999.0
104014,PANANGA,2013,6,0.0,-999.0,-999.0
104014,PANANGA,2013,7,0.0,-999.0,-999.0
104014,PANANGA,2013,8,0.0,-999.0,-999.0
104014,PANANGA,2013,9,0.0,-999.0,-999.0
104014,PANANGA,2013,10,0.0,-999.0,-999.0
104014,PANANGA,2013,11,0.0,-999.0,-999.0
104014,PANANGA,2013,12,0.0,-999.0,-999.0
104014,PANANGA,2014,1,2.1,-999.0,-999.0
104014,PANANGA,2014,2,0.0,-999.0,-999.0
104014,PANANGA,2014,3,6.3,-999.0,-999.0
104014,PANANGA,2014,4,0.0,-999.0,-999.0
104014,PANANGA,2014,5,4.1,-999.0,-999.0
104014,PANANGA,2014,6,0.0,-999.0,-999.0
104014,PANANGA,2014,7,0.0,-999.0,-999.0
104014,PANANGA,2014,8,0.0,-999.0,-999.0
104014,PANANGA,2014,9,0.0,-999.0,-999.0
104014,PANANGA,2014,10,2.5,-999.0,-999.0
104014,PANANGA,2014,11,0.0,-999.0,-999.0
104014,PANANGA,2014,12,0.0,-999.0,-999.0
104014,PANANGA,2015,1,3.2,-999.0,-999.0
104014,PANANGA,2015,2,0.0,-999.0,-999.0
104014,PANANGA,2015,3,99.3,-999.0,-999.0
104014,PANANGA,2015,4,7.3,-999.0,-999.0
104014,PANANGA,2015,5,1.3,-999.0,-999.0
104014,PANANGA,2015,6,0.0,-999.0,-999.0
104014,PANANGA,2015,7,0.0,-999.0,-999.0
104014,PANANGA,2015,8,0.0,-999.0,-999.0
104014,PANANGA,2015,9,0.0,-999.0,-999.0
104014,PANANGA,2015,10,0.0,-999.0,-999.0
104014,PANANGA,2015,11,10.5,-999.0,-999.0
104014,PANANGA,2015,12,0.0,-999.0,-999.0
104014,PANANGA,2016,1,5.3,-999.0,-999.0
104014,PANANGA,2016,2,102.2,-999.0,-999.0
104014,PANANGA,2016,3,279.0,-999.0,-999.0
104014,PANANGA,2016,4,25.2,-999.0,-999.0
104014,PANANGA,2016,5,0.0,-999.0,-999.0
104014,PANANGA,2016,6,0.0,-999.0,-999.0
104014,PANANGA,2016,7,0.0,-999.0,-999.0
104014,PANANGA,2016,8,0.0,-999.0,-999.0
104014,PANANGA,2016,9,0.0,-999.0,-999.0
104014,PANANGA,2016,10,0.0,-999.0,-999.0
104014,PANANGA,2016,11,0.0,-999.0,-999.0
104014,PANANGA,2016,12,2.4,-999.0,-999.0
104014,PANANGA,2017,1,72.3,-999.0,-999.0
104014,PANANGA,2017,2,242.7,-999.0,-999.0
104014,PANANGA,2017,3,779.0,-999.0,-999.0
104014,PANANGA,2017,4,22.7,-999.0,-999.0
104014,PANANGA,2017,5,3.2,-999.0,-999.0
104014,PANANGA,2017,6,0.0,-999.0,-999.0
104014,PANANGA,2017,7,0.0,-999.0,-999.0
104014,PANANGA,2017,8,0.0,-999.0,-999.0
104014,PANANGA,2017,9,0.0,-999.0,-999.0
104014,PANANGA,2017,10,1.6,-999.0,-999.0
104014,PANANGA,2017,11,0.0,-999.0,-999.0
104014,PANANGA,2017,12,0.0,-999.0,-999.0
104014,PANANGA,2018,1,1.8,-999.0,-999.0
104014,PANANGA,2018,2,5.6,-999.0,-999.0
104014,PANANGA,2018,3,0.0,-999.0,-999.0
104014,PANANGA,2018,4,8.2,-999.0,-999.0
104014,PANANGA,2018,5,24.5,-999.0,-999.0
104014,PANANGA,2018,6,0.0,-999.0,-999.0
104014,PANANGA,2018,7,0.0,-999.0,-999.0
104014,PANANGA,2018,8,0.0,-999.0,-999.0
104014,PANANGA,2018,9,0.0,-999.0,-999.0
104014,PANANGA,2018,10,0.0,-999.0,-999.0
104014,PANANGA,2018,11,0.0,-999.0,-999.0
104014,PANANGA,2018,12,13.5,-999.0,-999.0
104014,PANANGA,2019,1,5.8,-999.0,-999.0
104014,PANANGA,2019,2,191.7,-999.0,-999.0
104014,PANANGA,2019,3,23.7,-999.0,-999.0
104014,PANANGA,2019,4,0.0,-999.0,-999.0
104014,PANANGA,2019,5,0.0,-999.0,-999.0
104014,PANANGA,2019,6,0.0,-999.0,-999.0
104014,PANANGA,2019,7,0.0,-999.0,-999.0
104014,PANANGA,2019,8,0.0,-999.0,-999.0
104014,PANANGA,2019,9,0.0,-999.0,-999.0
104014,PANANGA,2019,10,0.0,-999.0,-999.0
104014,PANANGA,2019,11,0.0,-999.0,-999.0
104014,PANANGA,2019,12,1.8,-999.0,-999.0
104014,PANANGA,2020,1,9.8,-999.0,-999.0
104014,PANANGA,2020,2,14.9,-999.0,-999.0
104014,PANANGA,2020,3,-999.0,-999.0,-999.0
104014,PANANGA,2020,4,-999.0,-999.0,-999.0
104014,PANANGA,2020,5,-999.0,-999.0,-999.0
104014,PANANGA,2020,6,-999.0,-999.0,-999.0
104014,PANANGA,2020,7,0.8,-999.0,-999.0
104014,PANANGA,2020,8,0.0,-999.0,-999.0
104014,PANANGA,2020,9,0.0,-999.0,-999.0
104014,PANANGA,2020,10,0.0,-999.0,-999.0
104014,PANANGA,2020,11,1.1,-999.0,-999.0
104014,PANANGA,2020,12,9.3,-999.0,-999.0
104014,PANANGA,2021,1,5.3,-999.0,-999.0
104014,PANANGA,2021,2,0.0,-999.0,-999.0
104014,PANANGA,2021,3,188.3,-999.0,-999.0
104014,PANANGA,2021,4,26.6,-999.0,-999.0
104014,PANANGA,2021,5,1.7,-999.0,-999.0
104014,PANANGA,2021,6,0.8,-999.0,-999.0
104014,PANANGA,2021,7,3.3,-999.0,-999.0
104014,PANANGA,2021,8,0.0,-999.0,-999.0
104014,PANANGA,2021,9,0.3,-999.0,-999.0
104014,PANANGA,2021,10,2.3,-999.0,-999.0
104014,PANANGA,2021,11,0.4,-999.0,-999.0
104014,PANANGA,2021,12,4.2,-999.0,-999.0
104014,PANANGA,2022,1,1.1,-999.0,-999.0
104014,PANANGA,2022,2,4.7,-999.0,-999.0
104014,PANANGA,2022,3,25.8,-999.0,-999.0
104014,PANANGA,2022,4,3.8,-999.0,-999.0
104014,PANANGA,2022,5,1.0,-999.0,-999.0
104014,PANANGA,2022,6,0.8,-999.0,-999.0
104014,PANANGA,2022,7,0.3,-999.0,-999.0
104014,PANANGA,2022,8,0.9,-999.0,-999.0
104014,PANANGA,2022,9,0.0,-999.0,-999.0
104014,PANANGA,2022,10,0.3,-999.0,-999.0
104014,PANANGA,2022,11,0.5,-999.0,-999.0
104014,PANANGA,2022,12,0.0,-999.0,-999.0
104014,PANANGA,2023,1,0.0,-999.0,-999.0
104014,PANANGA,2023,2,161.4,-999.0,-999.0
104014,PANANGA,2023,3,215.9,-999.0,-999.0
104014,PANANGA,2023,4,267.9,-999.0,-999.0
104014,PANANGA,2023,5,15.5,-999.0,-999.0
104014,PANANGA,2023,6,0.0,-999.0,-999.0
104014,PANANGA,2023,7,0.5,-999.0,-999.0
104014,PANANGA,2023,8,0.0,-999.0,-999.0
104014,PANANGA,2023,9,0.2,-999.0,-999.0
104014,PANANGA,2023,10,1.9,-999.0,-999.0
104014,PANANGA,2023,11,0.2,-999.0,-999.0
104014,PANANGA,2023,12,4.3,-999.0,-999.0
104014,PANANGA,2024,1,6.0,-999.0,-999.0
104014,PANANGA,2024,2,160.3,-999.0,-999.0
104014,PANANGA,2024,3,2.5,-999.0,-999.0
104014,PANANGA,2024,4,0.6,-999.0,-999.0
104014,PANANGA,2024,5,1.4,-999.0,-999.0
104014,PANANGA,2024,6,5.4,-999.0,-999.0
104014,PANANGA,2024,7,0.2,-999.0,-999.0
104014,PANANGA,2024,8,0.2,-999.0,-999.0
104014,PANANGA,2024,9,0.2,-999.0,-999.0
104014,PANANGA,2024,10,0.0,-999.0,-999.0
104014,PANANGA,2024,11,0.0,-999.0,-999.0
104014,PANANGA,2024,12,2.0,-999.0,-999.0
104014,PANANGA,2025,1,3.0,-999.0,-999.0
104014,PANANGA,2025,2,115.0,-999.0,-999.0
104014,PANANGA,2025,3,248.2,-999.0,-999.0
104014,PANANGA,2025,4,18.5,-999.0,-999.0
104014,PANANGA,2025,5,0.4,-999.0,-999.0
104014,PANANGA,2025,6,1.0,-999.0,-999.0
104014,PANANGA,2025,7,0.3,-999.0,-999.0
104014,PANANGA,2025,8,0.1,-999.0,-999.0
104014,PANANGA,2025,9,0.0,-999.0,-999.0
104014,PANANGA,2025,10,1.9,-999.0,-999.0
104014,PANANGA,2025,11,2.3,-999.0,-999.0
104014,PANANGA,2025,12,3.4,-999.0,-999.0
