CODIGO,ESTACION,YEAR,MONTH,PP,TMAX,TMIN
105076,PASABAR,1990,1,-999.0,-999.0,-999.0
105076,PASABAR,1990,2,-999.0,-999.0,-999.0
105076,PASABAR,1990,3,-999.0,-999.0,-999.0
105076,PASABAR,1990,4,-999.0,-999.0,-999.0
105076,PASABAR,1990,5,-999.0,-999.0,-999.0
105076,PASABAR,1990,6,-999.0,-999.0,-999.0
105076,PASABAR,1990,7,-999.0,-999.0,-999.0
105076,PASABAR,1990,8,-999.0,-999.0,-999.0
105076,PASABAR,1990,9,-999.0,-999.0,-999.0
105076,PASABAR,1990,10,-999.0,-999.0,-999.0
105076,PASABAR,1990,11,-999.0,-999.0,-999.0
105076,PASABAR,1990,12,-999.0,-999.0,-999.0
105076,PASABAR,1991,1,-999.0,-999.0,-999.0
105076,PASABAR,1991,2,-999.0,-999.0,-999.0
105076,PASABAR,1991,3,-999.0,-999.0,-999.0
105076,PASABAR,1991,4,-999.0,-999.0,-999.0
105076,PASABAR,1991,5,-999.0,-999.0,-999.0
105076,PASABAR,1991,6,-999.0,-999.0,-999.0
105076,PASABAR,1991,7,-999.0,-999.0,-999.0
105076,PASABAR,1991,8,-999.0,-999.0,-999.0
105076,PASABAR,1991,9,-999.0,-999.0,-999.0
105076,PASABAR,1991,10,-999.0,-999.0,-999.0
105076,PASABAR,1991,11,-999.0,-999.0,-999.0
105076,PASABAR,1991,12,-999.0,-999.0,-999.0
105076,PASABAR,1992,1,-999.0,-999.0,-999.0
105076,PASABAR,1992,2,-999.0,-999.0,-999.0
105076,PASABAR,1992,3,-999.0,-999.0,-999.0
105076,PASABAR,1992,4,-999.0,-999.0,-999.0
105076,PASABAR,1992,5,-999.0,-999.0,-999.0
105076,PASABAR,1992,6,-999.0,-999.0,-999.0
105076,PASABAR,1992,7,-999.0,-999.0,-999.0
105076,PASABAR,1992,8,-999.0,-999.0,-999.0
105076,PASABAR,1992,9,-999.0,-999.0,-999.0
105076,PASABAR,1992,10,-999.0,-999.0,-999.0
105076,PASABAR,1992,11,-999.0,-999.0,-999.0
105076,PASABAR,1992,12,-999.0,-999.0,-999.0
105076,PASABAR,1993,1,-999.0,-999.0,-999.0
105076,PASABAR,1993,2,-999.0,-999.0,-999.0
105076,PASABAR,1993,3,-999.0,-999.0,-999.0
105076,PASABAR,1993,4,-999.0,-999.0,-999.0
105076,PASABAR,1993,5,-999.0,-999.0,-999.0
105076,PASABAR,1993,6,-999.0,-999.0,-999.0
105076,PASABAR,1993,7,-999.0,-999.0,-999.0
105076,PASABAR,1993,8,-999.0,-999.0,-999.0
105076,PASABAR,1993,9,-999.0,-999.0,-999.0
105076,PASABAR,1993,10,-999.0,-999.0,-999.0
105076,PASABAR,1993,11,-999.0,-999.0,-999.0
105076,PASABAR,1993,12,-999.0,-999.0,-999.0
105076,PASABAR,1994,1,-999.0,-999.0,-999.0
105076,PASABAR,1994,2,-999.0,-999.0,-999.0
105076,PASABAR,1994,3,-999.0,-999.0,-999.0
105076,PASABAR,1994,4,-999.0,-999.0,-999.0
105076,PASABAR,1994,5,-999.0,-999.0,-999.0
105076,PASABAR,1994,6,-999.0,-999.0,-999.0
105076,PASABAR,1994,7,-999.0,-999.0,-999.0
105076,PASABAR,1994,8,-999.0,-999.0,-999.0
105076,PASABAR,1994,9,-999.0,-999.0,-999.0
105076,PASABAR,1994,10,-999.0,-999.0,-999.0
105076,PASABAR,1994,11,-999.0,-999.0,-999.0
105076,PASABAR,1994,12,-999.0,-999.0,-999.0
105076,PASABAR,1995,1,-999.0,-999.0,-999.0
105076,PASABAR,1995,2,-999.0,-999.0,-999.0
105076,PASABAR,1995,3,-999.0,-999.0,-999.0
105076,PASABAR,1995,4,-999.0,-999.0,-999.0
105076,PASABAR,1995,5,-999.0,-999.0,-999.0
105076,PASABAR,1995,6,-999.0,-999.0,-999.0
105076,PASABAR,1995,7,-999.0,-999.0,-999.0
105076,PASABAR,1995,8,-999.0,-999.0,-999.0
105076,PASABAR,1995,9,-999.0,-999.0,-999.0
105076,PASABAR,1995,10,-999.0,-999.0,-999.0
105076,PASABAR,1995,11,-999.0,-999.0,-999.0
105076,PASABAR,1995,12,-999.0,-999.0,-999.0
105076,PASABAR,1996,1,-999.0,-999.0,-999.0
105076,PASABAR,1996,2,-999.0,-999.0,-999.0
105076,PASABAR,1996,3,-999.0,-999.0,-999.0
105076,PASABAR,1996,4,-999.0,-999.0,-999.0
105076,PASABAR,1996,5,-999.0,-999.0,-999.0
105076,PASABAR,1996,6,-999.0,-999.0,-999.0
105076,PASABAR,1996,7,-999.0,-999.0,-999.0
105076,PASABAR,1996,8,-999.0,-999.0,-999.0
105076,PASABAR,1996,9,-999.0,-999.0,-999.0
105076,PASABAR,1996,10,-999.0,-999.0,-999.0
105076,PASABAR,1996,11,-999.0,-999.0,-999.0
105076,PASABAR,1996,12,-999.0,-999.0,-999.0
105076,PASABAR,1997,1,-999.0,-999.0,-999.0
105076,PASABAR,1997,2,-999.0,-999.0,-999.0
105076,PASABAR,1997,3,-999.0,-999.0,-999.0
105076,PASABAR,1997,4,-999.0,-999.0,-999.0
105076,PASABAR,1997,5,-999.0,-999.0,-999.0
105076,PASABAR,1997,6,-999.0,-999.0,-999.0
105076,PASABAR,1997,7,-999.0,-999.0,-999.0
105076,PASABAR,1997,8,-999.0,-999.0,-999.0
105076,PASABAR,1997,9,-999.0,-999.0,-999.0
105076,PASABAR,1997,10,-999.0,-999.0,-999.0
105076,PASABAR,1997,11,-999.0,-999.0,-999.0
105076,PASABAR,1997,12,-999.0,-999.0,-999.0
105076,PASABAR,1998,1,-999.0,-999.0,-999.0
105076,PASABAR,1998,2,-999.0,-999.0,-999.0
105076,PASABAR,1998,3,-999.0,-999.0,-999.0
105076,PASABAR,1998,4,-999.0,-999.0,-999.0
105076,PASABAR,1998,5,-999.0,-999.0,-999.0
105076,PASABAR,1998,6,-999.0,-999.0,-999.0
105076,PASABAR,1998,7,-999.0,-999.0,-999.0
105076,PASABAR,1998,8,-999.0,-999.0,-999.0
105076,PASABAR,1998,9,-999.0,-999.0,-999.0
105076,PASABAR,1998,10,-999.0,-999.0,-999.0
105076,PASABAR,1998,11,-999.0,-999.0,-999.0
105076,PASABAR,1998,12,-999.0,-999.0,-999.0
105076,PASABAR,1999,1,-999.0,-999.0,-999.0
105076,PASABAR,1999,2,-999.0,-999.0,-999.0
105076,PASABAR,1999,3,-999.0,-999.0,-999.0
105076,PASABAR,1999,4,-999.0,-999.0,-999.0
105076,PASABAR,1999,5,-999.0,-999.0,-999.0
105076,PASABAR,1999,6,-999.0,-999.0,-999.0
105076,PASABAR,1999,7,-999.0,-999.0,-999.0
105076,PASABAR,1999,8,-999.0,-999.0,-999.0
105076,PASABAR,1999,9,-999.0,-999.0,-999.0
105076,PASABAR,1999,10,-999.0,-999.0,-999.0
105076,PASABAR,1999,11,-999.0,-999.0,-999.0
105076,PASABAR,1999,12,-999.0,-999.0,-999.0
105076,PASABAR,2000,1,-999.0,-999.0,-999.0
105076,PASABAR,2000,2,-999.0,-999.0,-999.0
105076,PASABAR,2000,3,-999.0,-999.0,-999.0
105076,PASABAR,2000,4,-999.0,-999.0,-999.0
105076,PASABAR,2000,5,-999.0,-999.0,-999.0
105076,PASABAR,2000,6,-999.0,-999.0,-999.0
105076,PASABAR,2000,7,-999.0,-999.0,-999.0
105076,PASABAR,2000,8,-999.0,-999.0,-999.0
105076,PASABAR,2000,9,-999.0,-999.0,-999.0
105076,PASABAR,2000,10,-999.0,-999.0,-999.0
105076,PASABAR,2000,11,-999.0,-999.0,-999.0
105076,PASABAR,2000,12,-999.0,-999.0,-999.0
105076,PASABAR,2001,1,-999.0,-999.0,-999.0
105076,PASABAR,2001,2,-999.0,-999.0,-999.0
105076,PASABAR,2001,3,-999.0,-999.0,-999.0
105076,PASABAR,2001,4,-999.0,-999.0,-999.0
105076,PASABAR,2001,5,-999.0,-999.0,-999.0
105076,PASABAR,2001,6,-999.0,-999.0,-999.0
105076,PASABAR,2001,7,-999.0,-999.0,-999.0
105076,PASABAR,2001,8,-999.0,-999.0,-999.0
105076,PASABAR,2001,9,-999.0,-999.0,-999.0
105076,PASABAR,2001,10,-999.0,-999.0,-999.0
105076,PASABAR,2001,11,-999.0,-999.0,-999.0
105076,PASABAR,2001,12,-999.0,-999.0,-999.0
105076,PASABAR,2002,1,-999.0,-999.0,-999.0
105076,PASABAR,2002,2,-999.0,-999.0,-999.0
105076,PASABAR,2002,3,-999.0,-999.0,-999.0
105076,PASABAR,2002,4,-999.0,-999.0,-999.0
105076,PASABAR,2002,5,-999.0,-999.0,-999.0
105076,PASABAR,2002,6,-999.0,-999.0,-999.0
105076,PASABAR,2002,7,-999.0,-999.0,-999.0
105076,PASABAR,2002,8,-999.0,-999.0,-999.0
105076,PASABAR,2002,9,-999.0,-999.0,-999.0
105076,PASABAR,2002,10,-999.0,-999.0,-999.0
105076,PASABAR,2002,11,-999.0,-999.0,-999.0
105076,PASABAR,2002,12,-999.0,-999.0,-999.0
105076,PASABAR,2003,1,-999.0,-999.0,-999.0
105076,PASABAR,2003,2,-999.0,-999.0,-999.0
105076,PASABAR,2003,3,-999.0,-999.0,-999.0
105076,PASABAR,2003,4,-999.0,-999.0,-999.0
105076,PASABAR,2003,5,-999.0,-999.0,-999.0
105076,PASABAR,2003,6,-999.0,-999.0,-999.0
105076,PASABAR,2003,7,-999.0,-999.0,-999.0
105076,PASABAR,2003,8,-999.0,-999.0,-999.0
105076,PASABAR,2003,9,-999.0,-999.0,-999.0
105076,PASABAR,2003,10,-999.0,-999.0,-999.0
105076,PASABAR,2003,11,-999.0,-999.0,-999.0
105076,PASABAR,2003,12,-999.0,-999.0,-999.0
105076,PASABAR,2004,1,-999.0,-999.0,-999.0
105076,PASABAR,2004,2,-999.0,-999.0,-999.0
105076,PASABAR,2004,3,-999.0,-999.0,-999.0
105076,PASABAR,2004,4,-999.0,-999.0,-999.0
105076,PASABAR,2004,5,-999.0,-999.0,-999.0
105076,PASABAR,2004,6,-999.0,-999.0,-999.0
105076,PASABAR,2004,7,-999.0,-999.0,-999.0
105076,PASABAR,2004,8,-999.0,-999.0,-999.0
105076,PASABAR,2004,9,-999.0,-999.0,-999.0
105076,PASABAR,2004,10,-999.0,-999.0,-999.0
105076,PASABAR,2004,11,-999.0,-999.0,-999.0
105076,PASABAR,2004,12,-999.0,-999.0,-999.0
105076,PASABAR,2005,1,-999.0,-999.0,-999.0
105076,PASABAR,2005,2,-999.0,-999.0,-999.0
105076,PASABAR,2005,3,-999.0,-999.0,-999.0
105076,PASABAR,2005,4,-999.0,-999.0,-999.0
105076,PASABAR,2005,5,-999.0,-999.0,-999.0
105076,PASABAR,2005,6,-999.0,-999.0,-999.0
105076,PASABAR,2005,7,-999.0,-999.0,-999.0
105076,PASABAR,2005,8,-999.0,-999.0,-999.0
105076,PASABAR,2005,9,-999.0,-999.0,-999.0
105076,PASABAR,2005,10,-999.0,-999.0,-999.0
105076,PASABAR,2005,11,-999.0,-999.0,-999.0
105076,PASABAR,2005,12,-999.0,-999.0,-999.0
105076,PASABAR,2006,1,-999.0,-999.0,-999.0
105076,PASABAR,2006,2,-999.0,-999.0,-999.0
105076,PASABAR,2006,3,-999.0,-999.0,-999.0
105076,PASABAR,2006,4,-999.0,-999.0,-999.0
105076,PASABAR,2006,5,-999.0,-999.0,-999.0
105076,PASABAR,2006,6,-999.0,-999.0,-999.0
105076,PASABAR,2006,7,-999.0,-999.0,-999.0
105076,PASABAR,2006,8,0.1,29.58,-999.0
105076,PASABAR,2006,9,0.0,31.22,-999.0
105076,PASABAR,2006,10,0.0,31.82,-999.0
105076,PASABAR,2006,11,6.3,31.94,-999.0
105076,PASABAR,2006,12,25.3,32.8,-999.0
105076,PASABAR,2007,1,5.2,-999.0,-999.0
105076,PASABAR,2007,2,0.3,35.2,-999.0
105076,PASABAR,2007,3,113.4,34.02,-999.0
105076,PASABAR,2007,4,8.9,34.4,-999.0
105076,PASABAR,2007,5,0.0,32.0,17.4
105076,PASABAR,2007,6,0.0,29.35,15.16
105076,PASABAR,2007,7,0.0,29.52,15.16
105076,PASABAR,2007,8,0.0,28.66,14.61
105076,PASABAR,2007,9,0.0,29.87,14.47
105076,PASABAR,2007,10,8.8,29.43,14.95
105076,PASABAR,2007,11,8.5,31.28,16.71
105076,PASABAR,2007,12,0.9,32.19,17.55
105076,PASABAR,2008,1,-999.0,32.18,21.59
105076,PASABAR,2008,2,273.7,31.84,21.86
105076,PASABAR,2008,3,372.5,31.53,22.28
105076,PASABAR,2008,4,58.7,31.0,19.93
105076,PASABAR,2008,5,2.4,-999.0,17.27
105076,PASABAR,2008,6,1.8,-999.0,17.32
105076,PASABAR,2008,7,1.4,-999.0,16.72
105076,PASABAR,2008,8,1.1,-999.0,17.43
105076,PASABAR,2008,9,0.7,-999.0,16.33
105076,PASABAR,2008,10,4.2,31.56,16.5
105076,PASABAR,2008,11,4.3,32.06,16.94
105076,PASABAR,2008,12,0.0,33.06,17.48
105076,PASABAR,2009,1,79.9,31.63,21.45
105076,PASABAR,2009,2,113.1,31.72,21.88
105076,PASABAR,2009,3,67.8,32.44,21.61
105076,PASABAR,2009,4,2.2,33.49,20.17
105076,PASABAR,2009,5,7.9,32.57,18.63
105076,PASABAR,2009,6,0.0,28.74,17.43
105076,PASABAR,2009,7,0.3,29.21,16.88
105076,PASABAR,2009,8,0.0,29.68,16.61
105076,PASABAR,2009,9,0.0,30.95,16.87
105076,PASABAR,2009,10,0.0,32.25,16.94
105076,PASABAR,2009,11,14.3,31.81,18.01
105076,PASABAR,2009,12,4.2,32.08,20.11
105076,PASABAR,2010,1,5.0,32.06,22.21
105076,PASABAR,2010,2,78.5,31.86,22.75
105076,PASABAR,2010,3,55.7,32.91,22.54
105076,PASABAR,2010,4,25.5,-999.0,21.02
105076,PASABAR,2010,5,4.4,32.46,18.94
105076,PASABAR,2010,6,0.3,30.49,17.16
105076,PASABAR,2010,7,0.0,29.41,15.05
105076,PASABAR,2010,8,0.0,29.66,14.92
105076,PASABAR,2010,9,0.1,30.23,15.1
105076,PASABAR,2010,10,15.4,30.66,15.28
105076,PASABAR,2010,11,1.7,31.57,15.72
105076,PASABAR,2010,12,1.3,32.92,18.32
105076,PASABAR,2011,1,8.1,34.01,20.26
105076,PASABAR,2011,2,21.3,34.11,22.05
105076,PASABAR,2011,3,1.6,35.79,20.77
105076,PASABAR,2011,4,67.9,33.51,20.97
105076,PASABAR,2011,5,1.1,32.11,19.04
105076,PASABAR,2011,6,2.6,30.52,18.56
105076,PASABAR,2011,7,0.1,29.6,16.79
105076,PASABAR,2011,8,0.0,30.09,15.8
105076,PASABAR,2011,9,1.6,31.79,15.45
105076,PASABAR,2011,10,0.4,31.31,15.27
105076,PASABAR,2011,11,9.2,-999.0,17.64
105076,PASABAR,2011,12,6.5,33.07,19.5
105076,PASABAR,2012,1,19.1,33.06,21.7
105076,PASABAR,2012,2,210.9,33.63,22.26
105076,PASABAR,2012,3,196.3,-999.0,21.7
105076,PASABAR,2012,4,53.1,-999.0,21.43
105076,PASABAR,2012,5,0.3,31.54,19.2
105076,PASABAR,2012,6,0.0,31.07,19.17
105076,PASABAR,2012,7,0.3,29.19,17.17
105076,PASABAR,2012,8,0.0,30.62,15.59
105076,PASABAR,2012,9,0.0,-999.0,16.19
105076,PASABAR,2012,10,5.9,32.02,17.11
105076,PASABAR,2012,11,5.5,33.54,18.1
105076,PASABAR,2012,12,5.7,33.78,18.87
105076,PASABAR,2013,1,12.1,33.5,21.1
105076,PASABAR,2013,2,7.6,35.96,22.25
105076,PASABAR,2013,3,40.2,34.18,22.11
105076,PASABAR,2013,4,0.5,34.54,19.13
105076,PASABAR,2013,5,22.4,30.7,18.59
105076,PASABAR,2013,6,0.0,29.85,15.66
105076,PASABAR,2013,7,0.1,29.7,14.23
105076,PASABAR,2013,8,0.0,30.28,14.87
105076,PASABAR,2013,9,0.6,-999.0,15.19
105076,PASABAR,2013,10,12.8,31.66,16.23
105076,PASABAR,2013,11,0.0,31.47,15.88
105076,PASABAR,2013,12,4.8,33.41,19.22
105076,PASABAR,2014,1,3.3,33.16,22.07
105076,PASABAR,2014,2,2.5,34.12,22.08
105076,PASABAR,2014,3,16.7,34.9,22.34
105076,PASABAR,2014,4,1.8,34.1,20.6
105076,PASABAR,2014,5,18.3,30.92,21.31
105076,PASABAR,2014,6,0.0,-999.0,20.24
105076,PASABAR,2014,7,0.0,30.13,16.26
105076,PASABAR,2014,8,0.0,30.15,16.56
105076,PASABAR,2014,9,0.0,31.56,16.28
105076,PASABAR,2014,10,15.3,31.71,17.24
105076,PASABAR,2014,11,2.7,31.99,17.83
105076,PASABAR,2014,12,0.7,33.32,19.26
105076,PASABAR,2015,1,1.5,33.32,21.23
105076,PASABAR,2015,2,41.0,33.37,22.73
105076,PASABAR,2015,3,260.2,32.93,22.77
105076,PASABAR,2015,4,4.0,31.64,21.01
105076,PASABAR,2015,5,2.7,31.03,20.5
105076,PASABAR,2015,6,0.1,30.13,18.93
105076,PASABAR,2015,7,0.0,-999.0,17.39
105076,PASABAR,2015,8,0.0,30.63,16.36
105076,PASABAR,2015,9,0.0,32.52,17.63
105076,PASABAR,2015,10,0.0,32.96,18.74
105076,PASABAR,2015,11,11.9,-999.0,19.27
105076,PASABAR,2015,12,2.1,33.71,20.79
105076,PASABAR,2016,1,17.0,-999.0,22.45
105076,PASABAR,2016,2,54.6,33.0,23.54
105076,PASABAR,2016,3,25.5,34.19,23.05
105076,PASABAR,2016,4,43.6,33.6,21.66
105076,PASABAR,2016,5,0.0,34.01,18.74
105076,PASABAR,2016,6,0.0,31.91,17.0
105076,PASABAR,2016,7,0.0,31.42,15.92
105076,PASABAR,2016,8,0.0,31.45,15.6
105076,PASABAR,2016,9,1.9,32.4,16.74
105076,PASABAR,2016,10,0.0,31.47,15.75
105076,PASABAR,2016,11,1.7,32.93,16.18
105076,PASABAR,2016,12,1.4,33.89,19.61
105076,PASABAR,2017,1,63.7,34.55,22.47
105076,PASABAR,2017,2,344.9,32.84,23.07
105076,PASABAR,2017,3,864.1,31.85,22.78
105076,PASABAR,2017,4,126.5,30.73,21.49
105076,PASABAR,2017,5,39.9,28.32,20.04
105076,PASABAR,2017,6,0.0,26.56,17.71
105076,PASABAR,2017,7,0.1,-999.0,15.87
105076,PASABAR,2017,8,0.7,-999.0,14.67
105076,PASABAR,2017,9,0.0,30.75,14.56
105076,PASABAR,2017,10,3.5,31.18,14.96
105076,PASABAR,2017,11,0.0,30.74,13.96
105076,PASABAR,2017,12,1.1,33.37,17.31
105076,PASABAR,2018,1,15.2,33.75,19.21
105076,PASABAR,2018,2,4.3,33.98,20.72
105076,PASABAR,2018,3,8.3,34.71,19.94
105076,PASABAR,2018,4,16.8,34.58,19.34
105076,PASABAR,2018,5,4.6,31.75,17.5
105076,PASABAR,2018,6,0.0,29.16,15.74
105076,PASABAR,2018,7,0.0,28.88,14.75
105076,PASABAR,2018,8,0.0,30.65,15.0
105076,PASABAR,2018,9,0.0,32.01,14.87
105076,PASABAR,2018,10,0.0,31.47,15.75
105076,PASABAR,2018,11,10.6,31.88,17.54
105076,PASABAR,2018,12,2.6,33.04,18.83
105076,PASABAR,2019,1,4.1,-999.0,21.02
105076,PASABAR,2019,2,228.5,32.41,22.64
105076,PASABAR,2019,3,72.8,32.6,21.08
105076,PASABAR,2019,4,56.5,32.9,19.33
105076,PASABAR,2019,5,7.6,31.91,17.81
105076,PASABAR,2019,6,0.0,31.53,15.22
105076,PASABAR,2019,7,2.9,30.41,13.77
105076,PASABAR,2019,8,0.0,30.83,12.41
105076,PASABAR,2019,9,0.0,32.12,14.45
105076,PASABAR,2019,10,0.9,32.71,15.85
105076,PASABAR,2019,11,2.7,32.59,17.52
105076,PASABAR,2019,12,3.2,33.9,19.31
105076,PASABAR,2020,1,9.0,35.62,20.53
105076,PASABAR,2020,2,1.1,36.27,22.0
105076,PASABAR,2020,3,-999.0,-999.0,-999.0
105076,PASABAR,2020,4,32.8,35.18,20.69
105076,PASABAR,2020,5,5.9,33.96,18.81
105076,PASABAR,2020,6,0.0,31.56,15.5
105076,PASABAR,2020,7,0.4,30.62,14.59
105076,PASABAR,2020,8,0.0,31.05,13.19
105076,PASABAR,2020,9,0.0,31.99,14.38
105076,PASABAR,2020,10,0.8,33.28,15.76
105076,PASABAR,2020,11,2.5,32.57,16.26
105076,PASABAR,2020,12,16.5,33.29,19.32
105076,PASABAR,2021,1,5.4,34.0,20.58
105076,PASABAR,2021,2,0.6,35.52,21.54
105076,PASABAR,2021,3,117.1,33.13,21.66
105076,PASABAR,2021,4,88.0,32.04,19.48
105076,PASABAR,2021,5,14.5,30.77,17.95
105076,PASABAR,2021,6,1.2,-999.0,17.2
105076,PASABAR,2021,7,0.5,-999.0,15.59
105076,PASABAR,2021,8,2.1,30.39,14.72
105076,PASABAR,2021,9,3.4,32.01,14.88
105076,PASABAR,2021,10,5.7,32.95,15.9
105076,PASABAR,2021,11,7.0,32.87,16.8
105076,PASABAR,2021,12,20.8,33.51,18.37
105076,PASABAR,2022,1,7.5,34.26,20.35
105076,PASABAR,2022,2,12.1,33.92,21.1
105076,PASABAR,2022,3,13.7,35.56,21.38
105076,PASABAR,2022,4,4.9,34.28,19.1
105076,PASABAR,2022,5,2.2,31.95,16.74
105076,PASABAR,2022,6,2.5,29.83,15.62
105076,PASABAR,2022,7,0.6,29.55,14.98
105076,PASABAR,2022,8,0.0,30.43,14.73
105076,PASABAR,2022,9,0.1,31.34,15.0
105076,PASABAR,2022,10,4.0,31.74,14.75
105076,PASABAR,2022,11,0.2,32.87,16.29
105076,PASABAR,2022,12,2.2,34.15,19.56
105076,PASABAR,2023,1,3.8,35.39,20.31
105076,PASABAR,2023,2,133.1,34.55,23.11
105076,PASABAR,2023,3,599.0,32.69,22.87
105076,PASABAR,2023,4,371.2,31.81,23.03
105076,PASABAR,2023,5,2.7,30.31,21.62
105076,PASABAR,2023,6,1.8,29.42,19.7
105076,PASABAR,2023,7,2.8,-999.0,18.84
105076,PASABAR,2023,8,0.4,-999.0,18.16
105076,PASABAR,2023,9,0.0,32.88,16.77
105076,PASABAR,2023,10,15.7,-999.0,18.47
105076,PASABAR,2023,11,2.3,33.58,17.45
105076,PASABAR,2023,12,3.1,-999.0,19.82
105076,PASABAR,2024,1,4.9,33.86,21.64
105076,PASABAR,2024,2,73.5,34.56,23.15
105076,PASABAR,2024,3,1.2,36.53,21.48
105076,PASABAR,2024,4,1.2,35.59,21.13
105076,PASABAR,2024,5,0.5,33.76,17.72
105076,PASABAR,2024,6,1.0,31.56,16.09
105076,PASABAR,2024,7,0.0,31.25,13.99
105076,PASABAR,2024,8,0.2,31.36,14.99
105076,PASABAR,2024,9,2.0,32.75,15.11
105076,PASABAR,2024,10,0.0,33.68,16.2
105076,PASABAR,2024,11,1.2,32.78,16.6
105076,PASABAR,2024,12,7.9,34.89,19.57
105076,PASABAR,2025,1,9.2,35.38,20.11
105076,PASABAR,2025,2,53.6,34.44,22.84
105076,PASABAR,2025,3,184.6,35.35,22.39
105076,PASABAR,2025,4,14.3,32.95,20.18
105076,PASABAR,2025,5,8.6,32.53,18.1
105076,PASABAR,2025,6,0.6,29.6,18.56
105076,PASABAR,2025,7,0.0,31.49,16.18
105076,PASABAR,2025,8,0.6,31.02,15.78
105076,PASABAR,2025,9,0.2,33.52,15.87
105076,PASABAR,2025,10,4.0,33.76,17.21
105076,PASABAR,2025,11,4.2,34.19,18.24
105076,PASABAR,2025,12,5.4,34.47,17.44
