CODIGO,ESTACION,YEAR,MONTH,PP,TMAX,TMIN
105096,SALALA,1990,1,-999.0,-999.0,-999.0
105096,SALALA,1990,2,-999.0,-999.0,-999.0
105096,SALALA,1990,3,-999.0,-999.0,-999.0
105096,SALALA,1990,4,-999.0,-999.0,-999.0
105096,SALALA,1990,5,-999.0,-999.0,-999.0
105096,SALALA,1990,6,-999.0,-999.0,-999.0
105096,SALALA,1990,7,-999.0,-999.0,-999.0
105096,SALALA,1990,8,-999.0,-999.0,-999.0
105096,SALALA,1990,9,-999.0,-999.0,-999.0
105096,SALALA,1990,10,-999.0,-999.0,-999.0
105096,SALALA,1990,11,-999.0,-999.0,-999.0
105096,SALALA,1990,12,-999.0,-999.0,-999.0
105096,SALALA,1991,1,-999.0,-999.0,-999.0
105096,SALALA,1991,2,-999.0,-999.0,-999.0
105096,SALALA,1991,3,-999.0,-999.0,-999.0
105096,SALALA,1991,4,-999.0,-999.0,-999.0
105096,SALALA,1991,5,-999.0,-999.0,-999.0
105096,SALALA,1991,6,-999.0,-999.0,-999.0
105096,SALALA,1991,7,-999.0,-999.0,-999.0
105096,SALALA,1991,8,-999.0,-999.0,-999.0
105096,SALALA,1991,9,-999.0,-999.0,-999.0
105096,SALALA,1991,10,-999.0,-999.0,-999.0
105096,SALALA,1991,11,-999.0,-999.0,-999.0
105096,SALALA,1991,12,-999.0,-999.0,-999.0
105096,SALALA,1992,1,-999.0,-999.0,-999.0
105096,SALALA,1992,2,-999.0,-999.0,-999.0
105096,SALALA,1992,3,-999.0,-999.0,-999.0
105096,SALALA,1992,4,-999.0,-999.0,-999.0
105096,SALALA,1992,5,-999.0,-999.0,-999.0
105096,SALALA,1992,6,-999.0,-999.0,-999.0
105096,SALALA,1992,7,-999.0,-999.0,-999.0
105096,SALALA,1992,8,-999.0,-999.0,-999.0
105096,SALALA,1992,9,-999.0,-999.0,-999.0
105096,SALALA,1992,10,-999.0,-999.0,-999.0
105096,SALALA,1992,11,-999.0,-999.0,-999.0
105096,SALALA,1992,12,-999.0,-999.0,-999.0
105096,SALALA,1993,1,-999.0,-999.0,-999.0
105096,SALALA,1993,2,-999.0,-999.0,-999.0
105096,SALALA,1993,3,-999.0,-999.0,-999.0
105096,SALALA,1993,4,-999.0,-999.0,-999.0
105096,SALALA,1993,5,-999.0,-999.0,-999.0
105096,SALALA,1993,6,-999.0,-999.0,-999.0
105096,SALALA,1993,7,-999.0,-999.0,-999.0
105096,SALALA,1993,8,-999.0,-999.0,-999.0
105096,SALALA,1993,9,-999.0,-999.0,-999.0
105096,SALALA,1993,10,-999.0,-999.0,-999.0
105096,SALALA,1993,11,-999.0,-999.0,-999.0
105096,SALALA,1993,12,-999.0,-999.0,-999.0
105096,SALALA,1994,1,-999.0,-999.0,-999.0
105096,SALALA,1994,2,-999.0,-999.0,-999.0
105096,SALALA,1994,3,-999.0,-999.0,-999.0
105096,SALALA,1994,4,-999.0,-999.0,-999.0
105096,SALALA,1994,5,-999.0,-999.0,-999.0
105096,SALALA,1994,6,-999.0,-999.0,-999.0
105096,SALALA,1994,7,-999.0,-999.0,-999.0
105096,SALALA,1994,8,-999.0,-999.0,-999.0
105096,SALALA,1994,9,-999.0,-999.0,-999.0
105096,SALALA,1994,10,-999.0,-999.0,-999.0
105096,SALALA,1994,11,-999.0,-999.0,-999.0
105096,SALALA,1994,12,-999.0,-999.0,-999.0
105096,SALALA,1995,1,-999.0,-999.0,-999.0
105096,SALALA,1995,2,-999.0,-999.0,-999.0
105096,SALALA,1995,3,-999.0,-999.0,-999.0
105096,SALALA,1995,4,-999.0,-999.0,-999.0
105096,SALALA,1995,5,-999.0,-999.0,-999.0
105096,SALALA,1995,6,-999.0,-999.0,-999.0
105096,SALALA,1995,7,-999.0,-999.0,-999.0
105096,SALALA,1995,8,-999.0,-999.0,-999.0
105096,SALALA,1995,9,-999.0,-999.0,-999.0
105096,SALALA,1995,10,-999.0,-999.0,-999.0
105096,SALALA,1995,11,-999.0,-999.0,-999.0
105096,SALALA,1995,12,-999.0,-999.0,-999.0
105096,SALALA,1996,1,-999.0,-999.0,-999.0
105096,SALALA,1996,2,-999.0,-999.0,-999.0
105096,SALALA,1996,3,-999.0,-999.0,-999.0
105096,SALALA,1996,4,-999.0,-999.0,-999.0
105096,SALALA,1996,5,-999.0,-999.0,-999.0
105096,SALALA,1996,6,-999.0,-999.0,-999.0
105096,SALALA,1996,7,-999.0,-999.0,-999.0
105096,SALALA,1996,8,-999.0,-999.0,-999.0
105096,SALALA,1996,9,-999.0,-999.0,-999.0
105096,SALALA,1996,10,-999.0,-999.0,-999.0
105096,SALALA,1996,11,-999.0,-999.0,-999.0
105096,SALALA,1996,12,-999.0,-999.0,-999.0
105096,SALALA,1997,1,-999.0,-999.0,-999.0
105096,SALALA,1997,2,-999.0,-999.0,-999.0
105096,SALALA,1997,3,-999.0,-999.0,-999.0
105096,SALALA,1997,4,-999.0,-999.0,-999.0
105096,SALALA,1997,5,-999.0,-999.0,-999.0
105096,SALALA,1997,6,-999.0,-999.0,-999.0
105096,SALALA,1997,7,-999.0,-999.0,-999.0
105096,SALALA,1997,8,-999.0,-999.0,-999.0
105096,SALALA,1997,9,25.1,15.83,-999.0
105096,SALALA,1997,10,55.7,18.46,-999.0
105096,SALALA,1997,11,142.5,17.23,-999.0
105096,SALALA,1997,12,97.5,-999.0,-999.0
105096,SALALA,1998,1,96.0,16.46,-999.0
105096,SALALA,1998,2,133.4,16.82,-999.0
105096,SALALA,1998,3,152.4,16.64,-999.0
105096,SALALA,1998,4,97.6,17.35,-999.0
105096,SALALA,1998,5,102.1,16.73,-999.0
105096,SALALA,1998,6,60.9,14.52,-999.0
105096,SALALA,1998,7,58.0,14.84,-999.0
105096,SALALA,1998,8,23.1,15.36,-999.0
105096,SALALA,1998,9,16.3,16.79,-999.0
105096,SALALA,1998,10,124.0,16.79,-999.0
105096,SALALA,1998,11,55.5,17.17,-999.0
105096,SALALA,1998,12,51.3,17.85,-999.0
105096,SALALA,1999,1,123.5,16.39,-999.0
105096,SALALA,1999,2,-999.0,-999.0,-999.0
105096,SALALA,1999,3,-999.0,-999.0,-999.0
105096,SALALA,1999,4,121.6,14.87,-999.0
105096,SALALA,1999,5,176.6,14.59,-999.0
105096,SALALA,1999,6,66.1,14.63,-999.0
105096,SALALA,1999,7,63.2,13.74,-999.0
105096,SALALA,1999,8,23.9,14.45,-999.0
105096,SALALA,1999,9,47.9,15.39,-999.0
105096,SALALA,1999,10,16.6,15.63,-999.0
105096,SALALA,1999,11,24.0,17.56,-999.0
105096,SALALA,1999,12,199.3,15.3,-999.0
105096,SALALA,2000,1,65.5,16.34,-999.0
105096,SALALA,2000,2,188.4,15.79,-999.0
105096,SALALA,2000,3,189.1,15.14,-999.0
105096,SALALA,2000,4,109.6,15.19,-999.0
105096,SALALA,2000,5,104.3,15.87,-999.0
105096,SALALA,2000,6,65.9,15.27,-999.0
105096,SALALA,2000,7,31.1,14.99,-999.0
105096,SALALA,2000,8,36.2,14.26,-999.0
105096,SALALA,2000,9,97.7,15.96,-999.0
105096,SALALA,2000,10,27.7,15.71,-999.0
105096,SALALA,2000,11,22.4,18.54,-999.0
105096,SALALA,2000,12,96.5,16.42,-999.0
105096,SALALA,2001,1,135.9,14.77,-999.0
105096,SALALA,2001,2,164.4,14.48,-999.0
105096,SALALA,2001,3,110.4,15.62,-999.0
105096,SALALA,2001,4,110.9,14.95,-999.0
105096,SALALA,2001,5,58.6,15.92,-999.0
105096,SALALA,2001,6,121.9,14.18,-999.0
105096,SALALA,2001,7,80.6,15.03,-999.0
105096,SALALA,2001,8,41.7,14.11,-999.0
105096,SALALA,2001,9,30.9,15.71,-999.0
105096,SALALA,2001,10,100.5,17.06,-999.0
105096,SALALA,2001,11,83.3,17.21,-999.0
105096,SALALA,2001,12,124.5,17.08,-999.0
105096,SALALA,2002,1,95.2,17.03,-999.0
105096,SALALA,2002,2,147.6,15.51,-999.0
105096,SALALA,2002,3,74.9,16.3,-999.0
105096,SALALA,2002,4,149.9,16.33,-999.0
105096,SALALA,2002,5,105.6,15.91,-999.0
105096,SALALA,2002,6,22.3,15.43,-999.0
105096,SALALA,2002,7,97.1,14.36,-999.0
105096,SALALA,2002,8,10.8,14.35,-999.0
105096,SALALA,2002,9,12.7,16.45,-999.0
105096,SALALA,2002,10,119.2,15.93,-999.0
105096,SALALA,2002,11,68.0,16.62,-999.0
105096,SALALA,2002,12,110.9,16.68,-999.0
105096,SALALA,2003,1,69.6,17.47,-999.0
105096,SALALA,2003,2,101.2,16.54,-999.0
105096,SALALA,2003,3,131.8,16.25,-999.0
105096,SALALA,2003,4,94.3,16.87,-999.0
105096,SALALA,2003,5,106.4,15.83,-999.0
105096,SALALA,2003,6,50.1,15.75,-999.0
105096,SALALA,2003,7,30.3,14.79,-999.0
105096,SALALA,2003,8,11.4,15.58,-999.0
105096,SALALA,2003,9,20.3,16.09,-999.0
105096,SALALA,2003,10,66.0,16.64,-999.0
105096,SALALA,2003,11,79.3,18.25,-999.0
105096,SALALA,2003,12,88.7,16.65,-999.0
105096,SALALA,2004,1,47.6,18.43,-999.0
105096,SALALA,2004,2,22.2,15.86,-999.0
105096,SALALA,2004,3,106.6,15.31,-999.0
105096,SALALA,2004,4,133.6,16.42,-999.0
105096,SALALA,2004,5,58.7,16.11,-999.0
105096,SALALA,2004,6,66.3,14.06,-999.0
105096,SALALA,2004,7,62.5,14.49,-999.0
105096,SALALA,2004,8,20.8,14.85,-999.0
105096,SALALA,2004,9,-999.0,-999.0,-999.0
105096,SALALA,2004,10,118.7,16.3,-999.0
105096,SALALA,2004,11,104.2,17.49,-999.0
105096,SALALA,2004,12,132.6,17.87,-999.0
105096,SALALA,2005,1,73.4,17.39,-999.0
105096,SALALA,2005,2,141.8,15.84,-999.0
105096,SALALA,2005,3,172.0,16.41,-999.0
105096,SALALA,2005,4,102.8,16.21,-999.0
105096,SALALA,2005,5,40.8,18.14,-999.0
105096,SALALA,2005,6,39.3,18.35,-999.0
105096,SALALA,2005,7,19.6,17.36,-999.0
105096,SALALA,2005,8,6.5,17.12,-999.0
105096,SALALA,2005,9,20.8,18.28,-999.0
105096,SALALA,2005,10,87.7,17.38,-999.0
105096,SALALA,2005,11,71.0,18.65,-999.0
105096,SALALA,2005,12,-999.0,-999.0,-999.0
105096,SALALA,2006,1,-999.0,-999.0,-999.0
105096,SALALA,2006,2,-999.0,-999.0,-999.0
105096,SALALA,2006,3,-999.0,-999.0,-999.0
105096,SALALA,2006,4,110.3,17.06,-999.0
105096,SALALA,2006,5,38.1,17.15,-999.0
105096,SALALA,2006,6,28.1,16.15,-999.0
105096,SALALA,2006,7,19.9,15.19,-999.0
105096,SALALA,2006,8,20.4,15.45,-999.0
105096,SALALA,2006,9,15.9,15.73,-999.0
105096,SALALA,2006,10,56.9,17.04,-999.0
105096,SALALA,2006,11,86.9,16.18,-999.0
105096,SALALA,2006,12,111.9,17.17,-999.0
105096,SALALA,2007,1,129.1,15.8,-999.0
105096,SALALA,2007,2,37.1,16.53,-999.0
105096,SALALA,2007,3,113.5,15.05,-999.0
105096,SALALA,2007,4,91.9,15.4,-999.0
105096,SALALA,2007,5,75.7,15.99,-999.0
105096,SALALA,2007,6,92.2,13.63,-999.0
105096,SALALA,2007,7,13.5,14.85,-999.0
105096,SALALA,2007,8,-999.0,-999.0,-999.0
105096,SALALA,2007,9,24.5,14.28,5.83
105096,SALALA,2007,10,144.9,15.99,6.6
105096,SALALA,2007,11,147.7,15.71,7.18
105096,SALALA,2007,12,99.0,16.59,6.35
105096,SALALA,2008,1,123.7,15.28,7.27
105096,SALALA,2008,2,292.2,14.92,6.81
105096,SALALA,2008,3,175.8,16.21,6.37
105096,SALALA,2008,4,109.2,16.04,7.13
105096,SALALA,2008,5,83.6,16.09,7.05
105096,SALALA,2008,6,47.6,15.73,6.64
105096,SALALA,2008,7,81.5,14.23,5.8
105096,SALALA,2008,8,50.3,16.03,5.89
105096,SALALA,2008,9,27.3,16.25,6.56
105096,SALALA,2008,10,102.7,16.48,6.38
105096,SALALA,2008,11,127.6,18.02,6.34
105096,SALALA,2008,12,35.1,18.94,5.46
105096,SALALA,2009,1,214.6,16.75,6.15
105096,SALALA,2009,2,151.6,15.8,6.53
105096,SALALA,2009,3,120.9,17.1,7.02
105096,SALALA,2009,4,144.3,16.48,6.88
105096,SALALA,2009,5,53.6,16.54,7.0
105096,SALALA,2009,6,37.4,16.37,6.82
105096,SALALA,2009,7,59.4,15.71,6.28
105096,SALALA,2009,8,52.7,15.99,6.22
105096,SALALA,2009,9,59.9,16.13,6.65
105096,SALALA,2009,10,33.8,17.5,6.64
105096,SALALA,2009,11,79.6,18.35,6.53
105096,SALALA,2009,12,100.7,17.5,6.78
105096,SALALA,2010,1,78.5,16.37,7.08
105096,SALALA,2010,2,151.2,16.98,7.12
105096,SALALA,2010,3,60.1,18.0,7.16
105096,SALALA,2010,4,-999.0,-999.0,-999.0
105096,SALALA,2010,5,67.2,17.77,7.34
105096,SALALA,2010,6,68.3,16.17,6.74
105096,SALALA,2010,7,24.9,17.78,7.79
105096,SALALA,2010,8,33.3,16.69,6.73
105096,SALALA,2010,9,46.1,16.59,7.17
105096,SALALA,2010,10,33.5,18.72,6.62
105096,SALALA,2010,11,109.1,18.75,6.09
105096,SALALA,2010,12,103.5,17.05,6.74
105096,SALALA,2011,1,75.1,16.8,7.2
105096,SALALA,2011,2,149.7,16.54,6.6
105096,SALALA,2011,3,90.0,17.35,6.43
105096,SALALA,2011,4,159.2,17.16,7.82
105096,SALALA,2011,5,98.8,17.09,7.07
105096,SALALA,2011,6,59.4,16.01,7.04
105096,SALALA,2011,7,125.5,14.41,6.89
105096,SALALA,2011,8,39.8,15.63,6.7
105096,SALALA,2011,9,82.7,14.94,6.72
105096,SALALA,2011,10,111.5,18.08,6.54
105096,SALALA,2011,11,146.0,18.03,6.96
105096,SALALA,2011,12,184.7,17.15,7.72
105096,SALALA,2012,1,243.1,16.57,7.62
105096,SALALA,2012,2,248.3,16.25,7.12
105096,SALALA,2012,3,112.4,16.39,7.62
105096,SALALA,2012,4,122.2,18.32,6.7
105096,SALALA,2012,5,78.5,15.33,7.48
105096,SALALA,2012,6,75.3,14.77,7.31
105096,SALALA,2012,7,39.0,14.68,6.39
105096,SALALA,2012,8,43.9,15.95,5.81
105096,SALALA,2012,9,27.4,15.39,6.62
105096,SALALA,2012,10,162.7,17.21,7.03
105096,SALALA,2012,11,117.8,18.91,7.33
105096,SALALA,2012,12,79.5,18.54,6.94
105096,SALALA,2013,1,148.4,16.38,7.79
105096,SALALA,2013,2,67.5,17.71,7.2
105096,SALALA,2013,3,135.1,17.94,8.21
105096,SALALA,2013,4,55.3,18.51,7.64
105096,SALALA,2013,5,150.9,18.5,7.82
105096,SALALA,2013,6,55.9,16.09,7.06
105096,SALALA,2013,7,84.4,15.63,6.16
105096,SALALA,2013,8,27.5,16.39,6.27
105096,SALALA,2013,9,45.9,17.38,6.15
105096,SALALA,2013,10,153.2,17.73,7.23
105096,SALALA,2013,11,20.3,20.15,6.13
105096,SALALA,2013,12,66.6,18.46,6.92
105096,SALALA,2014,1,75.7,18.75,7.45
105096,SALALA,2014,2,79.7,19.09,7.38
105096,SALALA,2014,3,220.0,17.74,7.36
105096,SALALA,2014,4,68.1,18.41,7.82
105096,SALALA,2014,5,147.8,18.73,7.9
105096,SALALA,2014,6,129.8,15.79,7.83
105096,SALALA,2014,7,47.1,16.74,6.96
105096,SALALA,2014,8,89.8,15.86,6.28
105096,SALALA,2014,9,25.0,17.13,7.17
105096,SALALA,2014,10,108.8,17.41,7.28
105096,SALALA,2014,11,73.9,18.88,7.01
105096,SALALA,2014,12,87.3,18.06,7.23
105096,SALALA,2015,1,232.8,17.87,7.3
105096,SALALA,2015,2,89.7,18.75,7.25
105096,SALALA,2015,3,297.0,18.02,7.87
105096,SALALA,2015,4,120.8,17.29,7.57
105096,SALALA,2015,5,97.8,16.8,7.84
105096,SALALA,2015,6,106.8,14.85,7.44
105096,SALALA,2015,7,78.9,16.19,7.02
105096,SALALA,2015,8,30.4,16.45,6.87
105096,SALALA,2015,9,16.8,15.63,7.57
105096,SALALA,2015,10,86.7,17.18,8.01
105096,SALALA,2015,11,76.0,18.51,8.27
105096,SALALA,2015,12,70.5,16.84,8.46
105096,SALALA,2016,1,120.7,18.54,8.57
105096,SALALA,2016,2,159.8,16.19,9.55
105096,SALALA,2016,3,189.1,16.72,9.29
105096,SALALA,2016,4,143.6,17.37,8.67
105096,SALALA,2016,5,69.9,16.71,8.4
105096,SALALA,2016,6,87.2,15.01,7.4
105096,SALALA,2016,7,60.4,14.55,7.03
105096,SALALA,2016,8,28.5,15.3,7.06
105096,SALALA,2016,9,72.4,15.68,7.45
105096,SALALA,2016,10,51.5,17.9,7.08
105096,SALALA,2016,11,47.7,19.77,6.22
105096,SALALA,2016,12,102.7,17.32,7.57
105096,SALALA,2017,1,91.7,17.61,7.45
105096,SALALA,2017,2,109.0,17.99,6.82
105096,SALALA,2017,3,295.8,18.03,7.95
105096,SALALA,2017,4,149.5,17.98,8.19
105096,SALALA,2017,5,86.0,18.65,8.12
105096,SALALA,2017,6,36.5,18.85,7.31
105096,SALALA,2017,7,48.0,16.75,6.33
105096,SALALA,2017,8,37.8,17.75,6.84
105096,SALALA,2017,9,24.5,17.7,7.72
105096,SALALA,2017,10,91.9,19.15,7.63
105096,SALALA,2017,11,54.9,20.14,6.66
105096,SALALA,2017,12,82.9,17.99,7.16
105096,SALALA,2018,1,185.2,17.59,7.33
105096,SALALA,2018,2,80.7,17.99,7.5
105096,SALALA,2018,3,78.2,17.27,8.15
105096,SALALA,2018,4,102.1,17.69,7.45
105096,SALALA,2018,5,126.7,17.65,8.12
105096,SALALA,2018,6,67.4,17.03,6.85
105096,SALALA,2018,7,30.0,16.57,-999.0
105096,SALALA,2018,8,47.0,15.94,-999.0
105096,SALALA,2018,9,11.9,17.78,-999.0
105096,SALALA,2018,10,85.4,18.02,-999.0
105096,SALALA,2018,11,186.9,18.49,-999.0
105096,SALALA,2018,12,91.5,17.56,-999.0
105096,SALALA,2019,1,152.3,16.73,-999.0
105096,SALALA,2019,2,147.0,16.8,-999.0
105096,SALALA,2019,3,70.6,17.23,-999.0
105096,SALALA,2019,4,95.5,18.41,-999.0
105096,SALALA,2019,5,92.1,18.0,-999.0
105096,SALALA,2019,6,48.4,15.9,-999.0
105096,SALALA,2019,7,127.7,15.47,-999.0
105096,SALALA,2019,8,53.0,15.12,-999.0
105096,SALALA,2019,9,13.4,16.66,-999.0
105096,SALALA,2019,10,112.7,16.95,-999.0
105096,SALALA,2019,11,101.6,17.87,-999.0
105096,SALALA,2019,12,169.2,17.46,-999.0
105096,SALALA,2020,1,82.7,17.5,-999.0
105096,SALALA,2020,2,85.3,17.37,-999.0
105096,SALALA,2020,3,64.9,17.79,-999.0
105096,SALALA,2020,4,141.7,17.49,-999.0
105096,SALALA,2020,5,102.0,17.68,-999.0
105096,SALALA,2020,6,54.6,17.03,-999.0
105096,SALALA,2020,7,58.4,16.31,-999.0
105096,SALALA,2020,8,10.7,17.27,-999.0
105096,SALALA,2020,9,46.7,15.91,-999.0
105096,SALALA,2020,10,47.1,17.07,-999.0
105096,SALALA,2020,11,70.7,18.69,6.74
105096,SALALA,2020,12,152.3,17.04,8.1
105096,SALALA,2021,1,156.2,16.28,7.98
105096,SALALA,2021,2,42.3,17.51,7.62
105096,SALALA,2021,3,189.3,16.59,7.2
105096,SALALA,2021,4,79.5,16.99,8.02
105096,SALALA,2021,5,109.8,16.85,7.6
105096,SALALA,2021,6,61.9,16.25,6.93
105096,SALALA,2021,7,99.1,15.26,6.28
105096,SALALA,2021,8,33.3,15.8,6.75
105096,SALALA,2021,9,30.8,15.81,7.51
105096,SALALA,2021,10,136.9,17.17,7.97
105096,SALALA,2021,11,109.6,17.0,7.39
105096,SALALA,2021,12,148.1,16.5,7.68
105096,SALALA,2022,1,63.3,17.2,6.55
105096,SALALA,2022,2,140.3,16.35,7.24
105096,SALALA,2022,3,278.1,16.22,6.99
105096,SALALA,2022,4,125.3,16.61,7.64
105096,SALALA,2022,5,59.2,16.83,7.42
105096,SALALA,2022,6,91.1,16.67,5.96
105096,SALALA,2022,7,116.1,14.95,6.26
105096,SALALA,2022,8,84.4,16.19,6.07
105096,SALALA,2022,9,29.1,17.15,6.54
105096,SALALA,2022,10,135.0,17.3,6.78
105096,SALALA,2022,11,31.7,17.89,6.06
105096,SALALA,2022,12,75.3,17.05,5.96
105096,SALALA,2023,1,102.1,17.39,6.19
105096,SALALA,2023,2,125.1,16.08,6.71
105096,SALALA,2023,3,176.9,16.95,6.67
105096,SALALA,2023,4,129.9,16.72,7.4
105096,SALALA,2023,5,51.8,17.05,7.58
105096,SALALA,2023,6,19.7,16.21,7.23
105096,SALALA,2023,7,36.7,16.46,6.36
105096,SALALA,2023,8,27.8,16.79,6.2
105096,SALALA,2023,9,20.0,17.53,6.39
105096,SALALA,2023,10,49.0,17.57,7.46
105096,SALALA,2023,11,39.0,17.99,7.21
105096,SALALA,2023,12,181.6,17.53,7.71
105096,SALALA,2024,1,85.5,16.92,7.44
105096,SALALA,2024,2,139.0,17.46,7.34
105096,SALALA,2024,3,84.6,17.81,7.1
105096,SALALA,2024,4,62.0,17.77,7.18
105096,SALALA,2024,5,38.2,17.91,7.66
105096,SALALA,2024,6,57.1,17.42,7.11
105096,SALALA,2024,7,23.9,15.55,6.58
105096,SALALA,2024,8,20.0,16.92,6.75
105096,SALALA,2024,9,31.9,17.49,7.14
105096,SALALA,2024,10,14.0,18.23,7.0
105096,SALALA,2024,11,22.4,19.37,5.75
105096,SALALA,2024,12,175.0,17.09,6.93
105096,SALALA,2025,1,204.9,16.56,7.1
105096,SALALA,2025,2,253.4,16.92,7.1
105096,SALALA,2025,3,175.3,17.44,7.26
105096,SALALA,2025,4,162.4,16.95,8.07
105096,SALALA,2025,5,175.4,17.44,7.26
105096,SALALA,2025,6,95.1,16.24,6.77
105096,SALALA,2025,7,37.2,14.75,5.97
105096,SALALA,2025,8,78.4,15.68,6.24
105096,SALALA,2025,9,32.6,15.04,7.04
105096,SALALA,2025,10,62.3,17.07,7.23
105096,SALALA,2025,11,147.7,17.58,7.45
105096,SALALA,2025,12,79.3,18.57,6.06
