CODIGO,ESTACION,YEAR,MONTH,PP,TMAX,TMIN
105064,HUARMACA,1990,1,36.2,18.52,12.21
105064,HUARMACA,1990,2,145.2,15.81,11.78
105064,HUARMACA,1990,3,107.1,18.88,12.64
105064,HUARMACA,1990,4,158.4,16.96,12.78
105064,HUARMACA,1990,5,20.8,18.82,12.87
105064,HUARMACA,1990,6,8.1,19.44,13.35
105064,HUARMACA,1990,7,4.3,20.99,12.24
105064,HUARMACA,1990,8,3.5,21.41,12.55
105064,HUARMACA,1990,9,0.2,20.94,12.35
105064,HUARMACA,1990,10,87.5,17.5,11.69
105064,HUARMACA,1990,11,90.2,18.49,11.84
105064,HUARMACA,1990,12,50.6,18.35,11.43
105064,HUARMACA,1991,1,25.4,18.48,11.88
105064,HUARMACA,1991,2,125.8,17.33,12.39
105064,HUARMACA,1991,3,277.1,16.49,12.71
105064,HUARMACA,1991,4,66.9,19.04,12.6
105064,HUARMACA,1991,5,30.2,19.13,12.72
105064,HUARMACA,1991,6,13.3,20.41,13.06
105064,HUARMACA,1991,7,0.0,21.38,12.59
105064,HUARMACA,1991,8,0.0,20.71,12.9
105064,HUARMACA,1991,9,0.0,19.77,12.37
105064,HUARMACA,1991,10,20.2,19.5,12.41
105064,HUARMACA,1991,11,10.6,18.56,11.47
105064,HUARMACA,1991,12,96.0,16.54,12.04
105064,HUARMACA,1992,1,113.6,18.02,12.42
105064,HUARMACA,1992,2,147.8,18.49,12.39
105064,HUARMACA,1992,3,250.2,20.32,13.4
105064,HUARMACA,1992,4,311.4,20.36,13.65
105064,HUARMACA,1992,5,160.5,18.87,12.62
105064,HUARMACA,1992,6,16.2,22.16,12.57
105064,HUARMACA,1992,7,0.7,22.49,11.76
105064,HUARMACA,1992,8,5.7,22.64,11.73
105064,HUARMACA,1992,9,4.5,20.7,11.36
105064,HUARMACA,1992,10,-999.0,20.68,11.17
105064,HUARMACA,1992,11,41.9,19.21,10.63
105064,HUARMACA,1992,12,66.1,18.38,10.55
105064,HUARMACA,1993,1,83.3,18.12,11.32
105064,HUARMACA,1993,2,316.5,16.32,11.76
105064,HUARMACA,1993,3,449.6,19.0,11.99
105064,HUARMACA,1993,4,234.8,20.3,13.16
105064,HUARMACA,1993,5,56.6,20.04,12.25
105064,HUARMACA,1993,6,-999.0,-999.0,-999.0
105064,HUARMACA,1993,7,-999.0,-999.0,-999.0
105064,HUARMACA,1993,8,-999.0,-999.0,-999.0
105064,HUARMACA,1993,9,-999.0,-999.0,-999.0
105064,HUARMACA,1993,10,-999.0,-999.0,-999.0
105064,HUARMACA,1993,11,-999.0,-999.0,-999.0
105064,HUARMACA,1993,12,-999.0,-999.0,-999.0
105064,HUARMACA,1994,1,-999.0,-999.0,-999.0
105064,HUARMACA,1994,2,-999.0,-999.0,-999.0
105064,HUARMACA,1994,3,-999.0,-999.0,-999.0
105064,HUARMACA,1994,4,-999.0,-999.0,-999.0
105064,HUARMACA,1994,5,36.0,20.61,12.0
105064,HUARMACA,1994,6,7.8,22.11,12.52
105064,HUARMACA,1994,7,0.0,21.85,12.28
105064,HUARMACA,1994,8,2.1,21.93,11.56
105064,HUARMACA,1994,9,17.2,22.43,12.44
105064,HUARMACA,1994,10,6.0,20.35,11.37
105064,HUARMACA,1994,11,9.9,20.16,11.41
105064,HUARMACA,1994,12,110.3,19.15,11.69
105064,HUARMACA,1995,1,131.4,19.29,12.35
105064,HUARMACA,1995,2,248.8,17.87,12.06
105064,HUARMACA,1995,3,211.8,18.9,12.05
105064,HUARMACA,1995,4,90.3,20.45,12.02
105064,HUARMACA,1995,5,25.6,20.65,12.07
105064,HUARMACA,1995,6,0.9,22.24,11.97
105064,HUARMACA,1995,7,10.1,21.62,12.02
105064,HUARMACA,1995,8,2.7,23.21,11.97
105064,HUARMACA,1995,9,4.9,21.96,12.47
105064,HUARMACA,1995,10,7.8,19.88,11.16
105064,HUARMACA,1995,11,15.7,18.85,11.85
105064,HUARMACA,1995,12,105.2,18.08,11.12
105064,HUARMACA,1996,1,63.2,16.93,11.23
105064,HUARMACA,1996,2,100.5,17.59,12.21
105064,HUARMACA,1996,3,171.8,17.65,13.01
105064,HUARMACA,1996,4,81.9,18.3,11.93
105064,HUARMACA,1996,5,15.4,20.58,11.98
105064,HUARMACA,1996,6,3.5,20.19,11.63
105064,HUARMACA,1996,7,1.9,22.69,12.58
105064,HUARMACA,1996,8,1.5,21.89,12.39
105064,HUARMACA,1996,9,0.3,21.78,11.97
105064,HUARMACA,1996,10,21.4,19.62,11.48
105064,HUARMACA,1996,11,2.5,20.05,10.16
105064,HUARMACA,1996,12,29.8,19.69,10.56
105064,HUARMACA,1997,1,58.4,16.83,10.35
105064,HUARMACA,1997,2,99.2,18.75,12.3
105064,HUARMACA,1997,3,172.7,20.07,12.11
105064,HUARMACA,1997,4,135.4,19.7,12.88
105064,HUARMACA,1997,5,7.0,22.65,13.2
105064,HUARMACA,1997,6,9.0,20.98,11.51
105064,HUARMACA,1997,7,5.4,22.56,13.46
105064,HUARMACA,1997,8,0.9,22.7,13.91
105064,HUARMACA,1997,9,37.9,19.9,13.35
105064,HUARMACA,1997,10,18.8,20.9,12.71
105064,HUARMACA,1997,11,88.6,19.13,11.72
105064,HUARMACA,1997,12,378.4,20.4,13.13
105064,HUARMACA,1998,1,169.7,22.02,13.89
105064,HUARMACA,1998,2,400.9,22.17,14.4
105064,HUARMACA,1998,3,422.6,21.95,14.69
105064,HUARMACA,1998,4,426.2,19.72,13.72
105064,HUARMACA,1998,5,86.1,21.75,13.45
105064,HUARMACA,1998,6,4.7,23.59,12.9
105064,HUARMACA,1998,7,1.2,23.27,12.75
105064,HUARMACA,1998,8,4.9,22.09,12.28
105064,HUARMACA,1998,9,12.0,20.76,11.49
105064,HUARMACA,1998,10,41.5,20.02,11.82
105064,HUARMACA,1998,11,30.0,19.32,11.24
105064,HUARMACA,1998,12,72.8,19.16,10.75
105064,HUARMACA,1999,1,144.7,17.86,11.49
105064,HUARMACA,1999,2,552.5,16.58,12.52
105064,HUARMACA,1999,3,274.1,19.74,13.97
105064,HUARMACA,1999,4,160.2,19.35,13.45
105064,HUARMACA,1999,5,108.8,19.78,13.08
105064,HUARMACA,1999,6,21.4,19.73,12.31
105064,HUARMACA,1999,7,5.0,21.24,11.67
105064,HUARMACA,1999,8,1.6,22.02,12.44
105064,HUARMACA,1999,9,8.3,18.35,11.6
105064,HUARMACA,1999,10,20.5,19.59,11.11
105064,HUARMACA,1999,11,-999.0,18.05,10.96
105064,HUARMACA,1999,12,-999.0,16.72,11.61
105064,HUARMACA,2000,1,112.6,17.02,10.93
105064,HUARMACA,2000,2,318.7,17.33,12.21
105064,HUARMACA,2000,3,517.5,17.8,12.2
105064,HUARMACA,2000,4,243.1,18.17,12.67
105064,HUARMACA,2000,5,118.3,18.85,12.29
105064,HUARMACA,2000,6,27.5,20.64,12.25
105064,HUARMACA,2000,7,0.0,22.35,11.34
105064,HUARMACA,2000,8,4.0,22.77,11.55
105064,HUARMACA,2000,9,44.8,19.55,11.37
105064,HUARMACA,2000,10,0.3,21.79,10.69
105064,HUARMACA,2000,11,1.3,20.44,9.37
105064,HUARMACA,2000,12,81.3,19.36,12.06
105064,HUARMACA,2001,1,224.7,17.21,11.9
105064,HUARMACA,2001,2,292.6,18.84,12.28
105064,HUARMACA,2001,3,-999.0,19.38,12.6
105064,HUARMACA,2001,4,125.1,20.48,12.85
105064,HUARMACA,2001,5,27.6,21.04,12.67
105064,HUARMACA,2001,6,5.2,21.63,11.82
105064,HUARMACA,2001,7,1.7,22.24,12.06
105064,HUARMACA,2001,8,5.0,22.78,13.03
105064,HUARMACA,2001,9,13.9,21.16,11.35
105064,HUARMACA,2001,10,10.0,22.19,-999.0
105064,HUARMACA,2001,11,64.5,18.68,11.54
105064,HUARMACA,2001,12,54.1,19.14,12.22
105064,HUARMACA,2002,1,23.2,19.02,-999.0
105064,HUARMACA,2002,2,333.0,18.4,13.03
105064,HUARMACA,2002,3,368.3,19.66,13.46
105064,HUARMACA,2002,4,271.0,18.59,12.83
105064,HUARMACA,2002,5,31.0,21.11,12.49
105064,HUARMACA,2002,6,8.7,21.31,12.45
105064,HUARMACA,2002,7,4.7,21.49,12.69
105064,HUARMACA,2002,8,0.8,22.98,13.06
105064,HUARMACA,2002,9,0.0,21.68,12.03
105064,HUARMACA,2002,10,77.2,20.56,12.22
105064,HUARMACA,2002,11,28.5,20.35,12.36
105064,HUARMACA,2002,12,97.9,20.0,12.74
105064,HUARMACA,2003,1,136.0,19.35,12.88
105064,HUARMACA,2003,2,196.6,18.42,13.18
105064,HUARMACA,2003,3,128.1,18.3,12.23
105064,HUARMACA,2003,4,77.9,20.4,13.3
105064,HUARMACA,2003,5,24.1,20.32,13.03
105064,HUARMACA,2003,6,31.6,19.47,12.11
105064,HUARMACA,2003,7,1.2,21.36,12.45
105064,HUARMACA,2003,8,0.5,21.58,12.53
105064,HUARMACA,2003,9,2.6,20.79,12.38
105064,HUARMACA,2003,10,3.3,18.84,11.64
105064,HUARMACA,2003,11,20.8,18.7,11.81
105064,HUARMACA,2003,12,57.6,18.08,11.33
105064,HUARMACA,2004,1,85.5,17.16,11.18
105064,HUARMACA,2004,2,75.1,17.46,12.67
105064,HUARMACA,2004,3,112.2,19.09,13.0
105064,HUARMACA,2004,4,121.2,18.33,12.79
105064,HUARMACA,2004,5,19.4,19.81,12.72
105064,HUARMACA,2004,6,4.9,22.61,12.83
105064,HUARMACA,2004,7,3.3,20.56,12.21
105064,HUARMACA,2004,8,0.0,21.55,12.45
105064,HUARMACA,2004,9,7.5,20.45,11.89
105064,HUARMACA,2004,10,59.2,18.1,11.71
105064,HUARMACA,2004,11,14.9,18.54,-999.0
105064,HUARMACA,2004,12,81.2,16.99,11.96
105064,HUARMACA,2005,1,39.2,17.01,11.29
105064,HUARMACA,2005,2,232.5,16.0,12.74
105064,HUARMACA,2005,3,450.1,16.85,13.56
105064,HUARMACA,2005,4,68.4,19.26,13.86
105064,HUARMACA,2005,5,12.1,19.46,12.52
105064,HUARMACA,2005,6,1.4,20.24,13.01
105064,HUARMACA,2005,7,0.0,20.55,12.93
105064,HUARMACA,2005,8,0.0,21.05,13.31
105064,HUARMACA,2005,9,6.6,20.14,13.19
105064,HUARMACA,2005,10,24.6,18.05,12.07
105064,HUARMACA,2005,11,12.7,19.23,11.69
105064,HUARMACA,2005,12,98.2,16.73,11.47
105064,HUARMACA,2006,1,69.5,16.61,12.14
105064,HUARMACA,2006,2,392.6,15.96,13.48
105064,HUARMACA,2006,3,571.1,17.39,13.07
105064,HUARMACA,2006,4,126.4,17.58,12.8
105064,HUARMACA,2006,5,13.7,20.06,12.79
105064,HUARMACA,2006,6,20.4,19.67,13.23
105064,HUARMACA,2006,7,6.5,20.57,13.45
105064,HUARMACA,2006,8,0.0,21.11,14.24
105064,HUARMACA,2006,9,10.1,20.24,12.89
105064,HUARMACA,2006,10,6.4,19.97,11.85
105064,HUARMACA,2006,11,76.0,18.4,12.22
105064,HUARMACA,2006,12,64.5,18.22,12.58
105064,HUARMACA,2007,1,102.2,18.29,13.13
105064,HUARMACA,2007,2,105.9,18.27,12.24
105064,HUARMACA,2007,3,237.9,17.31,12.75
105064,HUARMACA,2007,4,121.7,18.39,13.2
105064,HUARMACA,2007,5,33.8,18.83,12.5
105064,HUARMACA,2007,6,8.9,20.23,12.6
105064,HUARMACA,2007,7,4.3,20.06,12.38
105064,HUARMACA,2007,8,1.8,20.04,12.58
105064,HUARMACA,2007,9,5.0,21.64,13.07
105064,HUARMACA,2007,10,55.1,18.85,12.01
105064,HUARMACA,2007,11,75.6,18.4,12.29
105064,HUARMACA,2007,12,13.0,17.55,11.14
105064,HUARMACA,2008,1,314.2,15.65,11.63
105064,HUARMACA,2008,2,607.2,16.51,11.62
105064,HUARMACA,2008,3,524.7,17.3,11.88
105064,HUARMACA,2008,4,408.7,18.19,12.25
105064,HUARMACA,2008,5,38.3,19.02,11.74
105064,HUARMACA,2008,6,12.5,20.64,11.78
105064,HUARMACA,2008,7,3.1,20.51,11.9
105064,HUARMACA,2008,8,12.6,20.51,11.79
105064,HUARMACA,2008,9,3.1,20.82,12.17
105064,HUARMACA,2008,10,59.7,18.8,11.56
105064,HUARMACA,2008,11,60.4,18.54,11.87
105064,HUARMACA,2008,12,30.4,18.17,10.44
105064,HUARMACA,2009,1,339.9,16.24,12.02
105064,HUARMACA,2009,2,307.4,17.83,12.51
105064,HUARMACA,2009,3,409.1,17.48,12.55
105064,HUARMACA,2009,4,128.5,18.89,12.23
105064,HUARMACA,2009,5,91.6,20.36,12.59
105064,HUARMACA,2009,6,7.1,21.68,12.53
105064,HUARMACA,2009,7,1.4,21.9,12.81
105064,HUARMACA,2009,8,6.2,22.45,12.82
105064,HUARMACA,2009,9,1.7,23.04,12.93
105064,HUARMACA,2009,10,5.1,21.69,12.84
105064,HUARMACA,2009,11,18.4,20.38,11.99
105064,HUARMACA,2009,12,101.5,19.21,12.43
105064,HUARMACA,2010,1,110.3,19.82,12.74
105064,HUARMACA,2010,2,333.4,19.22,13.67
105064,HUARMACA,2010,3,237.3,19.72,14.04
105064,HUARMACA,2010,4,187.5,20.09,14.11
105064,HUARMACA,2010,5,39.3,20.67,13.91
105064,HUARMACA,2010,6,9.0,20.27,12.66
105064,HUARMACA,2010,7,3.7,19.82,11.96
105064,HUARMACA,2010,8,1.1,21.64,12.99
105064,HUARMACA,2010,9,4.2,19.75,11.78
105064,HUARMACA,2010,10,16.8,19.54,10.87
105064,HUARMACA,2010,11,21.1,18.94,10.43
105064,HUARMACA,2010,12,72.3,16.45,10.45
105064,HUARMACA,2011,1,117.6,15.88,11.2
105064,HUARMACA,2011,2,227.9,15.94,11.21
105064,HUARMACA,2011,3,65.1,18.03,11.2
105064,HUARMACA,2011,4,310.2,17.42,13.21
105064,HUARMACA,2011,5,55.8,20.42,12.61
105064,HUARMACA,2011,6,9.0,19.96,12.5
105064,HUARMACA,2011,7,18.9,20.24,12.23
105064,HUARMACA,2011,8,0.7,21.82,12.98
105064,HUARMACA,2011,9,16.8,21.49,12.88
105064,HUARMACA,2011,10,47.2,18.92,11.13
105064,HUARMACA,2011,11,59.4,18.78,11.74
105064,HUARMACA,2011,12,110.4,17.35,12.1
105064,HUARMACA,2012,1,276.8,15.49,12.34
105064,HUARMACA,2012,2,625.4,16.18,11.87
105064,HUARMACA,2012,3,254.7,19.43,12.94
105064,HUARMACA,2012,4,273.7,18.68,12.95
105064,HUARMACA,2012,5,22.0,20.15,12.75
105064,HUARMACA,2012,6,3.9,21.33,12.72
105064,HUARMACA,2012,7,0.2,22.45,13.66
105064,HUARMACA,2012,8,3.0,21.38,13.05
105064,HUARMACA,2012,9,1.2,22.67,12.32
105064,HUARMACA,2012,10,82.7,20.23,12.76
105064,HUARMACA,2012,11,98.7,19.57,-999.0
105064,HUARMACA,2012,12,23.2,20.02,11.82
105064,HUARMACA,2013,1,65.9,18.68,12.42
105064,HUARMACA,2013,2,74.7,18.34,12.05
105064,HUARMACA,2013,3,183.4,19.16,12.97
105064,HUARMACA,2013,4,42.0,20.48,12.76
105064,HUARMACA,2013,5,117.0,19.36,12.69
105064,HUARMACA,2013,6,0.0,20.9,12.79
105064,HUARMACA,2013,7,5.0,21.1,12.07
105064,HUARMACA,2013,8,8.4,21.23,12.4
105064,HUARMACA,2013,9,6.1,22.49,12.1
105064,HUARMACA,2013,10,75.8,20.95,12.54
105064,HUARMACA,2013,11,0.5,21.76,11.67
105064,HUARMACA,2013,12,38.4,20.52,11.47
105064,HUARMACA,2014,1,63.0,19.45,12.56
105064,HUARMACA,2014,2,84.9,18.17,12.35
105064,HUARMACA,2014,3,216.6,18.81,12.41
105064,HUARMACA,2014,4,17.8,20.94,13.19
105064,HUARMACA,2014,5,68.3,20.11,13.2
105064,HUARMACA,2014,6,-999.0,-999.0,-999.0
105064,HUARMACA,2014,7,0.3,22.55,-999.0
105064,HUARMACA,2014,8,1.5,22.08,-999.0
105064,HUARMACA,2014,9,0.5,22.06,12.4
105064,HUARMACA,2014,10,41.0,21.68,12.5
105064,HUARMACA,2014,11,54.8,20.6,12.26
105064,HUARMACA,2014,12,59.7,20.27,12.34
105064,HUARMACA,2015,1,196.8,19.3,12.81
105064,HUARMACA,2015,2,117.0,18.08,12.18
105064,HUARMACA,2015,3,531.2,17.81,12.75
105064,HUARMACA,2015,4,86.6,19.72,13.07
105064,HUARMACA,2015,5,39.1,20.46,12.95
105064,HUARMACA,2015,6,7.2,21.1,13.69
105064,HUARMACA,2015,7,4.7,21.28,13.0
105064,HUARMACA,2015,8,0.0,22.47,13.55
105064,HUARMACA,2015,9,1.3,22.99,13.61
105064,HUARMACA,2015,10,18.4,21.56,-999.0
105064,HUARMACA,2015,11,113.3,21.06,12.8
105064,HUARMACA,2015,12,9.4,22.46,13.51
105064,HUARMACA,2016,1,234.9,18.78,13.22
105064,HUARMACA,2016,2,178.4,20.37,13.94
105064,HUARMACA,2016,3,206.5,19.99,13.73
105064,HUARMACA,2016,4,159.2,20.4,13.78
105064,HUARMACA,2016,5,24.3,21.03,13.3
105064,HUARMACA,2016,6,40.8,20.37,12.67
105064,HUARMACA,2016,7,2.6,20.88,12.4
105064,HUARMACA,2016,8,4.7,21.97,12.85
105064,HUARMACA,2016,9,26.7,22.01,14.05
105064,HUARMACA,2016,10,8.6,20.79,13.19
105064,HUARMACA,2016,11,11.9,21.4,12.34
105064,HUARMACA,2016,12,68.3,18.62,12.54
105064,HUARMACA,2017,1,218.6,16.94,12.32
105064,HUARMACA,2017,2,408.6,18.82,12.78
105064,HUARMACA,2017,3,731.6,18.38,13.34
105064,HUARMACA,2017,4,194.2,19.85,13.54
105064,HUARMACA,2017,5,147.2,21.15,13.37
105064,HUARMACA,2017,6,11.7,20.57,12.57
105064,HUARMACA,2017,7,1.0,20.99,12.34
105064,HUARMACA,2017,8,17.0,21.53,12.9
105064,HUARMACA,2017,9,14.9,21.47,13.55
105064,HUARMACA,2017,10,38.0,20.13,13.04
105064,HUARMACA,2017,11,6.5,20.93,12.14
105064,HUARMACA,2017,12,40.2,19.3,12.37
105064,HUARMACA,2018,1,150.6,18.36,12.38
105064,HUARMACA,2018,2,124.6,16.87,11.87
105064,HUARMACA,2018,3,67.0,18.04,12.44
105064,HUARMACA,2018,4,205.8,18.87,12.51
105064,HUARMACA,2018,5,87.6,19.04,13.24
105064,HUARMACA,2018,6,4.8,20.81,12.68
105064,HUARMACA,2018,7,0.0,21.0,13.04
105064,HUARMACA,2018,8,0.0,21.74,13.24
105064,HUARMACA,2018,9,0.5,21.98,12.8
105064,HUARMACA,2018,10,12.4,21.27,12.46
105064,HUARMACA,2018,11,67.8,19.79,-999.0
105064,HUARMACA,2018,12,14.3,20.71,12.19
105064,HUARMACA,2019,1,129.2,18.93,12.84
105064,HUARMACA,2019,2,339.5,18.6,13.2
105064,HUARMACA,2019,3,315.2,19.18,13.17
105064,HUARMACA,2019,4,147.8,19.04,13.23
105064,HUARMACA,2019,5,41.7,19.41,12.82
105064,HUARMACA,2019,6,5.1,20.91,13.31
105064,HUARMACA,2019,7,7.2,21.13,13.14
105064,HUARMACA,2019,8,4.8,21.4,13.48
105064,HUARMACA,2019,9,3.8,21.97,13.42
105064,HUARMACA,2019,10,33.1,19.87,12.6
105064,HUARMACA,2019,11,53.1,20.44,12.99
105064,HUARMACA,2019,12,119.3,18.78,13.19
105064,HUARMACA,2020,1,121.9,19.07,12.83
105064,HUARMACA,2020,2,150.0,19.68,13.42
105064,HUARMACA,2020,3,-999.0,-999.0,-999.0
105064,HUARMACA,2020,4,-999.0,-999.0,-999.0
105064,HUARMACA,2020,5,-999.0,-999.0,-999.0
105064,HUARMACA,2020,6,-999.0,-999.0,-999.0
105064,HUARMACA,2020,7,13.7,20.35,12.98
105064,HUARMACA,2020,8,0.7,21.28,12.55
105064,HUARMACA,2020,9,4.9,22.27,13.42
105064,HUARMACA,2020,10,8.0,22.34,12.56
105064,HUARMACA,2020,11,34.1,20.68,11.67
105064,HUARMACA,2020,12,156.2,17.88,12.26
105064,HUARMACA,2021,1,134.7,17.91,12.41
105064,HUARMACA,2021,2,150.3,17.81,11.97
105064,HUARMACA,2021,3,404.8,18.86,12.91
105064,HUARMACA,2021,4,106.8,19.58,13.54
105064,HUARMACA,2021,5,49.4,19.71,12.89
105064,HUARMACA,2021,6,16.6,19.88,12.33
105064,HUARMACA,2021,7,11.3,21.25,12.88
105064,HUARMACA,2021,8,9.7,20.23,12.76
105064,HUARMACA,2021,9,17.6,20.49,12.47
105064,HUARMACA,2021,10,56.6,19.74,12.84
105064,HUARMACA,2021,11,58.7,19.65,12.0
105064,HUARMACA,2021,12,111.9,18.74,-999.0
105064,HUARMACA,2022,1,73.2,18.35,12.35
105064,HUARMACA,2022,2,134.7,17.81,-999.0
105064,HUARMACA,2022,3,474.7,19.65,-999.0
105064,HUARMACA,2022,4,113.7,20.73,-999.0
105064,HUARMACA,2022,5,15.2,20.97,-999.0
105064,HUARMACA,2022,6,24.6,20.55,-999.0
105064,HUARMACA,2022,7,29.3,20.94,-999.0
105064,HUARMACA,2022,8,5.2,21.58,-999.0
105064,HUARMACA,2022,9,3.7,20.94,-999.0
105064,HUARMACA,2022,10,39.4,21.05,-999.0
105064,HUARMACA,2022,11,19.4,20.44,-999.0
105064,HUARMACA,2022,12,65.5,19.51,-999.0
105064,HUARMACA,2023,1,142.2,18.66,-999.0
105064,HUARMACA,2023,2,212.5,19.77,-999.0
105064,HUARMACA,2023,3,617.1,19.51,-999.0
105064,HUARMACA,2023,4,326.9,19.88,-999.0
105064,HUARMACA,2023,5,24.3,21.92,-999.0
105064,HUARMACA,2023,6,2.2,22.94,-999.0
105064,HUARMACA,2023,7,6.7,22.5,-999.0
105064,HUARMACA,2023,8,1.0,22.86,-999.0
105064,HUARMACA,2023,9,2.2,23.34,-999.0
105064,HUARMACA,2023,10,89.1,21.26,-999.0
105064,HUARMACA,2023,11,15.1,21.49,-999.0
105064,HUARMACA,2023,12,200.3,20.3,-999.0
105064,HUARMACA,2024,1,76.0,20.23,-999.0
105064,HUARMACA,2024,2,270.7,20.19,-999.0
105064,HUARMACA,2024,3,136.8,20.61,-999.0
105064,HUARMACA,2024,4,85.9,19.89,-999.0
105064,HUARMACA,2024,5,27.1,21.24,-999.0
105064,HUARMACA,2024,6,25.5,20.93,-999.0
105064,HUARMACA,2024,7,0.0,23.26,-999.0
105064,HUARMACA,2024,8,0.0,22.5,-999.0
105064,HUARMACA,2024,9,16.8,22.66,-999.0
105064,HUARMACA,2024,10,2.0,21.52,-999.0
105064,HUARMACA,2024,11,2.8,20.6,-999.0
105064,HUARMACA,2024,12,98.0,19.88,-999.0
105064,HUARMACA,2025,1,229.7,19.63,-999.0
105064,HUARMACA,2025,2,629.0,19.26,-999.0
105064,HUARMACA,2025,3,332.1,19.39,-999.0
105064,HUARMACA,2025,4,191.0,20.18,-999.0
105064,HUARMACA,2025,5,48.0,20.91,-999.0
105064,HUARMACA,2025,6,19.7,21.32,-999.0
105064,HUARMACA,2025,7,0.0,22.34,-999.0
105064,HUARMACA,2025,8,1.0,21.92,12.34
105064,HUARMACA,2025,9,0.3,22.83,12.07
105064,HUARMACA,2025,10,40.1,19.78,-999.0
105064,HUARMACA,2025,11,96.5,18.99,-999.0
105064,HUARMACA,2025,12,26.3,19.83,-999.0
