CODIGO,ESTACION,YEAR,MONTH,PP,TMAX,TMIN
105012,BERNAL,1990,1,0.0,-999.0,-999.0
105012,BERNAL,1990,2,4.5,-999.0,-999.0
105012,BERNAL,1990,3,0.0,-999.0,-999.0
105012,BERNAL,1990,4,0.0,-999.0,-999.0
105012,BERNAL,1990,5,0.0,-999.0,-999.0
105012,BERNAL,1990,6,0.2,-999.0,-999.0
105012,BERNAL,1990,7,0.0,-999.0,-999.0
105012,BERNAL,1990,8,0.0,-999.0,-999.0
105012,BERNAL,1990,9,0.0,-999.0,-999.0
105012,BERNAL,1990,10,0.0,-999.0,-999.0
105012,BERNAL,1990,11,0.0,-999.0,-999.0
105012,BERNAL,1990,12,0.0,-999.0,-999.0
105012,BERNAL,1991,1,0.0,-999.0,-999.0
105012,BERNAL,1991,2,3.2,-999.0,-999.0
105012,BERNAL,1991,3,2.6,-999.0,-999.0
105012,BERNAL,1991,4,0.0,-999.0,-999.0
105012,BERNAL,1991,5,0.0,-999.0,-999.0
105012,BERNAL,1991,6,0.0,-999.0,-999.0
105012,BERNAL,1991,7,3.5,-999.0,-999.0
105012,BERNAL,1991,8,0.0,-999.0,-999.0
105012,BERNAL,1991,9,0.0,-999.0,-999.0
105012,BERNAL,1991,10,0.0,-999.0,-999.0
105012,BERNAL,1991,11,2.5,-999.0,-999.0
105012,BERNAL,1991,12,1.5,-999.0,-999.0
105012,BERNAL,1992,1,0.0,-999.0,-999.0
105012,BERNAL,1992,2,7.5,-999.0,-999.0
105012,BERNAL,1992,3,77.3,-999.0,-999.0
105012,BERNAL,1992,4,8.3,-999.0,-999.0
105012,BERNAL,1992,5,0.4,-999.0,-999.0
105012,BERNAL,1992,6,0.0,-999.0,-999.0
105012,BERNAL,1992,7,0.0,-999.0,-999.0
105012,BERNAL,1992,8,0.0,-999.0,-999.0
105012,BERNAL,1992,9,0.0,-999.0,-999.0
105012,BERNAL,1992,10,0.0,-999.0,-999.0
105012,BERNAL,1992,11,0.1,-999.0,-999.0
105012,BERNAL,1992,12,0.0,-999.0,-999.0
105012,BERNAL,1993,1,2.3,-999.0,-999.0
105012,BERNAL,1993,2,14.2,-999.0,-999.0
105012,BERNAL,1993,3,-999.0,-999.0,-999.0
105012,BERNAL,1993,4,5.3,-999.0,-999.0
105012,BERNAL,1993,5,0.0,-999.0,-999.0
105012,BERNAL,1993,6,0.0,-999.0,-999.0
105012,BERNAL,1993,7,0.0,-999.0,-999.0
105012,BERNAL,1993,8,0.0,-999.0,-999.0
105012,BERNAL,1993,9,0.0,-999.0,-999.0
105012,BERNAL,1993,10,0.0,-999.0,-999.0
105012,BERNAL,1993,11,0.3,-999.0,-999.0
105012,BERNAL,1993,12,0.0,-999.0,-999.0
105012,BERNAL,1994,1,0.5,-999.0,-999.0
105012,BERNAL,1994,2,2.8,-999.0,-999.0
105012,BERNAL,1994,3,20.0,-999.0,-999.0
105012,BERNAL,1994,4,0.5,-999.0,-999.0
105012,BERNAL,1994,5,0.0,-999.0,-999.0
105012,BERNAL,1994,6,0.0,-999.0,-999.0
105012,BERNAL,1994,7,0.0,-999.0,-999.0
105012,BERNAL,1994,8,0.5,-999.0,-999.0
105012,BERNAL,1994,9,0.0,-999.0,-999.0
105012,BERNAL,1994,10,0.0,-999.0,-999.0
105012,BERNAL,1994,11,0.0,-999.0,-999.0
105012,BERNAL,1994,12,10.5,-999.0,-999.0
105012,BERNAL,1995,1,1.6,-999.0,-999.0
105012,BERNAL,1995,2,5.6,-999.0,-999.0
105012,BERNAL,1995,3,0.0,-999.0,-999.0
105012,BERNAL,1995,4,2.3,-999.0,-999.0
105012,BERNAL,1995,5,0.0,-999.0,-999.0
105012,BERNAL,1995,6,0.0,-999.0,-999.0
105012,BERNAL,1995,7,0.0,-999.0,-999.0
105012,BERNAL,1995,8,0.0,-999.0,-999.0
105012,BERNAL,1995,9,0.5,-999.0,-999.0
105012,BERNAL,1995,10,0.0,-999.0,-999.0
105012,BERNAL,1995,11,0.1,-999.0,-999.0
105012,BERNAL,1995,12,3.7,-999.0,-999.0
105012,BERNAL,1996,1,1.3,-999.0,-999.0
105012,BERNAL,1996,2,0.0,-999.0,-999.0
105012,BERNAL,1996,3,2.3,-999.0,-999.0
105012,BERNAL,1996,4,1.2,-999.0,-999.0
105012,BERNAL,1996,5,0.0,-999.0,-999.0
105012,BERNAL,1996,6,0.0,-999.0,-999.0
105012,BERNAL,1996,7,0.0,-999.0,-999.0
105012,BERNAL,1996,8,0.0,-999.0,-999.0
105012,BERNAL,1996,9,0.0,-999.0,-999.0
105012,BERNAL,1996,10,0.1,-999.0,-999.0
105012,BERNAL,1996,11,0.0,-999.0,-999.0
105012,BERNAL,1996,12,0.6,-999.0,-999.0
105012,BERNAL,1997,1,0.0,-999.0,-999.0
105012,BERNAL,1997,2,4.8,-999.0,-999.0
105012,BERNAL,1997,3,1.0,-999.0,-999.0
105012,BERNAL,1997,4,10.3,-999.0,-999.0
105012,BERNAL,1997,5,0.1,-999.0,-999.0
105012,BERNAL,1997,6,0.1,-999.0,-999.0
105012,BERNAL,1997,7,0.0,-999.0,-999.0
105012,BERNAL,1997,8,0.0,-999.0,-999.0
105012,BERNAL,1997,9,0.0,-999.0,-999.0
105012,BERNAL,1997,10,0.0,-999.0,-999.0
105012,BERNAL,1997,11,1.8,-999.0,-999.0
105012,BERNAL,1997,12,36.5,-999.0,-999.0
105012,BERNAL,1998,1,459.1,-999.0,-999.0
105012,BERNAL,1998,2,389.8,-999.0,-999.0
105012,BERNAL,1998,3,333.8,-999.0,-999.0
105012,BERNAL,1998,4,16.6,-999.0,-999.0
105012,BERNAL,1998,5,1.2,-999.0,-999.0
105012,BERNAL,1998,6,0.0,-999.0,-999.0
105012,BERNAL,1998,7,0.0,-999.0,-999.0
105012,BERNAL,1998,8,0.0,-999.0,-999.0
105012,BERNAL,1998,9,0.0,-999.0,-999.0
105012,BERNAL,1998,10,0.0,-999.0,-999.0
105012,BERNAL,1998,11,0.0,-999.0,-999.0
105012,BERNAL,1998,12,0.0,-999.0,-999.0
105012,BERNAL,1999,1,0.2,-999.0,-999.0
105012,BERNAL,1999,2,48.1,-999.0,-999.0
105012,BERNAL,1999,3,10.3,-999.0,-999.0
105012,BERNAL,1999,4,7.4,-999.0,-999.0
105012,BERNAL,1999,5,3.5,-999.0,-999.0
105012,BERNAL,1999,6,1.3,-999.0,-999.0
105012,BERNAL,1999,7,0.0,-999.0,-999.0
105012,BERNAL,1999,8,0.0,-999.0,-999.0
105012,BERNAL,1999,9,0.4,-999.0,-999.0
105012,BERNAL,1999,10,0.0,-999.0,-999.0
105012,BERNAL,1999,11,0.0,-999.0,-999.0
105012,BERNAL,1999,12,0.0,-999.0,-999.0
105012,BERNAL,2000,1,0.4,-999.0,-999.0
105012,BERNAL,2000,2,2.1,-999.0,-999.0
105012,BERNAL,2000,3,2.0,-999.0,-999.0
105012,BERNAL,2000,4,5.9,-999.0,-999.0
105012,BERNAL,2000,5,0.7,-999.0,-999.0
105012,BERNAL,2000,6,1.4,-999.0,-999.0
105012,BERNAL,2000,7,0.0,-999.0,-999.0
105012,BERNAL,2000,8,0.0,-999.0,-999.0
105012,BERNAL,2000,9,0.4,-999.0,-999.0
105012,BERNAL,2000,10,0.0,-999.0,-999.0
105012,BERNAL,2000,11,0.0,-999.0,-999.0
105012,BERNAL,2000,12,3.0,-999.0,-999.0
105012,BERNAL,2001,1,0.0,-999.0,-999.0
105012,BERNAL,2001,2,0.0,-999.0,-999.0
105012,BERNAL,2001,3,68.0,-999.0,-999.0
105012,BERNAL,2001,4,24.1,-999.0,-999.0
105012,BERNAL,2001,5,0.0,-999.0,-999.0
105012,BERNAL,2001,6,0.0,-999.0,-999.0
105012,BERNAL,2001,7,0.0,-999.0,-999.0
105012,BERNAL,2001,8,0.0,-999.0,-999.0
105012,BERNAL,2001,9,0.0,-999.0,-999.0
105012,BERNAL,2001,10,1.0,-999.0,-999.0
105012,BERNAL,2001,11,0.6,-999.0,-999.0
105012,BERNAL,2001,12,0.7,-999.0,-999.0
105012,BERNAL,2002,1,0.0,-999.0,-999.0
105012,BERNAL,2002,2,3.4,-999.0,-999.0
105012,BERNAL,2002,3,28.8,-999.0,-999.0
105012,BERNAL,2002,4,85.3,-999.0,-999.0
105012,BERNAL,2002,5,0.0,-999.0,-999.0
105012,BERNAL,2002,6,0.0,-999.0,-999.0
105012,BERNAL,2002,7,0.0,-999.0,-999.0
105012,BERNAL,2002,8,0.0,-999.0,-999.0
105012,BERNAL,2002,9,0.0,-999.0,-999.0
105012,BERNAL,2002,10,0.3,-999.0,-999.0
105012,BERNAL,2002,11,0.0,-999.0,-999.0
105012,BERNAL,2002,12,0.1,-999.0,-999.0
105012,BERNAL,2003,1,1.8,-999.0,-999.0
105012,BERNAL,2003,2,8.3,-999.0,-999.0
105012,BERNAL,2003,3,1.2,-999.0,-999.0
105012,BERNAL,2003,4,0.7,-999.0,-999.0
105012,BERNAL,2003,5,0.0,-999.0,-999.0
105012,BERNAL,2003,6,1.0,-999.0,-999.0
105012,BERNAL,2003,7,0.0,-999.0,-999.0
105012,BERNAL,2003,8,0.0,-999.0,-999.0
105012,BERNAL,2003,9,0.0,-999.0,-999.0
105012,BERNAL,2003,10,0.0,-999.0,-999.0
105012,BERNAL,2003,11,0.6,-999.0,-999.0
105012,BERNAL,2003,12,0.1,-999.0,-999.0
105012,BERNAL,2004,1,4.7,-999.0,-999.0
105012,BERNAL,2004,2,0.0,-999.0,-999.0
105012,BERNAL,2004,3,0.0,-999.0,-999.0
105012,BERNAL,2004,4,2.2,-999.0,-999.0
105012,BERNAL,2004,5,0.0,-999.0,-999.0
105012,BERNAL,2004,6,0.0,-999.0,-999.0
105012,BERNAL,2004,7,0.0,-999.0,-999.0
105012,BERNAL,2004,8,0.0,-999.0,-999.0
105012,BERNAL,2004,9,0.0,-999.0,-999.0
105012,BERNAL,2004,10,-999.0,-999.0,-999.0
105012,BERNAL,2004,11,0.0,-999.0,-999.0
105012,BERNAL,2004,12,4.0,-999.0,-999.0
105012,BERNAL,2005,1,-999.0,-999.0,-999.0
105012,BERNAL,2005,2,0.1,-999.0,22.47
105012,BERNAL,2005,3,8.1,33.15,21.65
105012,BERNAL,2005,4,0.4,33.05,20.16
105012,BERNAL,2005,5,0.0,29.22,18.27
105012,BERNAL,2005,6,0.0,27.61,17.58
105012,BERNAL,2005,7,0.0,26.98,16.46
105012,BERNAL,2005,8,0.0,27.24,16.44
105012,BERNAL,2005,9,0.0,27.11,16.24
105012,BERNAL,2005,10,0.0,27.55,16.15
105012,BERNAL,2005,11,0.0,28.36,16.36
105012,BERNAL,2005,12,1.0,30.43,18.15
105012,BERNAL,2006,1,-999.0,32.9,20.83
105012,BERNAL,2006,2,-999.0,33.99,22.82
105012,BERNAL,2006,3,26.6,33.27,21.74
105012,BERNAL,2006,4,0.3,31.93,19.28
105012,BERNAL,2006,5,0.0,29.52,17.75
105012,BERNAL,2006,6,0.6,27.11,17.61
105012,BERNAL,2006,7,-999.0,26.68,17.15
105012,BERNAL,2006,8,0.0,27.62,-999.0
105012,BERNAL,2006,9,0.0,28.3,17.26
105012,BERNAL,2006,10,0.0,28.96,17.98
105012,BERNAL,2006,11,0.3,30.08,19.19
105012,BERNAL,2006,12,0.1,31.74,19.99
105012,BERNAL,2007,1,-999.0,33.37,23.43
105012,BERNAL,2007,2,0.0,33.92,22.93
105012,BERNAL,2007,3,-999.0,33.55,22.57
105012,BERNAL,2007,4,7.1,32.27,20.49
105012,BERNAL,2007,5,0.0,29.0,17.88
105012,BERNAL,2007,6,0.0,26.64,16.19
105012,BERNAL,2007,7,0.0,26.76,16.63
105012,BERNAL,2007,8,0.0,26.11,15.81
105012,BERNAL,2007,9,0.0,26.76,15.54
105012,BERNAL,2007,10,0.0,26.18,15.82
105012,BERNAL,2007,11,-999.0,28.51,17.35
105012,BERNAL,2007,12,0.0,29.83,18.58
105012,BERNAL,2008,1,0.9,32.14,21.66
105012,BERNAL,2008,2,-999.0,33.24,22.58
105012,BERNAL,2008,3,13.5,33.45,23.45
105012,BERNAL,2008,4,0.0,31.22,20.91
105012,BERNAL,2008,5,0.0,28.2,19.23
105012,BERNAL,2008,6,0.0,26.12,18.72
105012,BERNAL,2008,7,0.2,26.32,18.2
105012,BERNAL,2008,8,0.0,26.58,18.23
105012,BERNAL,2008,9,0.0,28.24,18.04
105012,BERNAL,2008,10,0.0,27.95,17.55
105012,BERNAL,2008,11,-999.0,29.27,17.39
105012,BERNAL,2008,12,0.0,30.82,18.41
105012,BERNAL,2009,1,19.2,32.47,21.85
105012,BERNAL,2009,2,21.4,33.13,22.91
105012,BERNAL,2009,3,13.6,32.79,22.57
105012,BERNAL,2009,4,0.2,31.48,20.98
105012,BERNAL,2009,5,0.5,29.29,19.35
105012,BERNAL,2009,6,0.0,27.23,18.55
105012,BERNAL,2009,7,0.0,27.37,18.57
105012,BERNAL,2009,8,0.0,27.36,17.5
105012,BERNAL,2009,9,0.0,28.19,17.62
105012,BERNAL,2009,10,0.0,28.94,17.39
105012,BERNAL,2009,11,3.8,29.35,18.57
105012,BERNAL,2009,12,0.0,30.64,-999.0
105012,BERNAL,2010,1,-999.0,33.14,22.82
105012,BERNAL,2010,2,40.5,33.63,23.43
105012,BERNAL,2010,3,-999.0,33.08,22.89
105012,BERNAL,2010,4,5.1,32.01,21.17
105012,BERNAL,2010,5,1.3,29.57,19.13
105012,BERNAL,2010,6,0.0,28.08,17.93
105012,BERNAL,2010,7,0.0,26.53,16.61
105012,BERNAL,2010,8,0.0,26.89,16.34
105012,BERNAL,2010,9,0.0,27.05,15.73
105012,BERNAL,2010,10,1.1,27.56,15.87
105012,BERNAL,2010,11,-999.0,28.55,15.67
105012,BERNAL,2010,12,0.4,30.79,18.68
105012,BERNAL,2011,1,3.2,32.95,20.25
105012,BERNAL,2011,2,0.0,33.72,21.72
105012,BERNAL,2011,3,0.0,33.75,20.36
105012,BERNAL,2011,4,11.1,32.93,20.46
105012,BERNAL,2011,5,1.5,30.51,20.1
105012,BERNAL,2011,6,0.0,29.15,19.46
105012,BERNAL,2011,7,1.7,27.24,17.83
105012,BERNAL,2011,8,0.0,27.28,17.26
105012,BERNAL,2011,9,0.0,28.25,16.61
105012,BERNAL,2011,10,0.0,28.1,16.52
105012,BERNAL,2011,11,0.8,30.37,17.68
105012,BERNAL,2011,12,1.1,31.51,19.5
105012,BERNAL,2012,1,8.8,33.19,21.62
105012,BERNAL,2012,2,23.4,33.57,22.6
105012,BERNAL,2012,3,11.7,32.99,22.78
105012,BERNAL,2012,4,4.9,32.3,22.29
105012,BERNAL,2012,5,0.0,30.9,20.49
105012,BERNAL,2012,6,0.0,29.5,20.02
105012,BERNAL,2012,7,0.0,27.7,18.19
105012,BERNAL,2012,8,0.0,27.69,17.52
105012,BERNAL,2012,9,0.0,28.56,17.56
105012,BERNAL,2012,10,0.8,28.6,17.84
105012,BERNAL,2012,11,2.8,29.86,18.79
105012,BERNAL,2012,12,0.0,30.47,19.75
105012,BERNAL,2013,1,0.0,32.57,21.61
105012,BERNAL,2013,2,0.1,34.12,21.97
105012,BERNAL,2013,3,51.0,33.32,21.96
105012,BERNAL,2013,4,0.0,31.74,19.04
105012,BERNAL,2013,5,3.3,29.48,18.8
105012,BERNAL,2013,6,0.0,27.25,17.09
105012,BERNAL,2013,7,0.0,27.16,15.93
105012,BERNAL,2013,8,0.0,27.2,16.38
105012,BERNAL,2013,9,0.0,28.12,16.25
105012,BERNAL,2013,10,0.7,27.69,16.75
105012,BERNAL,2013,11,0.0,28.29,16.9
105012,BERNAL,2013,12,0.0,30.81,19.14
105012,BERNAL,2014,1,0.3,32.98,22.11
105012,BERNAL,2014,2,0.1,33.68,21.94
105012,BERNAL,2014,3,3.7,34.57,22.24
105012,BERNAL,2014,4,0.0,33.25,20.51
105012,BERNAL,2014,5,0.0,31.71,22.18
105012,BERNAL,2014,6,0.0,30.63,20.78
105012,BERNAL,2014,7,0.0,28.6,17.87
105012,BERNAL,2014,8,0.0,28.28,17.56
105012,BERNAL,2014,9,0.0,28.69,17.47
105012,BERNAL,2014,10,-999.0,28.93,17.82
105012,BERNAL,2014,11,0.0,29.29,18.38
105012,BERNAL,2014,12,2.6,30.93,19.59
105012,BERNAL,2015,1,1.0,32.25,21.16
105012,BERNAL,2015,2,2.2,-999.0,23.14
105012,BERNAL,2015,3,10.6,34.14,23.44
105012,BERNAL,2015,4,0.1,33.6,22.21
105012,BERNAL,2015,5,0.4,31.85,21.96
105012,BERNAL,2015,6,0.0,30.39,20.75
105012,BERNAL,2015,7,0.8,29.47,19.12
105012,BERNAL,2015,8,0.0,28.64,18.55
105012,BERNAL,2015,9,0.0,30.17,19.31
105012,BERNAL,2015,10,0.0,30.76,19.78
105012,BERNAL,2015,11,3.3,30.99,20.19
105012,BERNAL,2015,12,0.0,32.18,21.89
105012,BERNAL,2016,1,1.5,33.63,23.08
105012,BERNAL,2016,2,14.6,34.94,24.16
105012,BERNAL,2016,3,21.2,35.33,23.84
105012,BERNAL,2016,4,0.5,33.22,22.11
105012,BERNAL,2016,5,0.0,31.25,19.52
105012,BERNAL,2016,6,0.9,29.67,18.05
105012,BERNAL,2016,7,0.0,28.77,17.62
105012,BERNAL,2016,8,0.0,29.07,17.43
105012,BERNAL,2016,9,0.0,29.84,18.19
105012,BERNAL,2016,10,0.2,29.35,18.28
105012,BERNAL,2016,11,0.0,30.64,17.14
105012,BERNAL,2016,12,1.2,32.17,19.87
105012,BERNAL,2017,1,47.5,34.14,22.85
105012,BERNAL,2017,2,116.5,34.16,23.74
105012,BERNAL,2017,3,430.1,32.64,24.08
105012,BERNAL,2017,4,6.4,32.26,22.59
105012,BERNAL,2017,5,1.2,29.86,21.24
105012,BERNAL,2017,6,0.0,27.4,19.08
105012,BERNAL,2017,7,0.1,25.28,17.97
105012,BERNAL,2017,8,1.5,26.18,17.39
105012,BERNAL,2017,9,0.0,27.56,17.2
105012,BERNAL,2017,10,0.0,28.3,17.2
105012,BERNAL,2017,11,0.0,28.27,17.02
105012,BERNAL,2017,12,0.0,31.45,19.53
105012,BERNAL,2018,1,0.0,33.39,21.01
105012,BERNAL,2018,2,1.6,34.04,22.42
105012,BERNAL,2018,3,0.0,32.74,21.44
105012,BERNAL,2018,4,3.7,31.63,20.48
105012,BERNAL,2018,5,-999.0,29.08,18.72
105012,BERNAL,2018,6,0.0,26.41,17.46
105012,BERNAL,2018,7,0.0,26.82,17.56
105012,BERNAL,2018,8,0.0,27.69,17.54
105012,BERNAL,2018,9,0.0,28.11,17.24
105012,BERNAL,2018,10,0.4,28.92,17.8
105012,BERNAL,2018,11,1.3,30.18,19.64
105012,BERNAL,2018,12,2.0,32.25,20.17
105012,BERNAL,2019,1,0.0,34.35,23.22
105012,BERNAL,2019,2,17.3,34.92,23.87
105012,BERNAL,2019,3,4.2,34.49,22.98
105012,BERNAL,2019,4,0.4,32.56,21.08
105012,BERNAL,2019,5,0.2,30.74,20.3
105012,BERNAL,2019,6,0.0,28.97,18.37
105012,BERNAL,2019,7,0.3,27.56,16.75
105012,BERNAL,2019,8,0.0,27.35,16.32
105012,BERNAL,2019,9,0.0,28.23,16.87
105012,BERNAL,2019,10,0.0,29.27,17.24
105012,BERNAL,2019,11,0.8,30.12,19.16
105012,BERNAL,2019,12,7.8,32.85,20.7
105012,BERNAL,2020,1,0.4,34.32,22.3
105012,BERNAL,2020,2,0.0,35.32,23.37
105012,BERNAL,2020,3,0.0,35.25,23.49
105012,BERNAL,2020,4,9.1,33.07,21.35
105012,BERNAL,2020,5,1.0,30.72,19.85
105012,BERNAL,2020,6,0.1,28.14,17.51
105012,BERNAL,2020,7,1.0,27.07,16.27
105012,BERNAL,2020,8,0.0,27.57,15.63
105012,BERNAL,2020,9,0.0,28.47,16.2
105012,BERNAL,2020,10,0.1,30.18,17.3
105012,BERNAL,2020,11,1.9,29.4,16.78
105012,BERNAL,2020,12,7.2,31.4,19.75
105012,BERNAL,2021,1,2.7,33.28,21.27
105012,BERNAL,2021,2,0.0,34.24,21.83
105012,BERNAL,2021,3,10.0,34.06,22.27
105012,BERNAL,2021,4,0.8,32.11,20.1
105012,BERNAL,2021,5,2.9,28.56,19.06
105012,BERNAL,2021,6,1.6,27.24,18.54
105012,BERNAL,2021,7,0.0,27.45,-999.0
105012,BERNAL,2021,8,0.8,27.88,16.88
105012,BERNAL,2021,9,0.4,28.73,16.58
105012,BERNAL,2021,10,3.7,29.34,16.64
105012,BERNAL,2021,11,0.0,29.71,17.52
105012,BERNAL,2021,12,7.8,31.28,18.92
105012,BERNAL,2022,1,0.0,33.07,20.57
105012,BERNAL,2022,2,2.0,33.7,21.38
105012,BERNAL,2022,3,2.8,33.9,21.85
105012,BERNAL,2022,4,0.1,31.18,19.56
105012,BERNAL,2022,5,-999.0,28.56,17.64
105012,BERNAL,2022,6,0.1,26.77,16.44
105012,BERNAL,2022,7,0.0,27.03,16.35
105012,BERNAL,2022,8,0.0,27.75,16.14
105012,BERNAL,2022,9,0.0,28.38,16.14
105012,BERNAL,2022,10,0.0,28.68,15.85
105012,BERNAL,2022,11,1.3,29.67,16.92
105012,BERNAL,2022,12,5.1,32.72,19.49
105012,BERNAL,2023,1,0.3,34.23,20.29
105012,BERNAL,2023,2,14.2,35.55,23.07
105012,BERNAL,2023,3,165.5,34.19,23.79
105012,BERNAL,2023,4,131.9,33.34,23.66
105012,BERNAL,2023,5,0.0,32.83,22.72
105012,BERNAL,2023,6,0.5,31.49,21.03
105012,BERNAL,2023,7,0.4,31.18,20.63
105012,BERNAL,2023,8,0.0,31.21,20.09
105012,BERNAL,2023,9,0.0,31.03,19.18
105012,BERNAL,2023,10,6.5,31.67,19.84
105012,BERNAL,2023,11,2.4,31.79,19.11
105012,BERNAL,2023,12,0.7,33.18,20.99
105012,BERNAL,2024,1,3.3,34.61,22.84
105012,BERNAL,2024,2,7.6,34.92,23.89
105012,BERNAL,2024,3,0.0,35.34,22.85
105012,BERNAL,2024,4,3.9,33.69,21.51
105012,BERNAL,2024,5,0.5,30.52,18.66
105012,BERNAL,2024,6,1.5,30.21,17.55
105012,BERNAL,2024,7,0.0,29.27,16.63
105012,BERNAL,2024,8,0.0,28.85,16.48
105012,BERNAL,2024,9,0.7,29.3,16.78
105012,BERNAL,2024,10,0.0,29.56,17.65
105012,BERNAL,2024,11,0.0,29.13,18.27
105012,BERNAL,2024,12,3.0,31.89,19.75
105012,BERNAL,2025,1,-999.0,33.39,20.71
105012,BERNAL,2025,2,19.2,34.85,23.76
105012,BERNAL,2025,3,4.2,34.24,23.28
105012,BERNAL,2025,4,2.3,31.44,21.06
105012,BERNAL,2025,5,0.3,29.57,19.46
105012,BERNAL,2025,6,0.4,27.5,19.38
105012,BERNAL,2025,7,0.0,28.2,18.36
105012,BERNAL,2025,8,0.0,27.45,17.54
105012,BERNAL,2025,9,0.0,28.93,17.31
105012,BERNAL,2025,10,0.1,29.55,17.93
105012,BERNAL,2025,11,13.0,30.55,18.88
105012,BERNAL,2025,12,0.5,31.19,18.66
