CODIGO,ESTACION,YEAR,MONTH,PP,TMAX,TMIN
105063,SAN MIGUEL,1990,1,0.0,32.13,20.74
105063,SAN MIGUEL,1990,2,0.0,31.95,-999.0
105063,SAN MIGUEL,1990,3,4.1,-999.0,21.72
105063,SAN MIGUEL,1990,4,-999.0,-999.0,-999.0
105063,SAN MIGUEL,1990,5,0.0,29.47,19.91
105063,SAN MIGUEL,1990,6,0.0,27.89,17.9
105063,SAN MIGUEL,1990,7,0.0,26.54,16.26
105063,SAN MIGUEL,1990,8,0.0,26.93,16.17
105063,SAN MIGUEL,1990,9,0.0,27.59,16.18
105063,SAN MIGUEL,1990,10,1.7,28.03,16.83
105063,SAN MIGUEL,1990,11,0.0,29.48,17.9
105063,SAN MIGUEL,1990,12,4.0,31.26,19.2
105063,SAN MIGUEL,1991,1,0.0,32.96,20.67
105063,SAN MIGUEL,1991,2,4.3,33.24,22.49
105063,SAN MIGUEL,1991,3,0.0,32.99,22.99
105063,SAN MIGUEL,1991,4,0.0,31.65,20.63
105063,SAN MIGUEL,1991,5,0.0,-999.0,19.32
105063,SAN MIGUEL,1991,6,-999.0,28.45,17.31
105063,SAN MIGUEL,1991,7,0.0,26.67,16.39
105063,SAN MIGUEL,1991,8,0.0,26.93,16.45
105063,SAN MIGUEL,1991,9,0.0,28.02,16.98
105063,SAN MIGUEL,1991,10,0.0,28.39,17.6
105063,SAN MIGUEL,1991,11,0.0,-999.0,18.11
105063,SAN MIGUEL,1991,12,0.0,31.06,21.17
105063,SAN MIGUEL,1992,1,-999.0,32.47,22.62
105063,SAN MIGUEL,1992,2,-999.0,33.0,23.5
105063,SAN MIGUEL,1992,3,-999.0,33.38,24.47
105063,SAN MIGUEL,1992,4,114.8,32.09,-999.0
105063,SAN MIGUEL,1992,5,-999.0,31.6,21.92
105063,SAN MIGUEL,1992,6,0.0,28.0,18.86
105063,SAN MIGUEL,1992,7,-999.0,27.1,15.74
105063,SAN MIGUEL,1992,8,-999.0,-999.0,17.12
105063,SAN MIGUEL,1992,9,-999.0,28.24,16.23
105063,SAN MIGUEL,1992,10,0.0,30.03,17.87
105063,SAN MIGUEL,1992,11,-999.0,30.73,18.5
105063,SAN MIGUEL,1992,12,-999.0,32.07,18.53
105063,SAN MIGUEL,1993,1,0.0,33.34,21.25
105063,SAN MIGUEL,1993,2,12.5,33.94,-999.0
105063,SAN MIGUEL,1993,3,44.1,34.12,23.22
105063,SAN MIGUEL,1993,4,17.0,-999.0,22.06
105063,SAN MIGUEL,1993,5,1.0,29.29,20.96
105063,SAN MIGUEL,1993,6,-999.0,-999.0,-999.0
105063,SAN MIGUEL,1993,7,-999.0,-999.0,-999.0
105063,SAN MIGUEL,1993,8,-999.0,-999.0,-999.0
105063,SAN MIGUEL,1993,9,-999.0,-999.0,-999.0
105063,SAN MIGUEL,1993,10,-999.0,-999.0,-999.0
105063,SAN MIGUEL,1993,11,-999.0,-999.0,-999.0
105063,SAN MIGUEL,1993,12,0.0,31.31,19.73
105063,SAN MIGUEL,1994,1,0.0,32.62,-999.0
105063,SAN MIGUEL,1994,2,4.0,33.21,22.89
105063,SAN MIGUEL,1994,3,57.0,32.04,-999.0
105063,SAN MIGUEL,1994,4,10.0,30.7,-999.0
105063,SAN MIGUEL,1994,5,0.0,28.75,18.88
105063,SAN MIGUEL,1994,6,0.0,27.06,16.97
105063,SAN MIGUEL,1994,7,0.0,25.85,15.52
105063,SAN MIGUEL,1994,8,0.0,26.47,16.14
105063,SAN MIGUEL,1994,9,0.0,28.27,17.19
105063,SAN MIGUEL,1994,10,0.2,29.24,16.62
105063,SAN MIGUEL,1994,11,0.0,29.93,18.21
105063,SAN MIGUEL,1994,12,11.6,31.75,20.78
105063,SAN MIGUEL,1995,1,1.7,33.4,22.67
105063,SAN MIGUEL,1995,2,2.0,34.2,22.54
105063,SAN MIGUEL,1995,3,0.0,33.69,21.62
105063,SAN MIGUEL,1995,4,2.3,31.71,19.5
105063,SAN MIGUEL,1995,5,1.0,29.64,18.22
105063,SAN MIGUEL,1995,6,0.0,29.08,16.73
105063,SAN MIGUEL,1995,7,0.4,27.52,16.36
105063,SAN MIGUEL,1995,8,0.0,27.79,-999.0
105063,SAN MIGUEL,1995,9,0.8,28.93,16.11
105063,SAN MIGUEL,1995,10,0.0,29.14,17.0
105063,SAN MIGUEL,1995,11,0.0,30.53,18.06
105063,SAN MIGUEL,1995,12,-999.0,31.14,18.53
105063,SAN MIGUEL,1996,1,5.3,32.78,19.94
105063,SAN MIGUEL,1996,2,0.0,-999.0,21.02
105063,SAN MIGUEL,1996,3,0.0,33.78,21.5
105063,SAN MIGUEL,1996,4,5.5,30.96,19.0
105063,SAN MIGUEL,1996,5,0.0,29.66,17.11
105063,SAN MIGUEL,1996,6,1.9,26.87,16.51
105063,SAN MIGUEL,1996,7,0.0,26.35,14.92
105063,SAN MIGUEL,1996,8,0.0,27.09,15.37
105063,SAN MIGUEL,1996,9,0.0,28.29,-999.0
105063,SAN MIGUEL,1996,10,0.0,29.03,16.72
105063,SAN MIGUEL,1996,11,0.0,29.51,-999.0
105063,SAN MIGUEL,1996,12,0.0,32.18,17.98
105063,SAN MIGUEL,1997,1,0.0,32.51,19.6
105063,SAN MIGUEL,1997,2,-999.0,-999.0,-999.0
105063,SAN MIGUEL,1997,3,-999.0,-999.0,-999.0
105063,SAN MIGUEL,1997,4,16.3,32.85,21.58
105063,SAN MIGUEL,1997,5,0.0,33.38,21.37
105063,SAN MIGUEL,1997,6,0.0,31.45,20.97
105063,SAN MIGUEL,1997,7,0.0,31.07,19.41
105063,SAN MIGUEL,1997,8,0.0,30.96,19.66
105063,SAN MIGUEL,1997,9,0.0,32.3,20.56
105063,SAN MIGUEL,1997,10,0.0,31.96,19.3
105063,SAN MIGUEL,1997,11,3.5,32.68,21.19
105063,SAN MIGUEL,1997,12,104.3,33.38,22.86
105063,SAN MIGUEL,1998,1,390.7,33.32,23.04
105063,SAN MIGUEL,1998,2,405.9,33.36,23.32
105063,SAN MIGUEL,1998,3,311.3,33.43,22.82
105063,SAN MIGUEL,1998,4,87.5,32.72,21.8
105063,SAN MIGUEL,1998,5,3.2,30.38,19.84
105063,SAN MIGUEL,1998,6,0.0,29.59,17.15
105063,SAN MIGUEL,1998,7,0.0,28.28,15.69
105063,SAN MIGUEL,1998,8,0.0,26.71,13.99
105063,SAN MIGUEL,1998,9,0.0,27.36,14.65
105063,SAN MIGUEL,1998,10,0.6,27.83,17.21
105063,SAN MIGUEL,1998,11,0.0,28.5,17.1
105063,SAN MIGUEL,1998,12,0.0,29.97,16.92
105063,SAN MIGUEL,1999,1,2.8,32.14,19.17
105063,SAN MIGUEL,1999,2,34.4,-999.0,22.04
105063,SAN MIGUEL,1999,3,0.0,34.01,21.26
105063,SAN MIGUEL,1999,4,20.5,31.71,19.75
105063,SAN MIGUEL,1999,5,1.8,28.23,17.47
105063,SAN MIGUEL,1999,6,1.7,26.88,16.58
105063,SAN MIGUEL,1999,7,0.0,25.47,15.84
105063,SAN MIGUEL,1999,8,0.0,26.33,15.74
105063,SAN MIGUEL,1999,9,0.5,27.09,15.7
105063,SAN MIGUEL,1999,10,0.0,28.65,16.28
105063,SAN MIGUEL,1999,11,0.0,29.52,16.51
105063,SAN MIGUEL,1999,12,0.8,30.55,18.41
105063,SAN MIGUEL,2000,1,1.0,32.78,19.73
105063,SAN MIGUEL,2000,2,8.5,34.1,21.23
105063,SAN MIGUEL,2000,3,5.9,34.04,21.18
105063,SAN MIGUEL,2000,4,18.5,32.58,20.54
105063,SAN MIGUEL,2000,5,0.0,29.45,18.13
105063,SAN MIGUEL,2000,6,0.5,26.27,17.54
105063,SAN MIGUEL,2000,7,0.0,25.52,16.02
105063,SAN MIGUEL,2000,8,0.0,27.57,16.68
105063,SAN MIGUEL,2000,9,0.5,28.43,16.49
105063,SAN MIGUEL,2000,10,0.0,29.22,16.88
105063,SAN MIGUEL,2000,11,0.0,29.79,15.44
105063,SAN MIGUEL,2000,12,15.3,31.62,18.78
105063,SAN MIGUEL,2001,1,0.3,33.29,20.49
105063,SAN MIGUEL,2001,2,0.0,34.02,22.52
105063,SAN MIGUEL,2001,3,234.2,32.95,22.35
105063,SAN MIGUEL,2001,4,5.5,32.02,21.06
105063,SAN MIGUEL,2001,5,0.0,28.46,17.95
105063,SAN MIGUEL,2001,6,0.0,25.9,16.48
105063,SAN MIGUEL,2001,7,0.0,26.67,16.85
105063,SAN MIGUEL,2001,8,0.0,26.88,16.18
105063,SAN MIGUEL,2001,9,0.0,26.81,15.7
105063,SAN MIGUEL,2001,10,0.0,26.95,16.08
105063,SAN MIGUEL,2001,11,0.0,28.32,16.65
105063,SAN MIGUEL,2001,12,2.7,30.12,18.34
105063,SAN MIGUEL,2002,1,0.0,32.63,18.67
105063,SAN MIGUEL,2002,2,5.0,33.94,22.14
105063,SAN MIGUEL,2002,3,74.5,34.97,23.67
105063,SAN MIGUEL,2002,4,95.0,32.35,21.93
105063,SAN MIGUEL,2002,5,0.0,31.7,18.94
105063,SAN MIGUEL,2002,6,0.0,28.97,15.97
105063,SAN MIGUEL,2002,7,0.0,27.38,16.41
105063,SAN MIGUEL,2002,8,0.0,27.65,16.94
105063,SAN MIGUEL,2002,9,0.0,28.7,15.76
105063,SAN MIGUEL,2002,10,0.0,29.27,18.02
105063,SAN MIGUEL,2002,11,0.0,29.88,18.42
105063,SAN MIGUEL,2002,12,0.0,31.65,20.01
105063,SAN MIGUEL,2003,1,4.0,33.64,21.38
105063,SAN MIGUEL,2003,2,12.0,34.44,22.64
105063,SAN MIGUEL,2003,3,2.3,33.83,21.54
105063,SAN MIGUEL,2003,4,0.0,32.32,19.57
105063,SAN MIGUEL,2003,5,0.0,29.93,18.2
105063,SAN MIGUEL,2003,6,0.0,28.99,16.83
105063,SAN MIGUEL,2003,7,0.0,28.18,15.72
105063,SAN MIGUEL,2003,8,0.0,28.33,15.94
105063,SAN MIGUEL,2003,9,0.0,28.05,16.48
105063,SAN MIGUEL,2003,10,0.0,29.6,16.78
105063,SAN MIGUEL,2003,11,0.0,29.91,17.58
105063,SAN MIGUEL,2003,12,1.6,32.32,19.15
105063,SAN MIGUEL,2004,1,3.8,34.18,20.01
105063,SAN MIGUEL,2004,2,1.3,35.41,22.47
105063,SAN MIGUEL,2004,3,0.0,35.69,21.62
105063,SAN MIGUEL,2004,4,3.7,33.69,19.81
105063,SAN MIGUEL,2004,5,2.0,30.49,16.86
105063,SAN MIGUEL,2004,6,0.0,28.46,15.81
105063,SAN MIGUEL,2004,7,0.0,28.16,16.32
105063,SAN MIGUEL,2004,8,0.0,28.64,14.73
105063,SAN MIGUEL,2004,9,0.0,29.87,16.11
105063,SAN MIGUEL,2004,10,0.5,30.63,17.48
105063,SAN MIGUEL,2004,11,0.9,30.91,17.44
105063,SAN MIGUEL,2004,12,6.0,32.59,18.7
105063,SAN MIGUEL,2005,1,3.0,34.91,20.28
105063,SAN MIGUEL,2005,2,0.6,34.98,21.94
105063,SAN MIGUEL,2005,3,11.6,33.87,21.3
105063,SAN MIGUEL,2005,4,0.7,33.31,19.67
105063,SAN MIGUEL,2005,5,0.0,29.7,17.43
105063,SAN MIGUEL,2005,6,0.0,28.6,16.73
105063,SAN MIGUEL,2005,7,0.0,27.87,15.99
105063,SAN MIGUEL,2005,8,0.0,28.22,15.95
105063,SAN MIGUEL,2005,9,0.0,28.35,15.88
105063,SAN MIGUEL,2005,10,2.9,29.01,15.93
105063,SAN MIGUEL,2005,11,0.0,29.84,15.8
105063,SAN MIGUEL,2005,12,0.0,31.93,17.76
105063,SAN MIGUEL,2006,1,0.0,34.46,20.45
105063,SAN MIGUEL,2006,2,18.7,35.33,22.96
105063,SAN MIGUEL,2006,3,13.5,34.99,21.86
105063,SAN MIGUEL,2006,4,0.0,33.47,19.19
105063,SAN MIGUEL,2006,5,0.0,30.52,17.35
105063,SAN MIGUEL,2006,6,1.0,28.13,17.43
105063,SAN MIGUEL,2006,7,0.0,27.7,16.87
105063,SAN MIGUEL,2006,8,0.0,28.43,16.76
105063,SAN MIGUEL,2006,9,0.0,29.6,16.27
105063,SAN MIGUEL,2006,10,0.6,30.23,17.52
105063,SAN MIGUEL,2006,11,0.0,31.34,17.83
105063,SAN MIGUEL,2006,12,0.0,32.98,19.1
105063,SAN MIGUEL,2007,1,3.3,34.69,22.74
105063,SAN MIGUEL,2007,2,0.0,35.34,22.21
105063,SAN MIGUEL,2007,3,4.8,34.87,21.95
105063,SAN MIGUEL,2007,4,7.4,33.2,19.61
105063,SAN MIGUEL,2007,5,0.0,30.14,16.85
105063,SAN MIGUEL,2007,6,0.0,28.5,15.24
105063,SAN MIGUEL,2007,7,0.0,28.01,15.62
105063,SAN MIGUEL,2007,8,0.0,28.24,15.48
105063,SAN MIGUEL,2007,9,0.0,28.73,15.3
105063,SAN MIGUEL,2007,10,0.0,28.52,15.32
105063,SAN MIGUEL,2007,11,0.0,30.69,16.86
105063,SAN MIGUEL,2007,12,0.0,31.18,17.55
105063,SAN MIGUEL,2008,1,7.5,33.34,21.47
105063,SAN MIGUEL,2008,2,91.2,33.91,22.24
105063,SAN MIGUEL,2008,3,22.5,33.54,23.05
105063,SAN MIGUEL,2008,4,0.8,31.77,20.45
105063,SAN MIGUEL,2008,5,0.0,29.01,19.02
105063,SAN MIGUEL,2008,6,0.0,27.23,18.47
105063,SAN MIGUEL,2008,7,1.1,27.5,17.59
105063,SAN MIGUEL,2008,8,0.0,27.45,17.91
105063,SAN MIGUEL,2008,9,0.0,28.92,17.63
105063,SAN MIGUEL,2008,10,0.0,28.85,17.36
105063,SAN MIGUEL,2008,11,0.7,29.84,17.12
105063,SAN MIGUEL,2008,12,0.0,31.44,17.87
105063,SAN MIGUEL,2009,1,14.3,33.58,21.49
105063,SAN MIGUEL,2009,2,22.3,34.27,22.59
105063,SAN MIGUEL,2009,3,11.3,34.65,22.36
105063,SAN MIGUEL,2009,4,0.6,33.89,20.21
105063,SAN MIGUEL,2009,5,4.6,31.47,18.67
105063,SAN MIGUEL,2009,6,0.0,29.0,17.85
105063,SAN MIGUEL,2009,7,0.0,28.47,17.7
105063,SAN MIGUEL,2009,8,0.0,28.83,17.05
105063,SAN MIGUEL,2009,9,0.0,28.87,17.72
105063,SAN MIGUEL,2009,10,0.3,29.2,17.6
105063,SAN MIGUEL,2009,11,5.0,29.41,18.28
105063,SAN MIGUEL,2009,12,5.4,31.14,20.38
105063,SAN MIGUEL,2010,1,0.7,33.67,22.43
105063,SAN MIGUEL,2010,2,53.9,34.12,23.15
105063,SAN MIGUEL,2010,3,16.7,34.33,22.7
105063,SAN MIGUEL,2010,4,15.2,33.22,21.26
105063,SAN MIGUEL,2010,5,4.7,31.33,18.91
105063,SAN MIGUEL,2010,6,0.0,29.98,17.57
105063,SAN MIGUEL,2010,7,0.0,28.61,16.0
105063,SAN MIGUEL,2010,8,0.0,28.04,15.88
105063,SAN MIGUEL,2010,9,0.0,27.84,15.51
105063,SAN MIGUEL,2010,10,1.4,28.32,15.7
105063,SAN MIGUEL,2010,11,0.0,29.31,15.47
105063,SAN MIGUEL,2010,12,0.0,31.83,17.98
105063,SAN MIGUEL,2011,1,3.1,34.09,19.22
105063,SAN MIGUEL,2011,2,0.0,35.23,21.06
105063,SAN MIGUEL,2011,3,0.0,35.86,19.82
105063,SAN MIGUEL,2011,4,11.0,34.16,20.19
105063,SAN MIGUEL,2011,5,3.2,31.73,19.21
105063,SAN MIGUEL,2011,6,0.2,30.79,18.73
105063,SAN MIGUEL,2011,7,1.6,29.18,17.06
105063,SAN MIGUEL,2011,8,0.0,29.31,16.49
105063,SAN MIGUEL,2011,9,0.0,30.7,16.13
105063,SAN MIGUEL,2011,10,0.0,30.96,15.66
105063,SAN MIGUEL,2011,11,2.1,32.43,17.02
105063,SAN MIGUEL,2011,12,1.9,32.93,19.01
105063,SAN MIGUEL,2012,1,3.1,34.99,21.47
105063,SAN MIGUEL,2012,2,53.7,35.21,22.44
105063,SAN MIGUEL,2012,3,31.7,35.16,22.33
105063,SAN MIGUEL,2012,4,7.9,34.37,21.71
105063,SAN MIGUEL,2012,5,0.0,32.72,19.59
105063,SAN MIGUEL,2012,6,0.0,31.44,19.31
105063,SAN MIGUEL,2012,7,0.0,29.67,17.31
105063,SAN MIGUEL,2012,8,0.0,29.58,16.46
105063,SAN MIGUEL,2012,9,0.0,30.79,17.49
105063,SAN MIGUEL,2012,10,0.2,30.46,17.33
105063,SAN MIGUEL,2012,11,1.6,31.63,18.52
105063,SAN MIGUEL,2012,12,0.2,32.63,18.6
105063,SAN MIGUEL,2013,1,0.5,34.49,21.63
105063,SAN MIGUEL,2013,2,3.5,35.64,21.88
105063,SAN MIGUEL,2013,3,42.0,34.56,21.9
105063,SAN MIGUEL,2013,4,0.8,32.67,-999.0
105063,SAN MIGUEL,2013,5,3.0,30.13,18.46
105063,SAN MIGUEL,2013,6,0.0,28.28,16.45
105063,SAN MIGUEL,2013,7,0.0,28.83,15.36
105063,SAN MIGUEL,2013,8,0.0,29.47,16.0
105063,SAN MIGUEL,2013,9,0.0,30.01,15.93
105063,SAN MIGUEL,2013,10,1.2,30.57,16.48
105063,SAN MIGUEL,2013,11,0.0,30.81,15.7
105063,SAN MIGUEL,2013,12,0.0,33.39,18.37
105063,SAN MIGUEL,2014,1,0.0,35.08,21.76
105063,SAN MIGUEL,2014,2,9.6,35.9,21.75
105063,SAN MIGUEL,2014,3,5.3,36.23,21.75
105063,SAN MIGUEL,2014,4,2.1,34.51,20.07
105063,SAN MIGUEL,2014,5,0.4,32.58,21.59
105063,SAN MIGUEL,2014,6,0.2,31.82,20.05
105063,SAN MIGUEL,2014,7,1.1,30.48,17.09
105063,SAN MIGUEL,2014,8,0.0,30.07,16.87
105063,SAN MIGUEL,2014,9,0.0,31.13,16.84
105063,SAN MIGUEL,2014,10,1.6,31.12,17.52
105063,SAN MIGUEL,2014,11,0.0,31.31,17.58
105063,SAN MIGUEL,2014,12,0.5,32.8,18.66
105063,SAN MIGUEL,2015,1,0.0,34.8,20.96
105063,SAN MIGUEL,2015,2,0.9,35.25,23.05
105063,SAN MIGUEL,2015,3,47.9,34.65,23.27
105063,SAN MIGUEL,2015,4,0.0,33.46,22.04
105063,SAN MIGUEL,2015,5,0.0,31.99,21.65
105063,SAN MIGUEL,2015,6,0.0,31.13,20.02
105063,SAN MIGUEL,2015,7,0.0,30.46,18.32
105063,SAN MIGUEL,2015,8,0.0,30.12,18.12
105063,SAN MIGUEL,2015,9,0.0,31.63,18.81
105063,SAN MIGUEL,2015,10,0.0,31.29,19.57
105063,SAN MIGUEL,2015,11,0.0,31.33,19.61
105063,SAN MIGUEL,2015,12,0.0,32.86,21.39
105063,SAN MIGUEL,2016,1,0.6,34.92,22.81
105063,SAN MIGUEL,2016,2,28.0,36.33,23.99
105063,SAN MIGUEL,2016,3,50.7,35.94,23.82
105063,SAN MIGUEL,2016,4,5.6,34.0,22.02
105063,SAN MIGUEL,2016,5,0.0,32.16,19.38
105063,SAN MIGUEL,2016,6,0.0,31.33,17.8
105063,SAN MIGUEL,2016,7,0.0,30.63,17.26
105063,SAN MIGUEL,2016,8,0.0,30.85,17.07
105063,SAN MIGUEL,2016,9,0.0,31.33,17.86
105063,SAN MIGUEL,2016,10,0.0,31.21,17.81
105063,SAN MIGUEL,2016,11,0.0,32.27,16.46
105063,SAN MIGUEL,2016,12,1.1,34.03,19.21
105063,SAN MIGUEL,2017,1,97.3,35.36,22.41
105063,SAN MIGUEL,2017,2,88.1,35.01,23.52
105063,SAN MIGUEL,2017,3,503.5,33.74,24.0
105063,SAN MIGUEL,2017,4,1.7,32.94,22.07
105063,SAN MIGUEL,2017,5,2.8,30.72,20.6
105063,SAN MIGUEL,2017,6,0.0,28.94,18.76
105063,SAN MIGUEL,2017,7,0.0,26.67,17.72
105063,SAN MIGUEL,2017,8,0.0,27.57,16.86
105063,SAN MIGUEL,2017,9,0.0,29.23,16.72
105063,SAN MIGUEL,2017,10,0.0,29.81,16.77
105063,SAN MIGUEL,2017,11,0.0,30.02,16.49
105063,SAN MIGUEL,2017,12,0.0,32.86,18.91
105063,SAN MIGUEL,2018,1,0.0,35.06,20.24
105063,SAN MIGUEL,2018,2,0.0,35.73,22.04
105063,SAN MIGUEL,2018,3,0.0,35.56,21.24
105063,SAN MIGUEL,2018,4,7.2,34.22,20.14
105063,SAN MIGUEL,2018,5,3.0,31.28,18.51
105063,SAN MIGUEL,2018,6,0.0,28.68,17.13
105063,SAN MIGUEL,2018,7,0.0,28.74,17.13
105063,SAN MIGUEL,2018,8,0.0,29.75,17.46
105063,SAN MIGUEL,2018,9,0.0,30.49,16.87
105063,SAN MIGUEL,2018,10,1.2,30.41,17.32
105063,SAN MIGUEL,2018,11,0.0,-999.0,19.06
105063,SAN MIGUEL,2018,12,1.7,34.2,19.86
105063,SAN MIGUEL,2019,1,0.0,35.62,22.74
105063,SAN MIGUEL,2019,2,33.3,35.97,23.38
105063,SAN MIGUEL,2019,3,5.8,36.49,22.56
105063,SAN MIGUEL,2019,4,0.0,34.6,21.11
105063,SAN MIGUEL,2019,5,0.0,32.55,20.2
105063,SAN MIGUEL,2019,6,0.0,30.85,18.27
105063,SAN MIGUEL,2019,7,0.0,29.23,16.47
105063,SAN MIGUEL,2019,8,0.0,29.17,15.87
105063,SAN MIGUEL,2019,9,0.0,29.8,16.37
105063,SAN MIGUEL,2019,10,0.0,31.14,16.93
105063,SAN MIGUEL,2019,11,3.4,31.64,18.53
105063,SAN MIGUEL,2019,12,17.8,34.22,20.07
105063,SAN MIGUEL,2020,1,0.0,36.09,21.85
105063,SAN MIGUEL,2020,2,0.0,37.21,22.75
105063,SAN MIGUEL,2020,3,-999.0,-999.0,-999.0
105063,SAN MIGUEL,2020,4,-999.0,-999.0,-999.0
105063,SAN MIGUEL,2020,5,-999.0,-999.0,-999.0
105063,SAN MIGUEL,2020,6,-999.0,-999.0,-999.0
105063,SAN MIGUEL,2020,7,-999.0,-999.0,-999.0
105063,SAN MIGUEL,2020,8,-999.0,-999.0,-999.0
105063,SAN MIGUEL,2020,9,-999.0,-999.0,-999.0
105063,SAN MIGUEL,2020,10,-999.0,-999.0,-999.0
105063,SAN MIGUEL,2020,11,-999.0,-999.0,-999.0
105063,SAN MIGUEL,2020,12,-999.0,-999.0,-999.0
105063,SAN MIGUEL,2021,1,-999.0,-999.0,-999.0
105063,SAN MIGUEL,2021,2,-999.0,-999.0,-999.0
105063,SAN MIGUEL,2021,3,-999.0,-999.0,-999.0
105063,SAN MIGUEL,2021,4,-999.0,-999.0,-999.0
105063,SAN MIGUEL,2021,5,-999.0,-999.0,-999.0
105063,SAN MIGUEL,2021,6,-999.0,-999.0,-999.0
105063,SAN MIGUEL,2021,7,-999.0,-999.0,-999.0
105063,SAN MIGUEL,2021,8,-999.0,-999.0,-999.0
105063,SAN MIGUEL,2021,9,-999.0,-999.0,-999.0
105063,SAN MIGUEL,2021,10,-999.0,-999.0,-999.0
105063,SAN MIGUEL,2021,11,-999.0,-999.0,-999.0
105063,SAN MIGUEL,2021,12,-999.0,-999.0,-999.0
105063,SAN MIGUEL,2022,1,-999.0,-999.0,-999.0
105063,SAN MIGUEL,2022,2,-999.0,-999.0,-999.0
105063,SAN MIGUEL,2022,3,-999.0,-999.0,-999.0
105063,SAN MIGUEL,2022,4,-999.0,-999.0,-999.0
105063,SAN MIGUEL,2022,5,0.0,30.17,17.64
105063,SAN MIGUEL,2022,6,0.0,28.5,16.23
105063,SAN MIGUEL,2022,7,0.0,28.39,16.14
105063,SAN MIGUEL,2022,8,0.0,28.77,15.79
105063,SAN MIGUEL,2022,9,0.0,29.42,15.79
105063,SAN MIGUEL,2022,10,0.0,29.56,15.54
105063,SAN MIGUEL,2022,11,0.0,30.82,16.46
105063,SAN MIGUEL,2022,12,1.1,33.51,18.96
105063,SAN MIGUEL,2023,1,0.0,35.37,19.89
105063,SAN MIGUEL,2023,2,24.2,36.6,22.86
105063,SAN MIGUEL,2023,3,201.3,34.83,23.59
105063,SAN MIGUEL,2023,4,189.0,33.61,23.63
105063,SAN MIGUEL,2023,5,3.6,33.28,22.28
105063,SAN MIGUEL,2023,6,0.9,31.99,20.58
105063,SAN MIGUEL,2023,7,0.0,31.12,19.91
105063,SAN MIGUEL,2023,8,0.0,31.22,19.56
105063,SAN MIGUEL,2023,9,0.0,31.12,18.49
105063,SAN MIGUEL,2023,10,2.7,31.85,19.08
105063,SAN MIGUEL,2023,11,0.6,32.0,18.19
105063,SAN MIGUEL,2023,12,9.5,33.99,20.04
105063,SAN MIGUEL,2024,1,17.4,35.21,22.05
105063,SAN MIGUEL,2024,2,26.1,36.06,23.06
105063,SAN MIGUEL,2024,3,0.0,36.15,21.73
105063,SAN MIGUEL,2024,4,-999.0,34.46,21.37
105063,SAN MIGUEL,2024,5,0.0,31.47,18.77
105063,SAN MIGUEL,2024,6,0.0,30.7,17.75
105063,SAN MIGUEL,2024,7,0.0,29.65,16.74
105063,SAN MIGUEL,2024,8,0.0,29.1,16.82
105063,SAN MIGUEL,2024,9,0.0,29.95,16.84
105063,SAN MIGUEL,2024,10,0.0,31.3,17.52
105063,SAN MIGUEL,2024,11,-999.0,-999.0,-999.0
105063,SAN MIGUEL,2024,12,3.8,33.47,19.71
105063,SAN MIGUEL,2025,1,2.7,34.8,20.53
105063,SAN MIGUEL,2025,2,16.4,36.26,23.64
105063,SAN MIGUEL,2025,3,6.0,36.33,23.2
105063,SAN MIGUEL,2025,4,1.5,33.69,21.03
105063,SAN MIGUEL,2025,5,0.5,31.66,19.67
105063,SAN MIGUEL,2025,6,0.0,29.06,19.8
105063,SAN MIGUEL,2025,7,0.0,29.59,17.95
105063,SAN MIGUEL,2025,8,0.0,28.54,17.54
105063,SAN MIGUEL,2025,9,0.0,30.13,17.13
105063,SAN MIGUEL,2025,10,0.0,30.72,17.74
105063,SAN MIGUEL,2025,11,16.6,31.61,18.64
105063,SAN MIGUEL,2025,12,2.7,32.88,17.86
