CODIGO,ESTACION,YEAR,MONTH,PP,TMAX,TMIN
105015,HACIENDA BIGOTE,1990,1,9.8,-999.0,-999.0
105015,HACIENDA BIGOTE,1990,2,2.5,-999.0,-999.0
105015,HACIENDA BIGOTE,1990,3,-999.0,-999.0,-999.0
105015,HACIENDA BIGOTE,1990,4,17.4,-999.0,-999.0
105015,HACIENDA BIGOTE,1990,5,0.0,-999.0,-999.0
105015,HACIENDA BIGOTE,1990,6,0.5,-999.0,-999.0
105015,HACIENDA BIGOTE,1990,7,0.0,-999.0,-999.0
105015,HACIENDA BIGOTE,1990,8,0.0,-999.0,-999.0
105015,HACIENDA BIGOTE,1990,9,0.0,-999.0,-999.0
105015,HACIENDA BIGOTE,1990,10,4.1,-999.0,-999.0
105015,HACIENDA BIGOTE,1990,11,0.0,-999.0,-999.0
105015,HACIENDA BIGOTE,1990,12,0.0,-999.0,-999.0
105015,HACIENDA BIGOTE,1991,1,0.5,-999.0,-999.0
105015,HACIENDA BIGOTE,1991,2,38.5,-999.0,-999.0
105015,HACIENDA BIGOTE,1991,3,67.7,-999.0,-999.0
105015,HACIENDA BIGOTE,1991,4,1.9,-999.0,-999.0
105015,HACIENDA BIGOTE,1991,5,0.0,-999.0,-999.0
105015,HACIENDA BIGOTE,1991,6,0.0,-999.0,-999.0
105015,HACIENDA BIGOTE,1991,7,0.0,-999.0,-999.0
105015,HACIENDA BIGOTE,1991,8,-999.0,-999.0,-999.0
105015,HACIENDA BIGOTE,1991,9,-999.0,-999.0,-999.0
105015,HACIENDA BIGOTE,1991,10,-999.0,-999.0,-999.0
105015,HACIENDA BIGOTE,1991,11,-999.0,-999.0,-999.0
105015,HACIENDA BIGOTE,1991,12,2.3,-999.0,-999.0
105015,HACIENDA BIGOTE,1992,1,-999.0,-999.0,-999.0
105015,HACIENDA BIGOTE,1992,2,-999.0,-999.0,-999.0
105015,HACIENDA BIGOTE,1992,3,373.1,-999.0,-999.0
105015,HACIENDA BIGOTE,1992,4,-999.0,-999.0,-999.0
105015,HACIENDA BIGOTE,1992,5,-999.0,-999.0,-999.0
105015,HACIENDA BIGOTE,1992,6,-999.0,-999.0,-999.0
105015,HACIENDA BIGOTE,1992,7,-999.0,-999.0,-999.0
105015,HACIENDA BIGOTE,1992,8,-999.0,-999.0,-999.0
105015,HACIENDA BIGOTE,1992,9,-999.0,-999.0,-999.0
105015,HACIENDA BIGOTE,1992,10,-999.0,-999.0,-999.0
105015,HACIENDA BIGOTE,1992,11,-999.0,-999.0,-999.0
105015,HACIENDA BIGOTE,1992,12,-999.0,-999.0,-999.0
105015,HACIENDA BIGOTE,1993,1,-999.0,-999.0,-999.0
105015,HACIENDA BIGOTE,1993,2,-999.0,-999.0,-999.0
105015,HACIENDA BIGOTE,1993,3,416.7,-999.0,-999.0
105015,HACIENDA BIGOTE,1993,4,-999.0,-999.0,-999.0
105015,HACIENDA BIGOTE,1993,5,-999.0,-999.0,-999.0
105015,HACIENDA BIGOTE,1993,6,0.0,-999.0,-999.0
105015,HACIENDA BIGOTE,1993,7,0.0,-999.0,-999.0
105015,HACIENDA BIGOTE,1993,8,0.0,-999.0,-999.0
105015,HACIENDA BIGOTE,1993,9,0.0,-999.0,-999.0
105015,HACIENDA BIGOTE,1993,10,3.1,-999.0,-999.0
105015,HACIENDA BIGOTE,1993,11,0.0,-999.0,-999.0
105015,HACIENDA BIGOTE,1993,12,-999.0,-999.0,-999.0
105015,HACIENDA BIGOTE,1994,1,-999.0,-999.0,-999.0
105015,HACIENDA BIGOTE,1994,2,208.0,-999.0,-999.0
105015,HACIENDA BIGOTE,1994,3,-999.0,-999.0,-999.0
105015,HACIENDA BIGOTE,1994,4,-999.0,-999.0,-999.0
105015,HACIENDA BIGOTE,1994,5,0.0,-999.0,-999.0
105015,HACIENDA BIGOTE,1994,6,0.0,-999.0,-999.0
105015,HACIENDA BIGOTE,1994,7,0.0,-999.0,-999.0
105015,HACIENDA BIGOTE,1994,8,0.0,-999.0,-999.0
105015,HACIENDA BIGOTE,1994,9,0.0,-999.0,-999.0
105015,HACIENDA BIGOTE,1994,10,0.0,-999.0,-999.0
105015,HACIENDA BIGOTE,1994,11,0.0,-999.0,-999.0
105015,HACIENDA BIGOTE,1994,12,16.3,-999.0,-999.0
105015,HACIENDA BIGOTE,1995,1,60.8,-999.0,-999.0
105015,HACIENDA BIGOTE,1995,2,-999.0,-999.0,-999.0
105015,HACIENDA BIGOTE,1995,3,-999.0,-999.0,-999.0
105015,HACIENDA BIGOTE,1995,4,24.1,-999.0,-999.0
105015,HACIENDA BIGOTE,1995,5,-999.0,-999.0,-999.0
105015,HACIENDA BIGOTE,1995,6,-999.0,-999.0,-999.0
105015,HACIENDA BIGOTE,1995,7,-999.0,-999.0,-999.0
105015,HACIENDA BIGOTE,1995,8,0.0,-999.0,-999.0
105015,HACIENDA BIGOTE,1995,9,-999.0,-999.0,-999.0
105015,HACIENDA BIGOTE,1995,10,-999.0,-999.0,-999.0
105015,HACIENDA BIGOTE,1995,11,-999.0,-999.0,-999.0
105015,HACIENDA BIGOTE,1995,12,9.8,-999.0,-999.0
105015,HACIENDA BIGOTE,1996,1,-999.0,-999.0,-999.0
105015,HACIENDA BIGOTE,1996,2,-999.0,-999.0,-999.0
105015,HACIENDA BIGOTE,1996,3,55.5,-999.0,-999.0
105015,HACIENDA BIGOTE,1996,4,1.1,-999.0,-999.0
105015,HACIENDA BIGOTE,1996,5,0.5,-999.0,-999.0
105015,HACIENDA BIGOTE,1996,6,0.0,-999.0,-999.0
105015,HACIENDA BIGOTE,1996,7,0.0,-999.0,-999.0
105015,HACIENDA BIGOTE,1996,8,0.0,-999.0,-999.0
105015,HACIENDA BIGOTE,1996,9,0.0,-999.0,-999.0
105015,HACIENDA BIGOTE,1996,10,0.0,-999.0,-999.0
105015,HACIENDA BIGOTE,1996,11,0.0,-999.0,-999.0
105015,HACIENDA BIGOTE,1996,12,0.0,-999.0,-999.0
105015,HACIENDA BIGOTE,1997,1,107.0,-999.0,-999.0
105015,HACIENDA BIGOTE,1997,2,25.0,-999.0,-999.0
105015,HACIENDA BIGOTE,1997,3,77.9,-999.0,-999.0
105015,HACIENDA BIGOTE,1997,4,111.6,-999.0,-999.0
105015,HACIENDA BIGOTE,1997,5,0.0,-999.0,-999.0
105015,HACIENDA BIGOTE,1997,6,0.0,-999.0,-999.0
105015,HACIENDA BIGOTE,1997,7,0.0,-999.0,-999.0
105015,HACIENDA BIGOTE,1997,8,0.0,-999.0,-999.0
105015,HACIENDA BIGOTE,1997,9,3.0,-999.0,-999.0
105015,HACIENDA BIGOTE,1997,10,2.0,-999.0,-999.0
105015,HACIENDA BIGOTE,1997,11,2.5,-999.0,-999.0
105015,HACIENDA BIGOTE,1997,12,78.5,-999.0,-999.0
105015,HACIENDA BIGOTE,1998,1,438.7,-999.0,-999.0
105015,HACIENDA BIGOTE,1998,2,614.1,-999.0,-999.0
105015,HACIENDA BIGOTE,1998,3,737.3,-999.0,-999.0
105015,HACIENDA BIGOTE,1998,4,231.3,-999.0,-999.0
105015,HACIENDA BIGOTE,1998,5,77.0,-999.0,-999.0
105015,HACIENDA BIGOTE,1998,6,0.0,-999.0,-999.0
105015,HACIENDA BIGOTE,1998,7,0.0,-999.0,-999.0
105015,HACIENDA BIGOTE,1998,8,0.0,-999.0,-999.0
105015,HACIENDA BIGOTE,1998,9,2.0,-999.0,-999.0
105015,HACIENDA BIGOTE,1998,10,0.0,-999.0,-999.0
105015,HACIENDA BIGOTE,1998,11,0.0,-999.0,-999.0
105015,HACIENDA BIGOTE,1998,12,7.0,-999.0,-999.0
105015,HACIENDA BIGOTE,1999,1,25.5,-999.0,-999.0
105015,HACIENDA BIGOTE,1999,2,388.5,-999.0,-999.0
105015,HACIENDA BIGOTE,1999,3,255.4,-999.0,-999.0
105015,HACIENDA BIGOTE,1999,4,116.2,-999.0,-999.0
105015,HACIENDA BIGOTE,1999,5,42.0,-999.0,-999.0
105015,HACIENDA BIGOTE,1999,6,0.5,-999.0,-999.0
105015,HACIENDA BIGOTE,1999,7,0.0,-999.0,-999.0
105015,HACIENDA BIGOTE,1999,8,0.0,-999.0,-999.0
105015,HACIENDA BIGOTE,1999,9,2.5,-999.0,-999.0
105015,HACIENDA BIGOTE,1999,10,0.0,-999.0,-999.0
105015,HACIENDA BIGOTE,1999,11,0.0,-999.0,-999.0
105015,HACIENDA BIGOTE,1999,12,14.5,-999.0,-999.0
105015,HACIENDA BIGOTE,2000,1,46.7,-999.0,-999.0
105015,HACIENDA BIGOTE,2000,2,331.2,-999.0,-999.0
105015,HACIENDA BIGOTE,2000,3,267.7,-999.0,-999.0
105015,HACIENDA BIGOTE,2000,4,88.6,-999.0,-999.0
105015,HACIENDA BIGOTE,2000,5,11.6,-999.0,-999.0
105015,HACIENDA BIGOTE,2000,6,6.1,-999.0,-999.0
105015,HACIENDA BIGOTE,2000,7,0.0,-999.0,-999.0
105015,HACIENDA BIGOTE,2000,8,0.5,-999.0,-999.0
105015,HACIENDA BIGOTE,2000,9,14.0,-999.0,-999.0
105015,HACIENDA BIGOTE,2000,10,0.0,-999.0,-999.0
105015,HACIENDA BIGOTE,2000,11,0.0,-999.0,-999.0
105015,HACIENDA BIGOTE,2000,12,52.0,-999.0,-999.0
105015,HACIENDA BIGOTE,2001,1,128.5,-999.0,-999.0
105015,HACIENDA BIGOTE,2001,2,113.0,-999.0,-999.0
105015,HACIENDA BIGOTE,2001,3,374.0,-999.0,-999.0
105015,HACIENDA BIGOTE,2001,4,152.8,-999.0,-999.0
105015,HACIENDA BIGOTE,2001,5,1.4,-999.0,-999.0
105015,HACIENDA BIGOTE,2001,6,0.0,-999.0,-999.0
105015,HACIENDA BIGOTE,2001,7,0.0,-999.0,-999.0
105015,HACIENDA BIGOTE,2001,8,0.0,-999.0,-999.0
105015,HACIENDA BIGOTE,2001,9,0.8,-999.0,-999.0
105015,HACIENDA BIGOTE,2001,10,13.0,-999.0,-999.0
105015,HACIENDA BIGOTE,2001,11,6.7,-999.0,-999.0
105015,HACIENDA BIGOTE,2001,12,2.5,-999.0,-999.0
105015,HACIENDA BIGOTE,2002,1,0.0,-999.0,-999.0
105015,HACIENDA BIGOTE,2002,2,137.6,-999.0,-999.0
105015,HACIENDA BIGOTE,2002,3,289.9,-999.0,-999.0
105015,HACIENDA BIGOTE,2002,4,231.9,-999.0,-999.0
105015,HACIENDA BIGOTE,2002,5,2.0,-999.0,-999.0
105015,HACIENDA BIGOTE,2002,6,0.0,-999.0,-999.0
105015,HACIENDA BIGOTE,2002,7,0.0,-999.0,-999.0
105015,HACIENDA BIGOTE,2002,8,0.0,-999.0,-999.0
105015,HACIENDA BIGOTE,2002,9,0.0,-999.0,-999.0
105015,HACIENDA BIGOTE,2002,10,7.3,-999.0,-999.0
105015,HACIENDA BIGOTE,2002,11,3.8,-999.0,-999.0
105015,HACIENDA BIGOTE,2002,12,6.7,-999.0,-999.0
105015,HACIENDA BIGOTE,2003,1,31.5,-999.0,-999.0
105015,HACIENDA BIGOTE,2003,2,152.9,-999.0,-999.0
105015,HACIENDA BIGOTE,2003,3,12.8,-999.0,-999.0
105015,HACIENDA BIGOTE,2003,4,0.5,-999.0,-999.0
105015,HACIENDA BIGOTE,2003,5,0.0,-999.0,-999.0
105015,HACIENDA BIGOTE,2003,6,0.4,-999.0,-999.0
105015,HACIENDA BIGOTE,2003,7,0.0,-999.0,-999.0
105015,HACIENDA BIGOTE,2003,8,0.0,-999.0,-999.0
105015,HACIENDA BIGOTE,2003,9,0.0,-999.0,-999.0
105015,HACIENDA BIGOTE,2003,10,0.0,-999.0,-999.0
105015,HACIENDA BIGOTE,2003,11,7.3,-999.0,-999.0
105015,HACIENDA BIGOTE,2003,12,7.4,-999.0,-999.0
105015,HACIENDA BIGOTE,2004,1,48.8,-999.0,-999.0
105015,HACIENDA BIGOTE,2004,2,28.3,-999.0,-999.0
105015,HACIENDA BIGOTE,2004,3,2.2,-999.0,-999.0
105015,HACIENDA BIGOTE,2004,4,88.2,-999.0,-999.0
105015,HACIENDA BIGOTE,2004,5,5.9,-999.0,-999.0
105015,HACIENDA BIGOTE,2004,6,0.0,-999.0,-999.0
105015,HACIENDA BIGOTE,2004,7,0.0,-999.0,-999.0
105015,HACIENDA BIGOTE,2004,8,0.0,-999.0,-999.0
105015,HACIENDA BIGOTE,2004,9,0.5,-999.0,-999.0
105015,HACIENDA BIGOTE,2004,10,-999.0,-999.0,-999.0
105015,HACIENDA BIGOTE,2004,11,0.6,-999.0,-999.0
105015,HACIENDA BIGOTE,2004,12,11.5,-999.0,-999.0
105015,HACIENDA BIGOTE,2005,1,0.4,-999.0,-999.0
105015,HACIENDA BIGOTE,2005,2,47.0,-999.0,-999.0
105015,HACIENDA BIGOTE,2005,3,188.4,-999.0,-999.0
105015,HACIENDA BIGOTE,2005,4,2.3,-999.0,-999.0
105015,HACIENDA BIGOTE,2005,5,0.0,-999.0,-999.0
105015,HACIENDA BIGOTE,2005,6,0.0,-999.0,-999.0
105015,HACIENDA BIGOTE,2005,7,0.0,-999.0,-999.0
105015,HACIENDA BIGOTE,2005,8,0.0,-999.0,-999.0
105015,HACIENDA BIGOTE,2005,9,5.2,-999.0,-999.0
105015,HACIENDA BIGOTE,2005,10,0.2,-999.0,-999.0
105015,HACIENDA BIGOTE,2005,11,1.0,-999.0,-999.0
105015,HACIENDA BIGOTE,2005,12,4.3,-999.0,-999.0
105015,HACIENDA BIGOTE,2006,1,22.1,-999.0,-999.0
105015,HACIENDA BIGOTE,2006,2,366.8,-999.0,-999.0
105015,HACIENDA BIGOTE,2006,3,227.7,-999.0,-999.0
105015,HACIENDA BIGOTE,2006,4,50.3,-999.0,-999.0
105015,HACIENDA BIGOTE,2006,5,0.7,-999.0,-999.0
105015,HACIENDA BIGOTE,2006,6,0.0,-999.0,-999.0
105015,HACIENDA BIGOTE,2006,7,0.0,-999.0,-999.0
105015,HACIENDA BIGOTE,2006,8,0.0,-999.0,-999.0
105015,HACIENDA BIGOTE,2006,9,0.0,-999.0,-999.0
105015,HACIENDA BIGOTE,2006,10,0.0,-999.0,-999.0
105015,HACIENDA BIGOTE,2006,11,6.9,-999.0,-999.0
105015,HACIENDA BIGOTE,2006,12,7.1,-999.0,-999.0
105015,HACIENDA BIGOTE,2007,1,36.6,-999.0,-999.0
105015,HACIENDA BIGOTE,2007,2,0.9,-999.0,-999.0
105015,HACIENDA BIGOTE,2007,3,125.0,-999.0,-999.0
105015,HACIENDA BIGOTE,2007,4,3.3,-999.0,-999.0
105015,HACIENDA BIGOTE,2007,5,0.9,-999.0,-999.0
105015,HACIENDA BIGOTE,2007,6,0.0,-999.0,-999.0
105015,HACIENDA BIGOTE,2007,7,0.0,-999.0,-999.0
105015,HACIENDA BIGOTE,2007,8,0.0,-999.0,-999.0
105015,HACIENDA BIGOTE,2007,9,0.0,-999.0,-999.0
105015,HACIENDA BIGOTE,2007,10,-999.0,-999.0,-999.0
105015,HACIENDA BIGOTE,2007,11,9.4,-999.0,-999.0
105015,HACIENDA BIGOTE,2007,12,0.0,-999.0,-999.0
105015,HACIENDA BIGOTE,2008,1,91.8,-999.0,-999.0
105015,HACIENDA BIGOTE,2008,2,477.1,-999.0,-999.0
105015,HACIENDA BIGOTE,2008,3,521.4,-999.0,-999.0
105015,HACIENDA BIGOTE,2008,4,181.9,-999.0,-999.0
105015,HACIENDA BIGOTE,2008,5,6.5,-999.0,-999.0
105015,HACIENDA BIGOTE,2008,6,1.0,-999.0,-999.0
105015,HACIENDA BIGOTE,2008,7,0.0,-999.0,-999.0
105015,HACIENDA BIGOTE,2008,8,0.0,-999.0,-999.0
105015,HACIENDA BIGOTE,2008,9,0.0,-999.0,-999.0
105015,HACIENDA BIGOTE,2008,10,2.6,-999.0,-999.0
105015,HACIENDA BIGOTE,2008,11,10.1,-999.0,-999.0
105015,HACIENDA BIGOTE,2008,12,0.0,-999.0,-999.0
105015,HACIENDA BIGOTE,2009,1,186.7,-999.0,-999.0
105015,HACIENDA BIGOTE,2009,2,127.9,-999.0,-999.0
105015,HACIENDA BIGOTE,2009,3,243.7,-999.0,-999.0
105015,HACIENDA BIGOTE,2009,4,29.1,-999.0,-999.0
105015,HACIENDA BIGOTE,2009,5,11.0,-999.0,-999.0
105015,HACIENDA BIGOTE,2009,6,0.0,-999.0,-999.0
105015,HACIENDA BIGOTE,2009,7,0.2,-999.0,-999.0
105015,HACIENDA BIGOTE,2009,8,0.0,-999.0,-999.0
105015,HACIENDA BIGOTE,2009,9,0.0,-999.0,-999.0
105015,HACIENDA BIGOTE,2009,10,0.0,-999.0,-999.0
105015,HACIENDA BIGOTE,2009,11,5.1,-999.0,-999.0
105015,HACIENDA BIGOTE,2009,12,11.9,-999.0,-999.0
105015,HACIENDA BIGOTE,2010,1,43.1,-999.0,-999.0
105015,HACIENDA BIGOTE,2010,2,238.3,-999.0,-999.0
105015,HACIENDA BIGOTE,2010,3,144.8,-999.0,-999.0
105015,HACIENDA BIGOTE,2010,4,65.7,-999.0,-999.0
105015,HACIENDA BIGOTE,2010,5,0.6,-999.0,-999.0
105015,HACIENDA BIGOTE,2010,6,0.3,-999.0,-999.0
105015,HACIENDA BIGOTE,2010,7,0.0,-999.0,-999.0
105015,HACIENDA BIGOTE,2010,8,0.0,-999.0,-999.0
105015,HACIENDA BIGOTE,2010,9,0.0,-999.0,-999.0
105015,HACIENDA BIGOTE,2010,10,5.5,-999.0,-999.0
105015,HACIENDA BIGOTE,2010,11,3.6,-999.0,-999.0
105015,HACIENDA BIGOTE,2010,12,8.9,-999.0,-999.0
105015,HACIENDA BIGOTE,2011,1,8.9,-999.0,-999.0
105015,HACIENDA BIGOTE,2011,2,99.8,-999.0,-999.0
105015,HACIENDA BIGOTE,2011,3,0.0,-999.0,-999.0
105015,HACIENDA BIGOTE,2011,4,129.2,-999.0,-999.0
105015,HACIENDA BIGOTE,2011,5,0.0,-999.0,-999.0
105015,HACIENDA BIGOTE,2011,6,0.0,-999.0,-999.0
105015,HACIENDA BIGOTE,2011,7,0.0,-999.0,-999.0
105015,HACIENDA BIGOTE,2011,8,0.0,-999.0,-999.0
105015,HACIENDA BIGOTE,2011,9,0.0,-999.0,-999.0
105015,HACIENDA BIGOTE,2011,10,0.1,-999.0,-999.0
105015,HACIENDA BIGOTE,2011,11,14.5,-999.0,-999.0
105015,HACIENDA BIGOTE,2011,12,10.9,-999.0,-999.0
105015,HACIENDA BIGOTE,2012,1,-999.0,-999.0,-999.0
105015,HACIENDA BIGOTE,2012,2,613.5,-999.0,-999.0
105015,HACIENDA BIGOTE,2012,3,343.3,-999.0,-999.0
105015,HACIENDA BIGOTE,2012,4,-999.0,-999.0,-999.0
105015,HACIENDA BIGOTE,2012,5,0.0,-999.0,-999.0
105015,HACIENDA BIGOTE,2012,6,0.0,-999.0,-999.0
105015,HACIENDA BIGOTE,2012,7,0.0,-999.0,-999.0
105015,HACIENDA BIGOTE,2012,8,0.0,-999.0,-999.0
105015,HACIENDA BIGOTE,2012,9,0.0,-999.0,-999.0
105015,HACIENDA BIGOTE,2012,10,4.2,-999.0,-999.0
105015,HACIENDA BIGOTE,2012,11,8.4,-999.0,-999.0
105015,HACIENDA BIGOTE,2012,12,5.5,-999.0,-999.0
105015,HACIENDA BIGOTE,2013,1,34.8,-999.0,-999.0
105015,HACIENDA BIGOTE,2013,2,12.2,-999.0,-999.0
105015,HACIENDA BIGOTE,2013,3,110.7,-999.0,-999.0
105015,HACIENDA BIGOTE,2013,4,3.0,-999.0,-999.0
105015,HACIENDA BIGOTE,2013,5,18.0,-999.0,-999.0
105015,HACIENDA BIGOTE,2013,6,0.0,-999.0,-999.0
105015,HACIENDA BIGOTE,2013,7,0.0,-999.0,-999.0
105015,HACIENDA BIGOTE,2013,8,0.0,-999.0,-999.0
105015,HACIENDA BIGOTE,2013,9,0.0,-999.0,-999.0
105015,HACIENDA BIGOTE,2013,10,17.1,-999.0,-999.0
105015,HACIENDA BIGOTE,2013,11,0.0,-999.0,-999.0
105015,HACIENDA BIGOTE,2013,12,1.8,-999.0,-999.0
105015,HACIENDA BIGOTE,2014,1,14.1,-999.0,-999.0
105015,HACIENDA BIGOTE,2014,2,7.9,-999.0,-999.0
105015,HACIENDA BIGOTE,2014,3,101.6,-999.0,-999.0
105015,HACIENDA BIGOTE,2014,4,0.8,-999.0,-999.0
105015,HACIENDA BIGOTE,2014,5,3.3,-999.0,-999.0
105015,HACIENDA BIGOTE,2014,6,0.6,-999.0,-999.0
105015,HACIENDA BIGOTE,2014,7,0.0,-999.0,-999.0
105015,HACIENDA BIGOTE,2014,8,0.0,-999.0,-999.0
105015,HACIENDA BIGOTE,2014,9,0.0,-999.0,-999.0
105015,HACIENDA BIGOTE,2014,10,9.7,-999.0,-999.0
105015,HACIENDA BIGOTE,2014,11,0.5,-999.0,-999.0
105015,HACIENDA BIGOTE,2014,12,0.0,-999.0,-999.0
105015,HACIENDA BIGOTE,2015,1,17.8,-999.0,-999.0
105015,HACIENDA BIGOTE,2015,2,44.6,-999.0,-999.0
105015,HACIENDA BIGOTE,2015,3,378.2,-999.0,-999.0
105015,HACIENDA BIGOTE,2015,4,3.1,-999.0,-999.0
105015,HACIENDA BIGOTE,2015,5,4.3,-999.0,-999.0
105015,HACIENDA BIGOTE,2015,6,0.0,-999.0,-999.0
105015,HACIENDA BIGOTE,2015,7,0.0,-999.0,-999.0
105015,HACIENDA BIGOTE,2015,8,0.0,-999.0,-999.0
105015,HACIENDA BIGOTE,2015,9,0.0,-999.0,-999.0
105015,HACIENDA BIGOTE,2015,10,0.0,-999.0,-999.0
105015,HACIENDA BIGOTE,2015,11,0.0,-999.0,-999.0
105015,HACIENDA BIGOTE,2015,12,0.0,-999.0,-999.0
105015,HACIENDA BIGOTE,2016,1,102.6,-999.0,-999.0
105015,HACIENDA BIGOTE,2016,2,178.0,-999.0,-999.0
105015,HACIENDA BIGOTE,2016,3,118.0,-999.0,-999.0
105015,HACIENDA BIGOTE,2016,4,133.8,-999.0,-999.0
105015,HACIENDA BIGOTE,2016,5,0.0,-999.0,-999.0
105015,HACIENDA BIGOTE,2016,6,0.0,-999.0,-999.0
105015,HACIENDA BIGOTE,2016,7,0.0,-999.0,-999.0
105015,HACIENDA BIGOTE,2016,8,0.0,-999.0,-999.0
105015,HACIENDA BIGOTE,2016,9,4.7,-999.0,-999.0
105015,HACIENDA BIGOTE,2016,10,0.0,-999.0,-999.0
105015,HACIENDA BIGOTE,2016,11,0.0,-999.0,-999.0
105015,HACIENDA BIGOTE,2016,12,3.1,-999.0,-999.0
105015,HACIENDA BIGOTE,2017,1,128.5,-999.0,-999.0
105015,HACIENDA BIGOTE,2017,2,584.7,-999.0,-999.0
105015,HACIENDA BIGOTE,2017,3,880.1,-999.0,-999.0
105015,HACIENDA BIGOTE,2017,4,251.6,-999.0,-999.0
105015,HACIENDA BIGOTE,2017,5,31.8,-999.0,-999.0
105015,HACIENDA BIGOTE,2017,6,4.8,-999.0,-999.0
105015,HACIENDA BIGOTE,2017,7,0.0,-999.0,-999.0
105015,HACIENDA BIGOTE,2017,8,0.9,-999.0,-999.0
105015,HACIENDA BIGOTE,2017,9,0.0,-999.0,-999.0
105015,HACIENDA BIGOTE,2017,10,7.3,-999.0,-999.0
105015,HACIENDA BIGOTE,2017,11,0.0,-999.0,-999.0
105015,HACIENDA BIGOTE,2017,12,1.2,-999.0,-999.0
105015,HACIENDA BIGOTE,2018,1,13.5,-999.0,-999.0
105015,HACIENDA BIGOTE,2018,2,55.1,-999.0,-999.0
105015,HACIENDA BIGOTE,2018,3,21.8,-999.0,-999.0
105015,HACIENDA BIGOTE,2018,4,73.8,-999.0,-999.0
105015,HACIENDA BIGOTE,2018,5,26.5,-999.0,-999.0
105015,HACIENDA BIGOTE,2018,6,0.0,-999.0,-999.0
105015,HACIENDA BIGOTE,2018,7,0.0,-999.0,-999.0
105015,HACIENDA BIGOTE,2018,8,0.0,-999.0,-999.0
105015,HACIENDA BIGOTE,2018,9,0.0,-999.0,-999.0
105015,HACIENDA BIGOTE,2018,10,1.4,-999.0,-999.0
105015,HACIENDA BIGOTE,2018,11,5.4,-999.0,-999.0
105015,HACIENDA BIGOTE,2018,12,3.6,-999.0,-999.0
105015,HACIENDA BIGOTE,2019,1,39.7,-999.0,-999.0
105015,HACIENDA BIGOTE,2019,2,544.1,-999.0,-999.0
105015,HACIENDA BIGOTE,2019,3,123.2,-999.0,-999.0
105015,HACIENDA BIGOTE,2019,4,164.3,-999.0,-999.0
105015,HACIENDA BIGOTE,2019,5,5.8,-999.0,-999.0
105015,HACIENDA BIGOTE,2019,6,0.0,-999.0,-999.0
105015,HACIENDA BIGOTE,2019,7,0.0,-999.0,-999.0
105015,HACIENDA BIGOTE,2019,8,0.0,-999.0,-999.0
105015,HACIENDA BIGOTE,2019,9,0.0,-999.0,-999.0
105015,HACIENDA BIGOTE,2019,10,2.0,-999.0,-999.0
105015,HACIENDA BIGOTE,2019,11,1.4,-999.0,-999.0
105015,HACIENDA BIGOTE,2019,12,7.8,-999.0,-999.0
105015,HACIENDA BIGOTE,2020,1,19.9,-999.0,-999.0
105015,HACIENDA BIGOTE,2020,2,46.3,-999.0,-999.0
105015,HACIENDA BIGOTE,2020,3,-999.0,-999.0,-999.0
105015,HACIENDA BIGOTE,2020,4,-999.0,-999.0,-999.0
105015,HACIENDA BIGOTE,2020,5,-999.0,-999.0,-999.0
105015,HACIENDA BIGOTE,2020,6,-999.0,-999.0,-999.0
105015,HACIENDA BIGOTE,2020,7,0.0,-999.0,-999.0
105015,HACIENDA BIGOTE,2020,8,0.0,-999.0,-999.0
105015,HACIENDA BIGOTE,2020,9,0.0,-999.0,-999.0
105015,HACIENDA BIGOTE,2020,10,0.7,-999.0,-999.0
105015,HACIENDA BIGOTE,2020,11,2.7,-999.0,-999.0
105015,HACIENDA BIGOTE,2020,12,8.7,-999.0,-999.0
105015,HACIENDA BIGOTE,2021,1,24.3,-999.0,-999.0
105015,HACIENDA BIGOTE,2021,2,61.9,-999.0,-999.0
105015,HACIENDA BIGOTE,2021,3,402.2,-999.0,-999.0
105015,HACIENDA BIGOTE,2021,4,35.9,-999.0,-999.0
105015,HACIENDA BIGOTE,2021,5,2.8,-999.0,-999.0
105015,HACIENDA BIGOTE,2021,6,0.4,-999.0,-999.0
105015,HACIENDA BIGOTE,2021,7,0.0,-999.0,-999.0
105015,HACIENDA BIGOTE,2021,8,0.0,-999.0,-999.0
105015,HACIENDA BIGOTE,2021,9,0.3,-999.0,-999.0
105015,HACIENDA BIGOTE,2021,10,4.8,-999.0,-999.0
105015,HACIENDA BIGOTE,2021,11,3.7,-999.0,-999.0
105015,HACIENDA BIGOTE,2021,12,21.8,-999.0,-999.0
105015,HACIENDA BIGOTE,2022,1,4.7,-999.0,-999.0
105015,HACIENDA BIGOTE,2022,2,22.7,-999.0,-999.0
105015,HACIENDA BIGOTE,2022,3,231.3,-999.0,-999.0
105015,HACIENDA BIGOTE,2022,4,4.3,-999.0,-999.0
105015,HACIENDA BIGOTE,2022,5,0.0,-999.0,-999.0
105015,HACIENDA BIGOTE,2022,6,0.0,-999.0,-999.0
105015,HACIENDA BIGOTE,2022,7,0.0,-999.0,-999.0
105015,HACIENDA BIGOTE,2022,8,0.0,-999.0,-999.0
105015,HACIENDA BIGOTE,2022,9,0.0,-999.0,-999.0
105015,HACIENDA BIGOTE,2022,10,0.5,-999.0,-999.0
105015,HACIENDA BIGOTE,2022,11,0.0,-999.0,-999.0
105015,HACIENDA BIGOTE,2022,12,3.6,-999.0,-999.0
105015,HACIENDA BIGOTE,2023,1,21.1,-999.0,-999.0
105015,HACIENDA BIGOTE,2023,2,90.5,-999.0,-999.0
105015,HACIENDA BIGOTE,2023,3,709.4,-999.0,-999.0
105015,HACIENDA BIGOTE,2023,4,704.3,-999.0,-999.0
105015,HACIENDA BIGOTE,2023,5,12.2,-999.0,-999.0
105015,HACIENDA BIGOTE,2023,6,2.5,-999.0,-999.0
105015,HACIENDA BIGOTE,2023,7,0.0,-999.0,-999.0
105015,HACIENDA BIGOTE,2023,8,0.0,-999.0,-999.0
105015,HACIENDA BIGOTE,2023,9,0.0,-999.0,-999.0
105015,HACIENDA BIGOTE,2023,10,17.1,-999.0,-999.0
105015,HACIENDA BIGOTE,2023,11,1.4,-999.0,-999.0
105015,HACIENDA BIGOTE,2023,12,51.5,-999.0,-999.0
105015,HACIENDA BIGOTE,2024,1,29.4,-999.0,-999.0
105015,HACIENDA BIGOTE,2024,2,318.5,-999.0,-999.0
105015,HACIENDA BIGOTE,2024,3,48.2,-999.0,-999.0
105015,HACIENDA BIGOTE,2024,4,3.8,-999.0,-999.0
105015,HACIENDA BIGOTE,2024,5,0.0,-999.0,-999.0
105015,HACIENDA BIGOTE,2024,6,0.0,-999.0,-999.0
105015,HACIENDA BIGOTE,2024,7,0.0,-999.0,-999.0
105015,HACIENDA BIGOTE,2024,8,0.0,-999.0,-999.0
105015,HACIENDA BIGOTE,2024,9,0.7,-999.0,-999.0
105015,HACIENDA BIGOTE,2024,10,0.0,-999.0,-999.0
105015,HACIENDA BIGOTE,2024,11,0.2,-999.0,-999.0
105015,HACIENDA BIGOTE,2024,12,24.6,-999.0,-999.0
105015,HACIENDA BIGOTE,2025,1,26.0,-999.0,-999.0
105015,HACIENDA BIGOTE,2025,2,287.9,-999.0,-999.0
105015,HACIENDA BIGOTE,2025,3,372.0,-999.0,-999.0
105015,HACIENDA BIGOTE,2025,4,85.1,-999.0,-999.0
105015,HACIENDA BIGOTE,2025,5,6.5,-999.0,-999.0
105015,HACIENDA BIGOTE,2025,6,1.0,-999.0,-999.0
105015,HACIENDA BIGOTE,2025,7,0.0,-999.0,-999.0
105015,HACIENDA BIGOTE,2025,8,0.8,-999.0,-999.0
105015,HACIENDA BIGOTE,2025,9,0.0,-999.0,-999.0
105015,HACIENDA BIGOTE,2025,10,4.4,-999.0,-999.0
105015,HACIENDA BIGOTE,2025,11,28.0,-999.0,-999.0
105015,HACIENDA BIGOTE,2025,12,2.8,-999.0,-999.0
