CODIGO,ESTACION,YEAR,MONTH,PP,TMAX,TMIN
105053,SALLIQUE,1990,1,-999.0,-999.0,-999.0
105053,SALLIQUE,1990,2,-999.0,-999.0,-999.0
105053,SALLIQUE,1990,3,-999.0,-999.0,-999.0
105053,SALLIQUE,1990,4,-999.0,-999.0,-999.0
105053,SALLIQUE,1990,5,-999.0,-999.0,-999.0
105053,SALLIQUE,1990,6,-999.0,-999.0,-999.0
105053,SALLIQUE,1990,7,-999.0,-999.0,-999.0
105053,SALLIQUE,1990,8,-999.0,-999.0,-999.0
105053,SALLIQUE,1990,9,-999.0,-999.0,-999.0
105053,SALLIQUE,1990,10,-999.0,-999.0,-999.0
105053,SALLIQUE,1990,11,-999.0,-999.0,-999.0
105053,SALLIQUE,1990,12,-999.0,-999.0,-999.0
105053,SALLIQUE,1991,1,-999.0,-999.0,-999.0
105053,SALLIQUE,1991,2,-999.0,-999.0,-999.0
105053,SALLIQUE,1991,3,-999.0,-999.0,-999.0
105053,SALLIQUE,1991,4,-999.0,-999.0,-999.0
105053,SALLIQUE,1991,5,-999.0,-999.0,-999.0
105053,SALLIQUE,1991,6,-999.0,-999.0,-999.0
105053,SALLIQUE,1991,7,-999.0,-999.0,-999.0
105053,SALLIQUE,1991,8,-999.0,-999.0,-999.0
105053,SALLIQUE,1991,9,-999.0,-999.0,-999.0
105053,SALLIQUE,1991,10,-999.0,-999.0,-999.0
105053,SALLIQUE,1991,11,-999.0,-999.0,-999.0
105053,SALLIQUE,1991,12,-999.0,-999.0,-999.0
105053,SALLIQUE,1992,1,-999.0,-999.0,-999.0
105053,SALLIQUE,1992,2,-999.0,-999.0,-999.0
105053,SALLIQUE,1992,3,-999.0,-999.0,-999.0
105053,SALLIQUE,1992,4,-999.0,-999.0,-999.0
105053,SALLIQUE,1992,5,-999.0,-999.0,-999.0
105053,SALLIQUE,1992,6,-999.0,-999.0,-999.0
105053,SALLIQUE,1992,7,-999.0,-999.0,-999.0
105053,SALLIQUE,1992,8,-999.0,-999.0,-999.0
105053,SALLIQUE,1992,9,-999.0,-999.0,-999.0
105053,SALLIQUE,1992,10,-999.0,-999.0,-999.0
105053,SALLIQUE,1992,11,-999.0,-999.0,-999.0
105053,SALLIQUE,1992,12,-999.0,-999.0,-999.0
105053,SALLIQUE,1993,1,-999.0,-999.0,-999.0
105053,SALLIQUE,1993,2,-999.0,-999.0,-999.0
105053,SALLIQUE,1993,3,-999.0,-999.0,-999.0
105053,SALLIQUE,1993,4,-999.0,-999.0,-999.0
105053,SALLIQUE,1993,5,-999.0,-999.0,-999.0
105053,SALLIQUE,1993,6,-999.0,-999.0,-999.0
105053,SALLIQUE,1993,7,-999.0,-999.0,-999.0
105053,SALLIQUE,1993,8,-999.0,-999.0,-999.0
105053,SALLIQUE,1993,9,-999.0,-999.0,-999.0
105053,SALLIQUE,1993,10,-999.0,-999.0,-999.0
105053,SALLIQUE,1993,11,-999.0,-999.0,-999.0
105053,SALLIQUE,1993,12,-999.0,-999.0,-999.0
105053,SALLIQUE,1994,1,-999.0,-999.0,-999.0
105053,SALLIQUE,1994,2,-999.0,-999.0,-999.0
105053,SALLIQUE,1994,3,-999.0,-999.0,-999.0
105053,SALLIQUE,1994,4,-999.0,-999.0,-999.0
105053,SALLIQUE,1994,5,-999.0,-999.0,-999.0
105053,SALLIQUE,1994,6,-999.0,-999.0,-999.0
105053,SALLIQUE,1994,7,-999.0,-999.0,-999.0
105053,SALLIQUE,1994,8,-999.0,-999.0,-999.0
105053,SALLIQUE,1994,9,-999.0,-999.0,-999.0
105053,SALLIQUE,1994,10,-999.0,-999.0,-999.0
105053,SALLIQUE,1994,11,-999.0,-999.0,-999.0
105053,SALLIQUE,1994,12,-999.0,-999.0,-999.0
105053,SALLIQUE,1995,1,-999.0,-999.0,-999.0
105053,SALLIQUE,1995,2,-999.0,-999.0,-999.0
105053,SALLIQUE,1995,3,-999.0,-999.0,-999.0
105053,SALLIQUE,1995,4,-999.0,-999.0,-999.0
105053,SALLIQUE,1995,5,-999.0,-999.0,-999.0
105053,SALLIQUE,1995,6,-999.0,-999.0,-999.0
105053,SALLIQUE,1995,7,-999.0,-999.0,-999.0
105053,SALLIQUE,1995,8,-999.0,-999.0,-999.0
105053,SALLIQUE,1995,9,-999.0,-999.0,-999.0
105053,SALLIQUE,1995,10,-999.0,-999.0,-999.0
105053,SALLIQUE,1995,11,-999.0,-999.0,-999.0
105053,SALLIQUE,1995,12,-999.0,-999.0,-999.0
105053,SALLIQUE,1996,1,-999.0,-999.0,-999.0
105053,SALLIQUE,1996,2,-999.0,-999.0,-999.0
105053,SALLIQUE,1996,3,-999.0,-999.0,-999.0
105053,SALLIQUE,1996,4,-999.0,-999.0,-999.0
105053,SALLIQUE,1996,5,-999.0,-999.0,-999.0
105053,SALLIQUE,1996,6,-999.0,-999.0,-999.0
105053,SALLIQUE,1996,7,-999.0,-999.0,-999.0
105053,SALLIQUE,1996,8,-999.0,-999.0,-999.0
105053,SALLIQUE,1996,9,-999.0,-999.0,-999.0
105053,SALLIQUE,1996,10,-999.0,-999.0,-999.0
105053,SALLIQUE,1996,11,-999.0,-999.0,-999.0
105053,SALLIQUE,1996,12,-999.0,-999.0,-999.0
105053,SALLIQUE,1997,1,-999.0,-999.0,-999.0
105053,SALLIQUE,1997,2,-999.0,-999.0,-999.0
105053,SALLIQUE,1997,3,-999.0,-999.0,-999.0
105053,SALLIQUE,1997,4,-999.0,-999.0,-999.0
105053,SALLIQUE,1997,5,-999.0,-999.0,-999.0
105053,SALLIQUE,1997,6,-999.0,-999.0,-999.0
105053,SALLIQUE,1997,7,-999.0,-999.0,-999.0
105053,SALLIQUE,1997,8,-999.0,-999.0,-999.0
105053,SALLIQUE,1997,9,-999.0,-999.0,-999.0
105053,SALLIQUE,1997,10,-999.0,-999.0,-999.0
105053,SALLIQUE,1997,11,-999.0,-999.0,-999.0
105053,SALLIQUE,1997,12,-999.0,-999.0,-999.0
105053,SALLIQUE,1998,1,-999.0,-999.0,-999.0
105053,SALLIQUE,1998,2,-999.0,-999.0,-999.0
105053,SALLIQUE,1998,3,-999.0,-999.0,-999.0
105053,SALLIQUE,1998,4,-999.0,-999.0,-999.0
105053,SALLIQUE,1998,5,-999.0,-999.0,-999.0
105053,SALLIQUE,1998,6,-999.0,-999.0,-999.0
105053,SALLIQUE,1998,7,-999.0,-999.0,-999.0
105053,SALLIQUE,1998,8,-999.0,-999.0,-999.0
105053,SALLIQUE,1998,9,-999.0,-999.0,-999.0
105053,SALLIQUE,1998,10,-999.0,-999.0,-999.0
105053,SALLIQUE,1998,11,-999.0,-999.0,-999.0
105053,SALLIQUE,1998,12,-999.0,-999.0,-999.0
105053,SALLIQUE,1999,1,-999.0,-999.0,-999.0
105053,SALLIQUE,1999,2,-999.0,-999.0,-999.0
105053,SALLIQUE,1999,3,-999.0,-999.0,-999.0
105053,SALLIQUE,1999,4,-999.0,-999.0,-999.0
105053,SALLIQUE,1999,5,93.4,-999.0,14.16
105053,SALLIQUE,1999,6,41.5,-999.0,-999.0
105053,SALLIQUE,1999,7,16.3,-999.0,14.25
105053,SALLIQUE,1999,8,0.0,-999.0,14.65
105053,SALLIQUE,1999,9,76.2,-999.0,15.41
105053,SALLIQUE,1999,10,24.0,-999.0,15.18
105053,SALLIQUE,1999,11,27.6,-999.0,15.45
105053,SALLIQUE,1999,12,92.9,-999.0,15.44
105053,SALLIQUE,2000,1,35.8,-999.0,14.74
105053,SALLIQUE,2000,2,153.3,-999.0,15.0
105053,SALLIQUE,2000,3,288.3,-999.0,15.26
105053,SALLIQUE,2000,4,54.5,-999.0,15.7
105053,SALLIQUE,2000,5,78.7,-999.0,15.42
105053,SALLIQUE,2000,6,34.7,-999.0,15.15
105053,SALLIQUE,2000,7,5.4,-999.0,14.25
105053,SALLIQUE,2000,8,0.0,-999.0,15.12
105053,SALLIQUE,2000,9,41.3,-999.0,15.32
105053,SALLIQUE,2000,10,2.2,-999.0,-999.0
105053,SALLIQUE,2000,11,0.0,-999.0,14.64
105053,SALLIQUE,2000,12,67.1,-999.0,15.79
105053,SALLIQUE,2001,1,95.7,-999.0,15.38
105053,SALLIQUE,2001,2,112.2,-999.0,15.54
105053,SALLIQUE,2001,3,143.5,-999.0,15.71
105053,SALLIQUE,2001,4,55.2,-999.0,15.92
105053,SALLIQUE,2001,5,31.2,-999.0,15.72
105053,SALLIQUE,2001,6,36.1,-999.0,14.84
105053,SALLIQUE,2001,7,15.3,-999.0,15.31
105053,SALLIQUE,2001,8,20.3,-999.0,15.54
105053,SALLIQUE,2001,9,23.7,-999.0,15.67
105053,SALLIQUE,2001,10,38.9,28.94,16.18
105053,SALLIQUE,2001,11,100.3,27.19,16.19
105053,SALLIQUE,2001,12,20.5,28.23,16.68
105053,SALLIQUE,2002,1,69.0,27.1,15.91
105053,SALLIQUE,2002,2,105.0,25.54,16.21
105053,SALLIQUE,2002,3,105.7,26.61,16.3
105053,SALLIQUE,2002,4,119.9,26.76,16.2
105053,SALLIQUE,2002,5,30.4,27.15,15.89
105053,SALLIQUE,2002,6,9.2,27.1,15.53
105053,SALLIQUE,2002,7,14.8,26.56,15.57
105053,SALLIQUE,2002,8,0.0,27.77,16.11
105053,SALLIQUE,2002,9,7.3,28.7,16.22
105053,SALLIQUE,2002,10,76.5,27.66,16.56
105053,SALLIQUE,2002,11,75.5,26.11,16.08
105053,SALLIQUE,2002,12,39.4,26.99,16.65
105053,SALLIQUE,2003,1,27.2,26.72,16.31
105053,SALLIQUE,2003,2,53.8,26.39,16.45
105053,SALLIQUE,2003,3,79.9,26.26,16.06
105053,SALLIQUE,2003,4,39.7,27.39,16.48
105053,SALLIQUE,2003,5,46.7,26.39,16.18
105053,SALLIQUE,2003,6,27.7,27.46,15.68
105053,SALLIQUE,2003,7,5.4,26.91,15.04
105053,SALLIQUE,2003,8,0.0,28.08,15.69
105053,SALLIQUE,2003,9,22.2,28.58,16.14
105053,SALLIQUE,2003,10,7.7,28.53,16.57
105053,SALLIQUE,2003,11,33.4,28.66,16.63
105053,SALLIQUE,2003,12,29.5,26.62,16.15
105053,SALLIQUE,2004,1,18.1,28.41,15.63
105053,SALLIQUE,2004,2,13.5,27.39,16.61
105053,SALLIQUE,2004,3,44.8,26.7,16.73
105053,SALLIQUE,2004,4,70.1,28.05,16.49
105053,SALLIQUE,2004,5,30.5,28.44,16.37
105053,SALLIQUE,2004,6,8.3,25.85,15.56
105053,SALLIQUE,2004,7,11.7,26.46,15.67
105053,SALLIQUE,2004,8,0.0,27.37,15.52
105053,SALLIQUE,2004,9,11.9,28.09,16.02
105053,SALLIQUE,2004,10,90.9,27.39,16.25
105053,SALLIQUE,2004,11,61.4,27.52,16.2
105053,SALLIQUE,2004,12,95.3,27.08,16.17
105053,SALLIQUE,2005,1,10.6,28.06,15.75
105053,SALLIQUE,2005,2,-999.0,-999.0,-999.0
105053,SALLIQUE,2005,3,318.4,26.07,16.4
105053,SALLIQUE,2005,4,45.2,26.87,16.5
105053,SALLIQUE,2005,5,7.8,28.31,15.31
105053,SALLIQUE,2005,6,6.8,27.97,15.54
105053,SALLIQUE,2005,7,0.0,27.93,14.76
105053,SALLIQUE,2005,8,0.0,28.81,15.63
105053,SALLIQUE,2005,9,15.5,28.71,16.13
105053,SALLIQUE,2005,10,50.9,28.62,15.93
105053,SALLIQUE,2005,11,24.3,29.06,14.59
105053,SALLIQUE,2005,12,89.6,27.75,14.7
105053,SALLIQUE,2006,1,83.2,26.98,15.61
105053,SALLIQUE,2006,2,192.2,25.49,16.36
105053,SALLIQUE,2006,3,214.2,26.46,16.02
105053,SALLIQUE,2006,4,114.5,27.46,14.84
105053,SALLIQUE,2006,5,7.3,28.01,14.66
105053,SALLIQUE,2006,6,28.5,27.42,15.25
105053,SALLIQUE,2006,7,6.4,27.96,15.02
105053,SALLIQUE,2006,8,1.9,28.1,16.11
105053,SALLIQUE,2006,9,6.7,29.25,16.29
105053,SALLIQUE,2006,10,22.9,29.07,15.54
105053,SALLIQUE,2006,11,100.4,28.43,15.46
105053,SALLIQUE,2006,12,-999.0,-999.0,-999.0
105053,SALLIQUE,2007,1,61.5,26.06,16.24
105053,SALLIQUE,2007,2,46.7,27.11,15.7
105053,SALLIQUE,2007,3,142.5,26.83,16.47
105053,SALLIQUE,2007,4,100.4,26.71,16.19
105053,SALLIQUE,2007,5,54.1,27.46,-999.0
105053,SALLIQUE,2007,6,23.8,26.71,14.94
105053,SALLIQUE,2007,7,1.7,28.64,14.53
105053,SALLIQUE,2007,8,11.9,27.67,15.27
105053,SALLIQUE,2007,9,2.5,28.13,14.94
105053,SALLIQUE,2007,10,126.4,27.81,14.86
105053,SALLIQUE,2007,11,95.4,25.77,15.51
105053,SALLIQUE,2007,12,32.6,27.36,14.36
105053,SALLIQUE,2008,1,52.8,25.69,15.04
105053,SALLIQUE,2008,2,230.7,24.97,14.43
105053,SALLIQUE,2008,3,178.6,26.72,14.82
105053,SALLIQUE,2008,4,137.4,26.25,14.59
105053,SALLIQUE,2008,5,20.0,27.77,13.5
105053,SALLIQUE,2008,6,34.4,27.65,14.54
105053,SALLIQUE,2008,7,33.6,27.94,15.13
105053,SALLIQUE,2008,8,6.1,28.86,15.32
105053,SALLIQUE,2008,9,5.1,28.66,15.6
105053,SALLIQUE,2008,10,106.5,28.43,14.92
105053,SALLIQUE,2008,11,155.8,28.84,14.62
105053,SALLIQUE,2008,12,0.0,29.11,14.96
105053,SALLIQUE,2009,1,177.4,27.13,14.81
105053,SALLIQUE,2009,2,95.2,26.34,14.78
105053,SALLIQUE,2009,3,186.6,28.01,15.01
105053,SALLIQUE,2009,4,88.1,28.28,15.04
105053,SALLIQUE,2009,5,25.3,29.28,15.2
105053,SALLIQUE,2009,6,6.3,28.99,14.7
105053,SALLIQUE,2009,7,0.6,29.45,14.91
105053,SALLIQUE,2009,8,5.0,29.61,15.21
105053,SALLIQUE,2009,9,18.6,29.41,15.6
105053,SALLIQUE,2009,10,48.2,29.84,16.33
105053,SALLIQUE,2009,11,31.6,30.41,15.96
105053,SALLIQUE,2009,12,52.2,29.23,16.16
105053,SALLIQUE,2010,1,45.6,28.03,16.04
105053,SALLIQUE,2010,2,115.7,27.73,16.38
105053,SALLIQUE,2010,3,81.3,28.97,16.81
105053,SALLIQUE,2010,4,59.0,29.4,15.96
105053,SALLIQUE,2010,5,21.3,29.63,16.02
105053,SALLIQUE,2010,6,11.7,29.02,15.77
105053,SALLIQUE,2010,7,7.6,29.9,15.21
105053,SALLIQUE,2010,8,12.4,29.62,15.34
105053,SALLIQUE,2010,9,19.6,28.73,15.21
105053,SALLIQUE,2010,10,31.4,29.77,15.5
105053,SALLIQUE,2010,11,24.5,29.91,14.8
105053,SALLIQUE,2010,12,58.4,28.72,14.93
105053,SALLIQUE,2011,1,36.6,28.46,15.34
105053,SALLIQUE,2011,2,50.2,28.36,14.69
105053,SALLIQUE,2011,3,59.8,29.03,14.66
105053,SALLIQUE,2011,4,132.6,28.09,15.86
105053,SALLIQUE,2011,5,13.7,28.25,15.21
105053,SALLIQUE,2011,6,26.1,28.02,15.05
105053,SALLIQUE,2011,7,18.8,27.15,15.02
105053,SALLIQUE,2011,8,4.3,28.7,15.42
105053,SALLIQUE,2011,9,29.9,28.34,15.38
105053,SALLIQUE,2011,10,24.6,28.95,15.27
105053,SALLIQUE,2011,11,83.5,29.92,14.77
105053,SALLIQUE,2011,12,85.9,27.75,14.97
105053,SALLIQUE,2012,1,87.7,27.0,15.26
105053,SALLIQUE,2012,2,162.1,27.02,-999.0
105053,SALLIQUE,2012,3,75.3,28.9,15.46
105053,SALLIQUE,2012,4,67.8,29.44,15.23
105053,SALLIQUE,2012,5,7.9,29.15,15.54
105053,SALLIQUE,2012,6,5.3,29.67,14.56
105053,SALLIQUE,2012,7,0.7,28.89,14.36
105053,SALLIQUE,2012,8,3.8,28.7,15.27
105053,SALLIQUE,2012,9,0.4,30.56,14.46
105053,SALLIQUE,2012,10,109.3,29.28,14.11
105053,SALLIQUE,2012,11,76.0,29.13,14.36
105053,SALLIQUE,2012,12,39.4,27.81,15.05
105053,SALLIQUE,2013,1,57.1,27.39,16.12
105053,SALLIQUE,2013,2,14.0,27.63,15.68
105053,SALLIQUE,2013,3,50.0,28.1,15.92
105053,SALLIQUE,2013,4,4.9,29.86,15.66
105053,SALLIQUE,2013,5,59.3,29.22,14.5
105053,SALLIQUE,2013,6,6.1,27.51,14.98
105053,SALLIQUE,2013,7,37.8,26.6,14.69
105053,SALLIQUE,2013,8,7.6,27.47,15.08
105053,SALLIQUE,2013,9,2.0,30.59,14.17
105053,SALLIQUE,2013,10,82.9,29.02,14.21
105053,SALLIQUE,2013,11,0.2,30.18,13.69
105053,SALLIQUE,2013,12,21.9,29.33,14.57
105053,SALLIQUE,2014,1,24.1,27.77,16.02
105053,SALLIQUE,2014,2,61.3,26.89,16.5
105053,SALLIQUE,2014,3,128.0,26.18,15.9
105053,SALLIQUE,2014,4,20.8,29.76,14.2
105053,SALLIQUE,2014,5,87.1,29.64,14.14
105053,SALLIQUE,2014,6,7.0,30.75,14.34
105053,SALLIQUE,2014,7,1.6,31.13,14.77
105053,SALLIQUE,2014,8,15.0,29.21,14.41
105053,SALLIQUE,2014,9,3.2,31.54,13.68
105053,SALLIQUE,2014,10,51.6,28.33,15.89
105053,SALLIQUE,2014,11,100.6,28.05,15.04
105053,SALLIQUE,2014,12,16.0,27.9,15.17
105053,SALLIQUE,2015,1,123.3,26.18,15.46
105053,SALLIQUE,2015,2,23.4,26.92,15.63
105053,SALLIQUE,2015,3,171.8,26.9,14.28
105053,SALLIQUE,2015,4,69.2,26.71,15.79
105053,SALLIQUE,2015,5,56.9,27.91,15.33
105053,SALLIQUE,2015,6,0.0,29.97,14.45
105053,SALLIQUE,2015,7,10.0,28.17,14.96
105053,SALLIQUE,2015,8,2.2,28.93,14.97
105053,SALLIQUE,2015,9,12.2,29.05,15.88
105053,SALLIQUE,2015,10,12.5,29.4,16.2
105053,SALLIQUE,2015,11,50.3,29.01,14.63
105053,SALLIQUE,2015,12,8.4,29.71,15.7
105053,SALLIQUE,2016,1,115.7,-999.0,-999.0
105053,SALLIQUE,2016,2,45.0,-999.0,-999.0
105053,SALLIQUE,2016,3,108.3,-999.0,-999.0
105053,SALLIQUE,2016,4,84.7,-999.0,-999.0
105053,SALLIQUE,2016,5,13.3,-999.0,-999.0
105053,SALLIQUE,2016,6,13.3,-999.0,-999.0
105053,SALLIQUE,2016,7,8.4,-999.0,-999.0
105053,SALLIQUE,2016,8,4.4,-999.0,-999.0
105053,SALLIQUE,2016,9,25.3,-999.0,-999.0
105053,SALLIQUE,2016,10,5.8,-999.0,-999.0
105053,SALLIQUE,2016,11,4.4,-999.0,-999.0
105053,SALLIQUE,2016,12,45.3,-999.0,-999.0
105053,SALLIQUE,2017,1,196.8,-999.0,-999.0
105053,SALLIQUE,2017,2,111.3,-999.0,-999.0
105053,SALLIQUE,2017,3,401.6,-999.0,-999.0
105053,SALLIQUE,2017,4,118.6,-999.0,-999.0
105053,SALLIQUE,2017,5,69.2,-999.0,-999.0
105053,SALLIQUE,2017,6,6.8,-999.0,-999.0
105053,SALLIQUE,2017,7,1.6,-999.0,-999.0
105053,SALLIQUE,2017,8,6.2,-999.0,-999.0
105053,SALLIQUE,2017,9,3.7,-999.0,-999.0
105053,SALLIQUE,2017,10,35.7,-999.0,-999.0
105053,SALLIQUE,2017,11,0.0,-999.0,-999.0
105053,SALLIQUE,2017,12,13.6,-999.0,-999.0
105053,SALLIQUE,2018,1,152.7,-999.0,-999.0
105053,SALLIQUE,2018,2,20.3,-999.0,-999.0
105053,SALLIQUE,2018,3,69.7,-999.0,-999.0
105053,SALLIQUE,2018,4,64.3,-999.0,-999.0
105053,SALLIQUE,2018,5,134.3,-999.0,-999.0
105053,SALLIQUE,2018,6,8.0,-999.0,-999.0
105053,SALLIQUE,2018,7,3.0,-999.0,-999.0
105053,SALLIQUE,2018,8,0.0,-999.0,-999.0
105053,SALLIQUE,2018,9,16.2,-999.0,-999.0
105053,SALLIQUE,2018,10,39.2,-999.0,-999.0
105053,SALLIQUE,2018,11,216.8,-999.0,-999.0
105053,SALLIQUE,2018,12,0.0,-999.0,-999.0
105053,SALLIQUE,2019,1,41.5,-999.0,-999.0
105053,SALLIQUE,2019,2,86.1,-999.0,-999.0
105053,SALLIQUE,2019,3,161.1,-999.0,-999.0
105053,SALLIQUE,2019,4,144.6,-999.0,-999.0
105053,SALLIQUE,2019,5,56.4,-999.0,-999.0
105053,SALLIQUE,2019,6,0.0,-999.0,-999.0
105053,SALLIQUE,2019,7,0.0,-999.0,-999.0
105053,SALLIQUE,2019,8,0.0,-999.0,-999.0
105053,SALLIQUE,2019,9,0.0,-999.0,-999.0
105053,SALLIQUE,2019,10,28.0,-999.0,-999.0
105053,SALLIQUE,2019,11,141.2,-999.0,-999.0
105053,SALLIQUE,2019,12,58.3,-999.0,-999.0
105053,SALLIQUE,2020,1,46.1,-999.0,-999.0
105053,SALLIQUE,2020,2,60.1,-999.0,-999.0
105053,SALLIQUE,2020,3,-999.0,-999.0,-999.0
105053,SALLIQUE,2020,4,-999.0,-999.0,-999.0
105053,SALLIQUE,2020,5,-999.0,-999.0,-999.0
105053,SALLIQUE,2020,6,-999.0,-999.0,-999.0
105053,SALLIQUE,2020,7,-999.0,-999.0,-999.0
105053,SALLIQUE,2020,8,-999.0,-999.0,-999.0
105053,SALLIQUE,2020,9,-999.0,-999.0,-999.0
105053,SALLIQUE,2020,10,-999.0,-999.0,-999.0
105053,SALLIQUE,2020,11,47.1,32.22,12.08
105053,SALLIQUE,2020,12,180.9,-999.0,-999.0
105053,SALLIQUE,2021,1,218.8,-999.0,-999.0
105053,SALLIQUE,2021,2,33.5,-999.0,-999.0
105053,SALLIQUE,2021,3,349.6,-999.0,-999.0
105053,SALLIQUE,2021,4,-999.0,-999.0,-999.0
105053,SALLIQUE,2021,5,107.3,-999.0,-999.0
105053,SALLIQUE,2021,6,25.9,-999.0,-999.0
105053,SALLIQUE,2021,7,55.9,-999.0,-999.0
105053,SALLIQUE,2021,8,0.0,-999.0,-999.0
105053,SALLIQUE,2021,9,25.8,-999.0,-999.0
105053,SALLIQUE,2021,10,232.3,-999.0,-999.0
105053,SALLIQUE,2021,11,79.4,-999.0,-999.0
105053,SALLIQUE,2021,12,187.9,-999.0,-999.0
105053,SALLIQUE,2022,1,20.7,-999.0,-999.0
105053,SALLIQUE,2022,2,217.3,-999.0,-999.0
105053,SALLIQUE,2022,3,443.4,-999.0,-999.0
105053,SALLIQUE,2022,4,113.2,-999.0,-999.0
105053,SALLIQUE,2022,5,31.5,-999.0,-999.0
105053,SALLIQUE,2022,6,141.5,-999.0,-999.0
105053,SALLIQUE,2022,7,75.6,-999.0,-999.0
105053,SALLIQUE,2022,8,38.9,-999.0,-999.0
105053,SALLIQUE,2022,9,10.2,-999.0,-999.0
105053,SALLIQUE,2022,10,124.1,-999.0,-999.0
105053,SALLIQUE,2022,11,35.1,-999.0,-999.0
105053,SALLIQUE,2022,12,93.8,-999.0,-999.0
105053,SALLIQUE,2023,1,117.0,-999.0,-999.0
105053,SALLIQUE,2023,2,96.5,-999.0,-999.0
105053,SALLIQUE,2023,3,216.1,-999.0,-999.0
105053,SALLIQUE,2023,4,226.4,-999.0,-999.0
105053,SALLIQUE,2023,5,29.4,-999.0,-999.0
105053,SALLIQUE,2023,6,0.0,-999.0,-999.0
105053,SALLIQUE,2023,7,5.4,-999.0,-999.0
105053,SALLIQUE,2023,8,0.0,-999.0,-999.0
105053,SALLIQUE,2023,9,0.0,-999.0,-999.0
105053,SALLIQUE,2023,10,85.2,-999.0,-999.0
105053,SALLIQUE,2023,11,34.7,-999.0,-999.0
105053,SALLIQUE,2023,12,191.5,-999.0,-999.0
105053,SALLIQUE,2024,1,89.7,-999.0,-999.0
105053,SALLIQUE,2024,2,96.9,-999.0,-999.0
105053,SALLIQUE,2024,3,120.6,-999.0,-999.0
105053,SALLIQUE,2024,4,119.8,-999.0,-999.0
105053,SALLIQUE,2024,5,40.3,-999.0,-999.0
105053,SALLIQUE,2024,6,22.6,-999.0,-999.0
105053,SALLIQUE,2024,7,2.5,-999.0,-999.0
105053,SALLIQUE,2024,8,0.0,-999.0,-999.0
105053,SALLIQUE,2024,9,3.8,-999.0,-999.0
105053,SALLIQUE,2024,10,9.0,-999.0,-999.0
105053,SALLIQUE,2024,11,0.0,-999.0,-999.0
105053,SALLIQUE,2024,12,175.9,-999.0,-999.0
105053,SALLIQUE,2025,1,261.0,-999.0,-999.0
105053,SALLIQUE,2025,2,370.8,-999.0,-999.0
105053,SALLIQUE,2025,3,316.6,-999.0,-999.0
105053,SALLIQUE,2025,4,259.9,-999.0,-999.0
105053,SALLIQUE,2025,5,62.6,-999.0,-999.0
105053,SALLIQUE,2025,6,39.7,-999.0,-999.0
105053,SALLIQUE,2025,7,14.8,-999.0,-999.0
105053,SALLIQUE,2025,8,32.0,-999.0,-999.0
105053,SALLIQUE,2025,9,0.0,-999.0,-999.0
105053,SALLIQUE,2025,10,95.4,-999.0,-999.0
105053,SALLIQUE,2025,11,181.8,-999.0,-999.0
105053,SALLIQUE,2025,12,114.2,30.56,12.77
