CODIGO,ESTACION,YEAR,MONTH,PP,TMAX,TMIN
105067,JAEN,1990,1,79.7,30.71,20.14
105067,JAEN,1990,2,71.7,33.19,20.54
105067,JAEN,1990,3,83.5,32.04,20.45
105067,JAEN,1990,4,50.4,31.94,20.75
105067,JAEN,1990,5,79.2,31.05,19.88
105067,JAEN,1990,6,49.4,-999.0,19.19
105067,JAEN,1990,7,70.4,-999.0,17.8
105067,JAEN,1990,8,21.5,-999.0,18.47
105067,JAEN,1990,9,25.2,-999.0,19.11
105067,JAEN,1990,10,106.4,-999.0,20.08
105067,JAEN,1990,11,89.5,-999.0,20.0
105067,JAEN,1990,12,75.9,-999.0,19.15
105067,JAEN,1991,1,88.0,-999.0,19.72
105067,JAEN,1991,2,38.7,-999.0,19.78
105067,JAEN,1991,3,55.2,-999.0,20.09
105067,JAEN,1991,4,97.0,-999.0,19.61
105067,JAEN,1991,5,87.7,-999.0,19.49
105067,JAEN,1991,6,28.5,-999.0,19.13
105067,JAEN,1991,7,30.0,-999.0,18.01
105067,JAEN,1991,8,7.9,-999.0,17.59
105067,JAEN,1991,9,20.8,-999.0,19.11
105067,JAEN,1991,10,78.8,-999.0,17.76
105067,JAEN,1991,11,97.1,-999.0,19.74
105067,JAEN,1991,12,23.3,-999.0,19.29
105067,JAEN,1992,1,13.5,-999.0,19.44
105067,JAEN,1992,2,25.7,-999.0,19.84
105067,JAEN,1992,3,68.9,-999.0,19.35
105067,JAEN,1992,4,54.7,-999.0,19.59
105067,JAEN,1992,5,21.7,-999.0,19.85
105067,JAEN,1992,6,24.6,-999.0,18.02
105067,JAEN,1992,7,10.8,-999.0,17.27
105067,JAEN,1992,8,25.9,-999.0,18.23
105067,JAEN,1992,9,34.1,-999.0,18.38
105067,JAEN,1992,10,44.6,-999.0,18.86
105067,JAEN,1992,11,89.5,-999.0,19.02
105067,JAEN,1992,12,58.2,30.21,19.1
105067,JAEN,1993,1,26.0,30.8,18.59
105067,JAEN,1993,2,163.3,30.5,19.41
105067,JAEN,1993,3,214.9,29.73,19.97
105067,JAEN,1993,4,50.2,29.87,19.46
105067,JAEN,1993,5,41.4,30.58,20.14
105067,JAEN,1993,6,54.3,29.76,19.45
105067,JAEN,1993,7,37.3,29.24,18.27
105067,JAEN,1993,8,49.5,29.5,18.02
105067,JAEN,1993,9,50.7,30.81,20.06
105067,JAEN,1993,10,78.6,30.31,18.51
105067,JAEN,1993,11,102.4,31.56,20.08
105067,JAEN,1993,12,92.9,31.02,20.53
105067,JAEN,1994,1,19.3,30.79,20.49
105067,JAEN,1994,2,36.8,29.81,20.59
105067,JAEN,1994,3,110.7,30.37,21.08
105067,JAEN,1994,4,89.5,30.83,21.02
105067,JAEN,1994,5,42.7,31.15,20.99
105067,JAEN,1994,6,31.3,29.14,19.8
105067,JAEN,1994,7,20.3,29.36,19.42
105067,JAEN,1994,8,-999.0,-999.0,-999.0
105067,JAEN,1994,9,21.7,32.15,-999.0
105067,JAEN,1994,10,-999.0,-999.0,-999.0
105067,JAEN,1994,11,-999.0,-999.0,-999.0
105067,JAEN,1994,12,34.2,-999.0,-999.0
105067,JAEN,1995,1,43.1,-999.0,-999.0
105067,JAEN,1995,2,-999.0,-999.0,-999.0
105067,JAEN,1995,3,-999.0,-999.0,-999.0
105067,JAEN,1995,4,91.5,-999.0,-999.0
105067,JAEN,1995,5,-999.0,-999.0,-999.0
105067,JAEN,1995,6,-999.0,-999.0,-999.0
105067,JAEN,1995,7,-999.0,-999.0,-999.0
105067,JAEN,1995,8,9.5,-999.0,-999.0
105067,JAEN,1995,9,12.5,-999.0,-999.0
105067,JAEN,1995,10,3.5,-999.0,-999.0
105067,JAEN,1995,11,-999.0,-999.0,-999.0
105067,JAEN,1995,12,104.6,34.91,-999.0
105067,JAEN,1996,1,27.4,33.04,-999.0
105067,JAEN,1996,2,123.5,31.46,-999.0
105067,JAEN,1996,3,52.1,31.38,-999.0
105067,JAEN,1996,4,54.0,-999.0,-999.0
105067,JAEN,1996,5,54.6,31.68,-999.0
105067,JAEN,1996,6,34.3,-999.0,-999.0
105067,JAEN,1996,7,0.5,31.53,-999.0
105067,JAEN,1996,8,9.5,30.69,-999.0
105067,JAEN,1996,9,27.5,32.69,-999.0
105067,JAEN,1996,10,38.3,33.06,-999.0
105067,JAEN,1996,11,31.7,33.74,-999.0
105067,JAEN,1996,12,68.3,31.73,-999.0
105067,JAEN,1997,1,36.0,33.04,-999.0
105067,JAEN,1997,2,79.6,30.19,-999.0
105067,JAEN,1997,3,44.1,32.26,-999.0
105067,JAEN,1997,4,76.9,32.19,-999.0
105067,JAEN,1997,5,67.6,30.29,-999.0
105067,JAEN,1997,6,46.6,31.47,-999.0
105067,JAEN,1997,7,35.0,31.74,-999.0
105067,JAEN,1997,8,30.0,32.01,-999.0
105067,JAEN,1997,9,6.9,33.79,-999.0
105067,JAEN,1997,10,47.9,33.9,-999.0
105067,JAEN,1997,11,72.4,32.19,-999.0
105067,JAEN,1997,12,20.9,31.4,-999.0
105067,JAEN,1998,1,36.6,31.85,-999.0
105067,JAEN,1998,2,49.0,32.82,22.26
105067,JAEN,1998,3,97.6,32.21,22.7
105067,JAEN,1998,4,143.7,32.29,22.79
105067,JAEN,1998,5,67.9,31.18,-999.0
105067,JAEN,1998,6,40.8,-999.0,-999.0
105067,JAEN,1998,7,12.6,31.97,20.83
105067,JAEN,1998,8,9.7,33.08,20.99
105067,JAEN,1998,9,20.4,33.89,20.89
105067,JAEN,1998,10,153.5,33.03,21.17
105067,JAEN,1998,11,46.2,33.38,20.45
105067,JAEN,1998,12,2.6,34.84,19.99
105067,JAEN,1999,1,52.2,33.39,20.26
105067,JAEN,1999,2,233.9,31.98,20.1
105067,JAEN,1999,3,102.9,30.45,21.0
105067,JAEN,1999,4,68.4,29.5,21.11
105067,JAEN,1999,5,107.3,29.21,20.51
105067,JAEN,1999,6,68.5,29.69,20.64
105067,JAEN,1999,7,44.7,29.06,-999.0
105067,JAEN,1999,8,5.9,30.71,-999.0
105067,JAEN,1999,9,66.0,31.62,20.91
105067,JAEN,1999,10,59.6,31.54,20.43
105067,JAEN,1999,11,37.5,32.46,20.57
105067,JAEN,1999,12,136.6,31.26,20.41
105067,JAEN,2000,1,38.2,31.59,20.18
105067,JAEN,2000,2,121.8,30.1,20.45
105067,JAEN,2000,3,145.4,29.37,20.21
105067,JAEN,2000,4,89.8,28.47,20.17
105067,JAEN,2000,5,58.4,29.46,20.87
105067,JAEN,2000,6,80.0,29.48,19.01
105067,JAEN,2000,7,96.8,28.43,14.72
105067,JAEN,2000,8,23.2,29.43,15.12
105067,JAEN,2000,9,58.2,30.49,15.44
105067,JAEN,2000,10,22.6,30.94,15.85
105067,JAEN,2000,11,13.8,33.69,14.2
105067,JAEN,2000,12,65.4,31.06,16.45
105067,JAEN,2001,1,101.1,29.39,15.47
105067,JAEN,2001,2,33.4,28.77,15.66
105067,JAEN,2001,3,36.6,30.34,15.74
105067,JAEN,2001,4,43.4,31.21,16.04
105067,JAEN,2001,5,61.7,30.85,16.11
105067,JAEN,2001,6,6.6,30.29,15.5
105067,JAEN,2001,7,12.8,30.5,15.51
105067,JAEN,2001,8,11.9,31.61,14.55
105067,JAEN,2001,9,59.4,32.74,14.73
105067,JAEN,2001,10,35.7,33.56,21.57
105067,JAEN,2001,11,84.4,33.26,21.63
105067,JAEN,2001,12,73.9,33.33,22.05
105067,JAEN,2002,1,35.0,32.52,21.67
105067,JAEN,2002,2,103.0,31.59,21.76
105067,JAEN,2002,3,40.6,31.91,21.63
105067,JAEN,2002,4,105.5,31.72,21.79
105067,JAEN,2002,5,118.0,30.15,21.33
105067,JAEN,2002,6,8.7,31.04,20.33
105067,JAEN,2002,7,75.1,30.12,20.74
105067,JAEN,2002,8,2.3,32.72,20.58
105067,JAEN,2002,9,25.6,34.16,21.19
105067,JAEN,2002,10,134.7,32.81,21.6
105067,JAEN,2002,11,80.2,31.25,21.7
105067,JAEN,2002,12,37.2,31.9,21.7
105067,JAEN,2003,1,36.7,32.3,21.33
105067,JAEN,2003,2,135.6,31.26,21.94
105067,JAEN,2003,3,47.7,32.39,21.38
105067,JAEN,2003,4,114.3,32.4,21.7
105067,JAEN,2003,5,130.4,30.75,21.31
105067,JAEN,2003,6,84.5,30.36,21.13
105067,JAEN,2003,7,30.1,30.05,19.9
105067,JAEN,2003,8,25.0,32.72,20.52
105067,JAEN,2003,9,24.8,33.89,20.93
105067,JAEN,2003,10,73.1,33.92,21.32
105067,JAEN,2003,11,44.5,32.96,21.96
105067,JAEN,2003,12,65.5,31.22,21.7
105067,JAEN,2004,1,14.7,33.28,21.27
105067,JAEN,2004,2,20.7,32.3,21.35
105067,JAEN,2004,3,78.8,30.87,21.83
105067,JAEN,2004,4,117.2,32.12,21.55
105067,JAEN,2004,5,103.1,31.29,21.56
105067,JAEN,2004,6,29.7,30.16,20.21
105067,JAEN,2004,7,8.4,30.52,20.22
105067,JAEN,2004,8,10.9,31.81,19.55
105067,JAEN,2004,9,23.5,32.5,20.34
105067,JAEN,2004,10,67.8,32.39,21.41
105067,JAEN,2004,11,84.7,33.16,21.71
105067,JAEN,2004,12,51.8,33.02,21.51
105067,JAEN,2005,1,25.8,32.91,20.96
105067,JAEN,2005,2,128.7,31.78,22.02
105067,JAEN,2005,3,143.8,31.75,21.75
105067,JAEN,2005,4,81.2,31.62,21.58
105067,JAEN,2005,5,36.1,31.41,21.11
105067,JAEN,2005,6,69.1,30.91,20.78
105067,JAEN,2005,7,3.1,31.16,19.89
105067,JAEN,2005,8,22.9,32.27,20.31
105067,JAEN,2005,9,36.9,32.48,21.16
105067,JAEN,2005,10,67.1,32.53,21.44
105067,JAEN,2005,11,119.0,32.74,20.2
105067,JAEN,2005,12,125.7,31.94,21.03
105067,JAEN,2006,1,84.1,31.98,20.95
105067,JAEN,2006,2,173.4,30.05,21.47
105067,JAEN,2006,3,124.6,31.05,21.25
105067,JAEN,2006,4,19.2,32.86,20.96
105067,JAEN,2006,5,43.6,31.83,20.42
105067,JAEN,2006,6,73.3,32.21,20.57
105067,JAEN,2006,7,3.0,31.76,20.08
105067,JAEN,2006,8,19.1,32.37,20.54
105067,JAEN,2006,9,12.6,34.27,21.18
105067,JAEN,2006,10,43.8,34.64,20.8
105067,JAEN,2006,11,87.6,33.9,21.38
105067,JAEN,2006,12,47.3,31.65,21.4
105067,JAEN,2007,1,51.4,30.97,21.4
105067,JAEN,2007,2,58.3,33.14,20.26
105067,JAEN,2007,3,137.0,31.72,20.68
105067,JAEN,2007,4,117.6,32.34,21.17
105067,JAEN,2007,5,80.7,32.59,21.15
105067,JAEN,2007,6,37.7,31.03,20.45
105067,JAEN,2007,7,62.0,31.21,19.81
105067,JAEN,2007,8,24.9,31.35,20.05
105067,JAEN,2007,9,14.4,31.59,19.97
105067,JAEN,2007,10,129.4,32.07,20.23
105067,JAEN,2007,11,139.8,30.32,20.91
105067,JAEN,2007,12,51.8,32.07,20.27
105067,JAEN,2008,1,54.4,31.26,20.65
105067,JAEN,2008,2,176.6,31.87,20.17
105067,JAEN,2008,3,124.7,30.93,20.51
105067,JAEN,2008,4,43.8,31.08,20.71
105067,JAEN,2008,5,69.5,30.93,20.71
105067,JAEN,2008,6,65.0,30.43,20.24
105067,JAEN,2008,7,34.7,29.91,20.19
105067,JAEN,2008,8,10.7,31.95,20.01
105067,JAEN,2008,9,36.7,31.43,20.24
105067,JAEN,2008,10,83.8,31.91,20.91
105067,JAEN,2008,11,70.4,33.27,20.95
105067,JAEN,2008,12,43.0,33.67,20.86
105067,JAEN,2009,1,167.6,30.55,21.05
105067,JAEN,2009,2,56.9,29.83,20.9
105067,JAEN,2009,3,138.7,31.24,20.75
105067,JAEN,2009,4,169.1,31.13,20.74
105067,JAEN,2009,5,47.6,30.78,20.84
105067,JAEN,2009,6,32.5,30.31,20.66
105067,JAEN,2009,7,41.2,29.43,20.06
105067,JAEN,2009,8,26.4,30.6,20.38
105067,JAEN,2009,9,37.6,31.27,20.84
105067,JAEN,2009,10,99.2,32.77,21.42
105067,JAEN,2009,11,41.5,33.36,21.14
105067,JAEN,2009,12,29.4,31.36,21.69
105067,JAEN,2010,1,35.7,30.43,21.16
105067,JAEN,2010,2,67.7,31.01,21.33
105067,JAEN,2010,3,25.2,32.06,21.55
105067,JAEN,2010,4,121.8,33.12,21.8
105067,JAEN,2010,5,46.9,32.33,21.49
105067,JAEN,2010,6,19.6,31.34,20.99
105067,JAEN,2010,7,11.6,32.35,20.51
105067,JAEN,2010,8,24.9,32.54,20.39
105067,JAEN,2010,9,23.0,33.25,20.86
105067,JAEN,2010,10,69.1,34.43,20.98
105067,JAEN,2010,11,38.4,33.79,20.42
105067,JAEN,2010,12,138.6,32.27,20.62
105067,JAEN,2011,1,77.4,31.84,20.81
105067,JAEN,2011,2,78.1,31.35,20.9
105067,JAEN,2011,3,118.2,31.56,20.53
105067,JAEN,2011,4,145.9,30.99,21.13
105067,JAEN,2011,5,93.5,31.81,20.8
105067,JAEN,2011,6,25.3,30.63,20.94
105067,JAEN,2011,7,53.6,30.06,20.45
105067,JAEN,2011,8,8.6,33.05,20.8
105067,JAEN,2011,9,13.8,32.34,21.12
105067,JAEN,2011,10,53.9,33.67,20.61
105067,JAEN,2011,11,89.9,32.97,21.36
105067,JAEN,2011,12,154.2,30.57,21.02
105067,JAEN,2012,1,80.1,29.62,20.73
105067,JAEN,2012,2,72.2,30.16,20.52
105067,JAEN,2012,3,91.3,30.48,20.68
105067,JAEN,2012,4,98.2,31.15,20.87
105067,JAEN,2012,5,18.6,30.49,20.29
105067,JAEN,2012,6,30.1,30.37,19.79
105067,JAEN,2012,7,20.1,30.17,19.83
105067,JAEN,2012,8,14.1,31.65,19.99
105067,JAEN,2012,9,13.7,32.89,19.63
105067,JAEN,2012,10,101.6,32.73,20.75
105067,JAEN,2012,11,92.2,32.91,20.98
105067,JAEN,2012,12,91.5,32.05,20.53
105067,JAEN,2013,1,21.1,30.85,20.9
105067,JAEN,2013,2,98.2,31.46,21.0
105067,JAEN,2013,3,53.4,31.42,21.35
105067,JAEN,2013,4,48.7,32.03,20.68
105067,JAEN,2013,5,140.1,30.59,21.15
105067,JAEN,2013,6,15.6,30.15,20.12
105067,JAEN,2013,7,22.4,30.87,18.88
105067,JAEN,2013,8,28.2,31.75,19.5
105067,JAEN,2013,9,19.8,33.7,19.58
105067,JAEN,2013,10,142.8,32.93,20.65
105067,JAEN,2013,11,0.7,34.71,20.01
105067,JAEN,2013,12,43.6,32.56,20.53
105067,JAEN,2014,1,63.1,29.92,20.45
105067,JAEN,2014,2,110.5,29.73,20.56
105067,JAEN,2014,3,157.9,30.27,20.27
105067,JAEN,2014,4,141.4,30.78,20.62
105067,JAEN,2014,5,248.8,30.75,20.6
105067,JAEN,2014,6,35.1,30.43,20.23
105067,JAEN,2014,7,39.0,30.75,19.5
105067,JAEN,2014,8,34.0,30.26,19.94
105067,JAEN,2014,9,26.5,31.13,20.1
105067,JAEN,2014,10,20.2,32.27,20.54
105067,JAEN,2014,11,82.3,33.55,20.49
105067,JAEN,2014,12,96.1,31.01,20.78
105067,JAEN,2015,1,169.7,30.17,20.26
105067,JAEN,2015,2,101.0,30.99,20.26
105067,JAEN,2015,3,286.4,29.99,20.54
105067,JAEN,2015,4,80.4,30.24,20.84
105067,JAEN,2015,5,80.4,30.32,20.66
105067,JAEN,2015,6,8.7,30.8,20.07
105067,JAEN,2015,7,112.8,30.58,20.03
105067,JAEN,2015,8,32.6,32.08,20.04
105067,JAEN,2015,9,7.2,34.31,20.36
105067,JAEN,2015,10,20.7,33.47,20.89
105067,JAEN,2015,11,62.8,32.52,21.37
105067,JAEN,2015,12,57.1,30.13,20.63
105067,JAEN,2016,1,78.6,33.4,21.3
105067,JAEN,2016,2,67.1,31.5,21.16
105067,JAEN,2016,3,-999.0,-999.0,-999.0
105067,JAEN,2016,4,117.9,30.81,21.01
105067,JAEN,2016,5,35.4,30.56,20.94
105067,JAEN,2016,6,23.6,29.58,19.84
105067,JAEN,2016,7,38.1,29.96,19.91
105067,JAEN,2016,8,18.2,32.76,20.08
105067,JAEN,2016,9,37.1,32.86,21.15
105067,JAEN,2016,10,27.4,33.8,22.51
105067,JAEN,2016,11,14.5,34.69,22.48
105067,JAEN,2016,12,91.1,32.49,22.95
105067,JAEN,2017,1,99.9,29.99,21.97
105067,JAEN,2017,2,34.9,30.77,22.04
105067,JAEN,2017,3,194.6,29.63,19.86
105067,JAEN,2017,4,97.0,29.11,18.95
105067,JAEN,2017,5,74.7,29.95,19.54
105067,JAEN,2017,6,58.9,29.23,18.88
105067,JAEN,2017,7,23.1,29.4,17.79
105067,JAEN,2017,8,34.5,30.35,17.49
105067,JAEN,2017,9,10.2,30.99,17.83
105067,JAEN,2017,10,77.7,32.68,18.18
105067,JAEN,2017,11,37.2,32.9,18.3
105067,JAEN,2017,12,94.4,30.9,18.13
105067,JAEN,2018,1,75.2,29.65,17.69
105067,JAEN,2018,2,111.2,29.84,17.91
105067,JAEN,2018,3,32.2,29.42,17.9
105067,JAEN,2018,4,88.6,30.26,17.41
105067,JAEN,2018,5,90.2,30.57,17.89
105067,JAEN,2018,6,28.4,29.52,17.13
105067,JAEN,2018,7,35.1,29.14,17.02
105067,JAEN,2018,8,14.1,29.93,17.08
105067,JAEN,2018,9,22.4,32.21,17.78
105067,JAEN,2018,10,44.8,32.74,19.73
105067,JAEN,2018,11,144.0,32.85,19.98
105067,JAEN,2018,12,55.3,29.7,18.59
105067,JAEN,2019,1,38.9,30.57,19.75
105067,JAEN,2019,2,125.4,29.1,19.98
105067,JAEN,2019,3,46.8,30.25,19.86
105067,JAEN,2019,4,74.9,30.65,19.86
105067,JAEN,2019,5,66.9,30.34,19.57
105067,JAEN,2019,6,34.7,30.71,19.03
105067,JAEN,2019,7,111.7,29.78,18.5
105067,JAEN,2019,8,8.4,31.56,18.26
105067,JAEN,2019,9,29.0,32.27,19.07
105067,JAEN,2019,10,45.3,31.81,19.46
105067,JAEN,2019,11,43.4,31.82,19.82
105067,JAEN,2019,12,148.9,30.37,19.89
105067,JAEN,2020,1,86.4,30.08,19.41
105067,JAEN,2020,2,89.9,29.56,19.72
105067,JAEN,2020,3,91.6,30.86,19.8
105067,JAEN,2020,4,61.0,31.11,19.81
105067,JAEN,2020,5,43.2,31.24,19.69
105067,JAEN,2020,6,43.4,31.4,18.91
105067,JAEN,2020,7,23.9,30.03,19.21
105067,JAEN,2020,8,6.1,31.45,18.59
105067,JAEN,2020,9,14.8,31.39,18.97
105067,JAEN,2020,10,10.3,33.52,19.3
105067,JAEN,2020,11,138.2,32.55,19.61
105067,JAEN,2020,12,134.8,30.61,19.55
105067,JAEN,2021,1,79.3,30.26,19.17
105067,JAEN,2021,2,41.9,31.84,19.57
105067,JAEN,2021,3,223.3,29.63,18.89
105067,JAEN,2021,4,69.2,30.73,19.39
105067,JAEN,2021,5,93.2,30.15,19.17
105067,JAEN,2021,6,45.2,29.91,-999.0
105067,JAEN,2021,7,44.8,30.02,17.99
105067,JAEN,2021,8,16.7,32.23,18.46
105067,JAEN,2021,9,50.1,31.82,18.93
105067,JAEN,2021,10,207.9,32.04,19.66
105067,JAEN,2021,11,102.2,31.99,19.52
105067,JAEN,2021,12,75.1,31.84,19.52
105067,JAEN,2022,1,52.3,32.31,19.12
105067,JAEN,2022,2,76.3,30.73,19.35
105067,JAEN,2022,3,177.0,31.58,18.89
105067,JAEN,2022,4,41.9,30.55,18.99
105067,JAEN,2022,5,81.4,30.35,19.35
105067,JAEN,2022,6,75.1,30.57,19.35
105067,JAEN,2022,7,35.8,31.19,19.74
105067,JAEN,2022,8,19.6,31.35,18.79
105067,JAEN,2022,9,58.3,33.08,18.87
105067,JAEN,2022,10,89.0,32.94,18.98
105067,JAEN,2022,11,51.5,33.23,19.1
105067,JAEN,2022,12,61.6,33.38,19.35
105067,JAEN,2023,1,69.1,31.39,18.9
105067,JAEN,2023,2,55.0,30.74,19.38
105067,JAEN,2023,3,132.9,31.28,19.25
105067,JAEN,2023,4,130.0,31.12,19.09
105067,JAEN,2023,5,55.7,31.72,19.43
105067,JAEN,2023,6,28.4,30.52,18.78
105067,JAEN,2023,7,24.7,31.77,19.01
105067,JAEN,2023,8,34.1,33.31,18.97
105067,JAEN,2023,9,18.0,34.8,19.53
105067,JAEN,2023,10,73.1,35.32,20.34
105067,JAEN,2023,11,59.2,33.56,19.47
105067,JAEN,2023,12,62.5,31.71,19.74
105067,JAEN,2024,1,41.1,31.21,19.51
105067,JAEN,2024,2,115.5,33.54,19.68
105067,JAEN,2024,3,93.9,32.97,19.74
105067,JAEN,2024,4,49.7,33.64,19.79
105067,JAEN,2024,5,19.9,33.95,20.28
105067,JAEN,2024,6,57.0,31.9,19.08
105067,JAEN,2024,7,21.5,32.13,-999.0
105067,JAEN,2024,8,0.0,34.21,19.08
105067,JAEN,2024,9,6.0,35.18,19.45
105067,JAEN,2024,10,30.1,34.25,20.32
105067,JAEN,2024,11,28.4,33.88,19.86
105067,JAEN,2024,12,33.7,32.93,19.52
105067,JAEN,2025,1,113.3,31.09,18.8
105067,JAEN,2025,2,323.0,30.9,18.63
105067,JAEN,2025,3,107.7,30.51,18.49
105067,JAEN,2025,4,144.3,31.24,18.9
105067,JAEN,2025,5,19.3,31.03,18.76
105067,JAEN,2025,6,65.0,30.54,18.01
105067,JAEN,2025,7,21.6,30.84,15.73
105067,JAEN,2025,8,24.3,31.59,16.28
105067,JAEN,2025,9,5.3,32.76,15.1
105067,JAEN,2025,10,78.2,32.96,-999.0
105067,JAEN,2025,11,58.0,32.02,-999.0
105067,JAEN,2025,12,18.1,34.24,-999.0
