CODIGO,ESTACION,YEAR,MONTH,PP,TMAX,TMIN
105055,HUANCABAMBA,1990,1,35.3,22.84,-999.0
105055,HUANCABAMBA,1990,2,35.1,25.18,-999.0
105055,HUANCABAMBA,1990,3,30.0,23.86,-999.0
105055,HUANCABAMBA,1990,4,44.6,24.31,-999.0
105055,HUANCABAMBA,1990,5,33.8,23.63,-999.0
105055,HUANCABAMBA,1990,6,20.4,21.63,-999.0
105055,HUANCABAMBA,1990,7,2.1,22.79,-999.0
105055,HUANCABAMBA,1990,8,3.6,23.15,-999.0
105055,HUANCABAMBA,1990,9,2.8,24.06,-999.0
105055,HUANCABAMBA,1990,10,51.7,25.74,-999.0
105055,HUANCABAMBA,1990,11,59.8,24.66,-999.0
105055,HUANCABAMBA,1990,12,40.3,24.99,-999.0
105055,HUANCABAMBA,1991,1,33.9,24.79,-999.0
105055,HUANCABAMBA,1991,2,33.3,24.53,-999.0
105055,HUANCABAMBA,1991,3,-999.0,-999.0,-999.0
105055,HUANCABAMBA,1991,4,-999.0,-999.0,-999.0
105055,HUANCABAMBA,1991,5,-999.0,-999.0,-999.0
105055,HUANCABAMBA,1991,6,-999.0,-999.0,-999.0
105055,HUANCABAMBA,1991,7,0.0,23.29,-999.0
105055,HUANCABAMBA,1991,8,7.8,21.88,-999.0
105055,HUANCABAMBA,1991,9,0.8,25.55,-999.0
105055,HUANCABAMBA,1991,10,14.5,24.29,-999.0
105055,HUANCABAMBA,1991,11,9.1,27.91,-999.0
105055,HUANCABAMBA,1991,12,31.5,27.34,-999.0
105055,HUANCABAMBA,1992,1,30.3,24.64,-999.0
105055,HUANCABAMBA,1992,2,44.0,24.49,-999.0
105055,HUANCABAMBA,1992,3,29.7,25.25,-999.0
105055,HUANCABAMBA,1992,4,28.3,24.73,-999.0
105055,HUANCABAMBA,1992,5,8.7,25.37,-999.0
105055,HUANCABAMBA,1992,6,7.3,22.71,-999.0
105055,HUANCABAMBA,1992,7,0.0,22.74,-999.0
105055,HUANCABAMBA,1992,8,3.3,23.68,-999.0
105055,HUANCABAMBA,1992,9,17.5,23.44,-999.0
105055,HUANCABAMBA,1992,10,20.3,24.92,-999.0
105055,HUANCABAMBA,1992,11,37.1,26.85,-999.0
105055,HUANCABAMBA,1992,12,-999.0,-999.0,-999.0
105055,HUANCABAMBA,1993,1,69.3,23.62,-999.0
105055,HUANCABAMBA,1993,2,110.8,23.01,-999.0
105055,HUANCABAMBA,1993,3,251.5,23.65,-999.0
105055,HUANCABAMBA,1993,4,67.2,23.65,-999.0
105055,HUANCABAMBA,1993,5,34.8,24.72,-999.0
105055,HUANCABAMBA,1993,6,1.2,23.43,-999.0
105055,HUANCABAMBA,1993,7,8.7,22.97,-999.0
105055,HUANCABAMBA,1993,8,2.4,23.85,-999.0
105055,HUANCABAMBA,1993,9,15.7,23.55,-999.0
105055,HUANCABAMBA,1993,10,66.8,24.78,-999.0
105055,HUANCABAMBA,1993,11,63.2,28.19,-999.0
105055,HUANCABAMBA,1993,12,147.0,25.99,-999.0
105055,HUANCABAMBA,1994,1,68.3,24.29,-999.0
105055,HUANCABAMBA,1994,2,105.7,23.97,-999.0
105055,HUANCABAMBA,1994,3,160.0,25.19,-999.0
105055,HUANCABAMBA,1994,4,99.1,25.05,-999.0
105055,HUANCABAMBA,1994,5,34.5,24.9,-999.0
105055,HUANCABAMBA,1994,6,9.1,23.23,-999.0
105055,HUANCABAMBA,1994,7,4.5,24.21,-999.0
105055,HUANCABAMBA,1994,8,34.4,22.76,-999.0
105055,HUANCABAMBA,1994,9,28.5,23.83,-999.0
105055,HUANCABAMBA,1994,10,8.3,26.12,-999.0
105055,HUANCABAMBA,1994,11,58.3,26.25,-999.0
105055,HUANCABAMBA,1994,12,42.7,25.34,-999.0
105055,HUANCABAMBA,1995,1,38.6,24.04,12.13
105055,HUANCABAMBA,1995,2,29.9,24.94,12.95
105055,HUANCABAMBA,1995,3,87.3,24.57,13.73
105055,HUANCABAMBA,1995,4,62.8,24.14,13.11
105055,HUANCABAMBA,1995,5,40.5,23.32,12.43
105055,HUANCABAMBA,1995,6,3.1,23.88,11.9
105055,HUANCABAMBA,1995,7,35.0,24.0,11.91
105055,HUANCABAMBA,1995,8,3.1,25.34,11.88
105055,HUANCABAMBA,1995,9,4.7,24.33,13.0
105055,HUANCABAMBA,1995,10,14.0,25.99,13.02
105055,HUANCABAMBA,1995,11,78.5,25.55,13.35
105055,HUANCABAMBA,1995,12,65.2,25.38,12.22
105055,HUANCABAMBA,1996,1,48.9,24.09,11.99
105055,HUANCABAMBA,1996,2,56.8,23.6,13.49
105055,HUANCABAMBA,1996,3,87.9,24.06,14.38
105055,HUANCABAMBA,1996,4,30.9,24.84,13.28
105055,HUANCABAMBA,1996,5,17.2,24.29,12.77
105055,HUANCABAMBA,1996,6,6.9,23.51,11.91
105055,HUANCABAMBA,1996,7,4.8,23.99,11.45
105055,HUANCABAMBA,1996,8,8.3,22.42,12.23
105055,HUANCABAMBA,1996,9,5.2,24.62,13.22
105055,HUANCABAMBA,1996,10,38.3,25.07,11.58
105055,HUANCABAMBA,1996,11,16.0,26.83,10.36
105055,HUANCABAMBA,1996,12,16.1,25.16,13.15
105055,HUANCABAMBA,1997,1,49.8,25.83,11.59
105055,HUANCABAMBA,1997,2,54.7,23.11,14.09
105055,HUANCABAMBA,1997,3,30.0,25.39,12.34
105055,HUANCABAMBA,1997,4,31.4,25.85,14.6
105055,HUANCABAMBA,1997,5,9.0,23.89,12.91
105055,HUANCABAMBA,1997,6,3.6,26.44,11.5
105055,HUANCABAMBA,1997,7,8.6,23.88,13.55
105055,HUANCABAMBA,1997,8,0.5,23.37,13.44
105055,HUANCABAMBA,1997,9,10.9,25.77,13.5
105055,HUANCABAMBA,1997,10,46.4,26.23,13.71
105055,HUANCABAMBA,1997,11,107.2,24.87,13.68
105055,HUANCABAMBA,1997,12,41.0,24.16,14.75
105055,HUANCABAMBA,1998,1,53.7,24.26,14.76
105055,HUANCABAMBA,1998,2,85.1,25.09,15.3
105055,HUANCABAMBA,1998,3,77.9,24.39,15.4
105055,HUANCABAMBA,1998,4,78.2,25.2,14.74
105055,HUANCABAMBA,1998,5,42.3,24.62,13.69
105055,HUANCABAMBA,1998,6,13.8,23.67,12.85
105055,HUANCABAMBA,1998,7,12.2,23.58,12.46
105055,HUANCABAMBA,1998,8,0.6,24.71,13.52
105055,HUANCABAMBA,1998,9,4.2,26.13,12.84
105055,HUANCABAMBA,1998,10,84.0,25.38,14.11
105055,HUANCABAMBA,1998,11,26.1,25.78,13.42
105055,HUANCABAMBA,1998,12,26.9,25.71,11.31
105055,HUANCABAMBA,1999,1,86.9,23.82,13.07
105055,HUANCABAMBA,1999,2,164.4,22.67,14.31
105055,HUANCABAMBA,1999,3,136.6,23.27,13.75
105055,HUANCABAMBA,1999,4,60.8,22.48,13.87
105055,HUANCABAMBA,1999,5,97.4,22.68,13.03
105055,HUANCABAMBA,1999,6,22.5,23.49,12.46
105055,HUANCABAMBA,1999,7,17.3,21.85,12.33
105055,HUANCABAMBA,1999,8,6.6,23.73,11.28
105055,HUANCABAMBA,1999,9,47.2,24.7,12.89
105055,HUANCABAMBA,1999,10,32.5,24.35,12.65
105055,HUANCABAMBA,1999,11,39.9,25.89,12.12
105055,HUANCABAMBA,1999,12,92.6,23.7,13.12
105055,HUANCABAMBA,2000,1,41.5,24.78,11.28
105055,HUANCABAMBA,2000,2,124.6,-999.0,12.67
105055,HUANCABAMBA,2000,3,133.1,22.85,14.09
105055,HUANCABAMBA,2000,4,78.7,22.86,13.79
105055,HUANCABAMBA,2000,5,72.4,23.79,13.01
105055,HUANCABAMBA,2000,6,23.6,23.28,13.08
105055,HUANCABAMBA,2000,7,1.5,23.67,12.42
105055,HUANCABAMBA,2000,8,10.5,23.03,12.83
105055,HUANCABAMBA,2000,9,67.4,24.35,12.7
105055,HUANCABAMBA,2000,10,1.4,24.97,12.35
105055,HUANCABAMBA,2000,11,2.0,26.31,10.38
105055,HUANCABAMBA,2000,12,65.7,23.84,13.06
105055,HUANCABAMBA,2001,1,63.2,22.74,13.45
105055,HUANCABAMBA,2001,2,59.2,22.46,13.84
105055,HUANCABAMBA,2001,3,85.0,23.51,13.27
105055,HUANCABAMBA,2001,4,57.5,23.33,13.72
105055,HUANCABAMBA,2001,5,19.8,23.71,12.98
105055,HUANCABAMBA,2001,6,63.7,21.94,12.34
105055,HUANCABAMBA,2001,7,38.6,22.16,12.92
105055,HUANCABAMBA,2001,8,10.0,22.91,13.01
105055,HUANCABAMBA,2001,9,23.7,24.1,12.71
105055,HUANCABAMBA,2001,10,26.6,25.53,13.65
105055,HUANCABAMBA,2001,11,70.7,24.98,13.55
105055,HUANCABAMBA,2001,12,55.2,25.06,13.76
105055,HUANCABAMBA,2002,1,27.4,24.77,13.23
105055,HUANCABAMBA,2002,2,101.0,23.76,14.41
105055,HUANCABAMBA,2002,3,84.4,24.02,13.54
105055,HUANCABAMBA,2002,4,119.5,24.44,13.88
105055,HUANCABAMBA,2002,5,24.2,23.84,13.31
105055,HUANCABAMBA,2002,6,1.4,23.43,13.12
105055,HUANCABAMBA,2002,7,22.6,22.7,13.57
105055,HUANCABAMBA,2002,8,0.0,23.61,13.37
105055,HUANCABAMBA,2002,9,5.0,25.02,13.37
105055,HUANCABAMBA,2002,10,80.7,24.53,13.77
105055,HUANCABAMBA,2002,11,26.8,24.07,13.79
105055,HUANCABAMBA,2002,12,37.5,24.67,14.46
105055,HUANCABAMBA,2003,1,35.9,24.37,13.78
105055,HUANCABAMBA,2003,2,49.7,24.35,14.77
105055,HUANCABAMBA,2003,3,58.5,23.99,13.61
105055,HUANCABAMBA,2003,4,51.8,23.68,14.28
105055,HUANCABAMBA,2003,5,24.2,23.33,13.84
105055,HUANCABAMBA,2003,6,35.4,23.81,13.47
105055,HUANCABAMBA,2003,7,6.1,23.39,13.08
105055,HUANCABAMBA,2003,8,0.9,24.13,13.9
105055,HUANCABAMBA,2003,9,3.5,25.43,12.64
105055,HUANCABAMBA,2003,10,19.0,25.66,13.03
105055,HUANCABAMBA,2003,11,54.7,26.39,12.48
105055,HUANCABAMBA,2003,12,34.6,25.17,13.35
105055,HUANCABAMBA,2004,1,48.6,26.69,12.31
105055,HUANCABAMBA,2004,2,11.5,25.12,13.78
105055,HUANCABAMBA,2004,3,26.5,24.0,14.47
105055,HUANCABAMBA,2004,4,98.9,24.64,13.06
105055,HUANCABAMBA,2004,5,29.2,24.92,13.05
105055,HUANCABAMBA,2004,6,7.2,22.5,13.11
105055,HUANCABAMBA,2004,7,10.4,22.76,12.54
105055,HUANCABAMBA,2004,8,0.2,23.69,12.72
105055,HUANCABAMBA,2004,9,11.1,24.24,13.04
105055,HUANCABAMBA,2004,10,70.2,25.16,13.66
105055,HUANCABAMBA,2004,11,82.0,25.63,12.87
105055,HUANCABAMBA,2004,12,78.1,24.96,12.92
105055,HUANCABAMBA,2005,1,27.1,25.56,12.12
105055,HUANCABAMBA,2005,2,103.5,23.69,14.61
105055,HUANCABAMBA,2005,3,129.2,24.15,14.45
105055,HUANCABAMBA,2005,4,70.2,24.63,13.97
105055,HUANCABAMBA,2005,5,31.6,25.26,12.12
105055,HUANCABAMBA,2005,6,7.7,24.34,12.51
105055,HUANCABAMBA,2005,7,0.3,24.8,11.98
105055,HUANCABAMBA,2005,8,0.0,24.51,12.82
105055,HUANCABAMBA,2005,9,8.5,24.44,13.33
105055,HUANCABAMBA,2005,10,50.1,25.17,12.9
105055,HUANCABAMBA,2005,11,26.3,25.7,10.48
105055,HUANCABAMBA,2005,12,83.9,24.37,12.06
105055,HUANCABAMBA,2006,1,44.6,23.73,12.67
105055,HUANCABAMBA,2006,2,107.6,23.04,13.81
105055,HUANCABAMBA,2006,3,142.3,23.4,13.67
105055,HUANCABAMBA,2006,4,69.2,24.74,12.52
105055,HUANCABAMBA,2006,5,16.4,23.92,11.4
105055,HUANCABAMBA,2006,6,8.3,23.81,13.24
105055,HUANCABAMBA,2006,7,1.9,23.07,11.92
105055,HUANCABAMBA,2006,8,0.8,23.83,12.76
105055,HUANCABAMBA,2006,9,7.3,24.55,12.4
105055,HUANCABAMBA,2006,10,53.2,26.33,12.95
105055,HUANCABAMBA,2006,11,61.6,26.1,13.27
105055,HUANCABAMBA,2006,12,61.5,24.85,13.61
105055,HUANCABAMBA,2007,1,43.9,23.75,15.06
105055,HUANCABAMBA,2007,2,13.0,24.44,12.89
105055,HUANCABAMBA,2007,3,51.0,24.22,14.36
105055,HUANCABAMBA,2007,4,99.7,23.93,13.58
105055,HUANCABAMBA,2007,5,38.6,23.83,12.75
105055,HUANCABAMBA,2007,6,54.5,21.9,13.15
105055,HUANCABAMBA,2007,7,3.4,23.71,12.09
105055,HUANCABAMBA,2007,8,16.6,23.34,13.07
105055,HUANCABAMBA,2007,9,3.8,23.36,13.29
105055,HUANCABAMBA,2007,10,85.4,24.57,12.59
105055,HUANCABAMBA,2007,11,112.8,23.52,13.57
105055,HUANCABAMBA,2007,12,60.6,23.66,11.71
105055,HUANCABAMBA,2008,1,52.1,22.8,13.94
105055,HUANCABAMBA,2008,2,172.0,22.67,13.89
105055,HUANCABAMBA,2008,3,110.1,23.95,13.04
105055,HUANCABAMBA,2008,4,71.0,23.55,13.64
105055,HUANCABAMBA,2008,5,43.3,23.3,11.52
105055,HUANCABAMBA,2008,6,9.1,24.19,11.5
105055,HUANCABAMBA,2008,7,22.8,23.24,12.35
105055,HUANCABAMBA,2008,8,22.0,24.46,12.35
105055,HUANCABAMBA,2008,9,3.1,24.02,13.04
105055,HUANCABAMBA,2008,10,73.8,24.43,13.04
105055,HUANCABAMBA,2008,11,69.3,25.23,12.73
105055,HUANCABAMBA,2008,12,8.8,26.07,11.55
105055,HUANCABAMBA,2009,1,152.5,23.11,13.96
105055,HUANCABAMBA,2009,2,106.0,22.98,14.62
105055,HUANCABAMBA,2009,3,83.3,23.7,13.45
105055,HUANCABAMBA,2009,4,68.5,23.64,13.49
105055,HUANCABAMBA,2009,5,10.5,24.34,12.43
105055,HUANCABAMBA,2009,6,10.2,24.15,12.68
105055,HUANCABAMBA,2009,7,5.8,23.65,13.37
105055,HUANCABAMBA,2009,8,8.0,24.12,12.97
105055,HUANCABAMBA,2009,9,3.9,24.13,13.44
105055,HUANCABAMBA,2009,10,4.9,26.37,13.01
105055,HUANCABAMBA,2009,11,33.7,26.25,12.02
105055,HUANCABAMBA,2009,12,44.9,25.33,13.78
105055,HUANCABAMBA,2010,1,47.5,23.98,13.52
105055,HUANCABAMBA,2010,2,105.1,24.42,14.21
105055,HUANCABAMBA,2010,3,35.5,24.67,14.71
105055,HUANCABAMBA,2010,4,73.3,25.35,14.44
105055,HUANCABAMBA,2010,5,32.2,25.49,14.11
105055,HUANCABAMBA,2010,6,16.9,23.92,13.78
105055,HUANCABAMBA,2010,7,10.8,25.71,11.85
105055,HUANCABAMBA,2010,8,15.6,25.25,12.29
105055,HUANCABAMBA,2010,9,15.1,24.93,12.79
105055,HUANCABAMBA,2010,10,40.6,26.11,13.26
105055,HUANCABAMBA,2010,11,68.2,26.14,11.19
105055,HUANCABAMBA,2010,12,53.8,24.43,12.43
105055,HUANCABAMBA,2011,1,38.8,24.27,13.32
105055,HUANCABAMBA,2011,2,139.4,24.34,12.79
105055,HUANCABAMBA,2011,3,61.5,24.48,12.02
105055,HUANCABAMBA,2011,4,161.5,23.69,13.94
105055,HUANCABAMBA,2011,5,29.8,23.63,12.4
105055,HUANCABAMBA,2011,6,19.1,23.83,12.75
105055,HUANCABAMBA,2011,7,35.8,22.72,13.08
105055,HUANCABAMBA,2011,8,5.4,23.72,12.77
105055,HUANCABAMBA,2011,9,52.4,22.96,13.42
105055,HUANCABAMBA,2011,10,51.5,24.77,11.55
105055,HUANCABAMBA,2011,11,116.5,25.21,12.73
105055,HUANCABAMBA,2011,12,122.4,23.74,14.06
105055,HUANCABAMBA,2012,1,146.7,22.91,14.22
105055,HUANCABAMBA,2012,2,154.4,23.28,13.7
105055,HUANCABAMBA,2012,3,74.4,23.27,14.2
105055,HUANCABAMBA,2012,4,39.8,24.26,13.0
105055,HUANCABAMBA,2012,5,22.1,23.44,12.89
105055,HUANCABAMBA,2012,6,17.4,23.66,12.64
105055,HUANCABAMBA,2012,7,6.5,23.04,12.97
105055,HUANCABAMBA,2012,8,11.3,23.79,12.46
105055,HUANCABAMBA,2012,9,2.8,24.27,13.7
105055,HUANCABAMBA,2012,10,138.2,24.52,13.6
105055,HUANCABAMBA,2012,11,103.5,25.58,14.05
105055,HUANCABAMBA,2012,12,69.7,24.75,12.16
105055,HUANCABAMBA,2013,1,53.3,23.28,14.82
105055,HUANCABAMBA,2013,2,49.1,24.03,13.75
105055,HUANCABAMBA,2013,3,42.9,25.04,15.01
105055,HUANCABAMBA,2013,4,15.0,25.75,13.61
105055,HUANCABAMBA,2013,5,91.4,24.7,13.98
105055,HUANCABAMBA,2013,6,5.6,22.56,13.19
105055,HUANCABAMBA,2013,7,15.8,22.3,12.84
105055,HUANCABAMBA,2013,8,3.0,23.63,12.81
105055,HUANCABAMBA,2013,9,9.5,24.55,12.99
105055,HUANCABAMBA,2013,10,96.8,24.95,13.82
105055,HUANCABAMBA,2013,11,0.5,27.25,10.74
105055,HUANCABAMBA,2013,12,-999.0,-999.0,-999.0
105055,HUANCABAMBA,2014,1,28.5,24.83,13.7
105055,HUANCABAMBA,2014,2,38.4,24.61,14.5
105055,HUANCABAMBA,2014,3,150.2,23.39,14.4
105055,HUANCABAMBA,2014,4,14.2,24.07,14.08
105055,HUANCABAMBA,2014,5,87.2,24.35,14.03
105055,HUANCABAMBA,2014,6,25.5,23.05,13.47
105055,HUANCABAMBA,2014,7,3.0,23.83,13.37
105055,HUANCABAMBA,2014,8,17.5,23.17,13.45
105055,HUANCABAMBA,2014,9,3.4,25.48,13.77
105055,HUANCABAMBA,2014,10,58.9,25.13,14.23
105055,HUANCABAMBA,2014,11,63.9,26.07,13.26
105055,HUANCABAMBA,2014,12,59.6,25.24,13.82
105055,HUANCABAMBA,2015,1,95.1,23.31,14.78
105055,HUANCABAMBA,2015,2,20.6,24.44,14.33
105055,HUANCABAMBA,2015,3,157.3,24.23,14.81
105055,HUANCABAMBA,2015,4,52.8,23.93,14.44
105055,HUANCABAMBA,2015,5,13.6,24.27,14.09
105055,HUANCABAMBA,2015,6,22.2,23.24,14.53
105055,HUANCABAMBA,2015,7,9.2,23.31,13.48
105055,HUANCABAMBA,2015,8,0.5,24.21,13.76
105055,HUANCABAMBA,2015,9,1.0,24.63,14.59
105055,HUANCABAMBA,2015,10,21.0,25.5,14.14
105055,HUANCABAMBA,2015,11,27.0,26.08,14.28
105055,HUANCABAMBA,2015,12,7.0,24.68,14.88
105055,HUANCABAMBA,2016,1,80.0,27.14,14.7
105055,HUANCABAMBA,2016,2,70.5,23.73,15.81
105055,HUANCABAMBA,2016,3,67.1,24.93,15.54
105055,HUANCABAMBA,2016,4,80.9,25.93,14.97
105055,HUANCABAMBA,2016,5,5.9,25.52,13.72
105055,HUANCABAMBA,2016,6,21.3,23.59,13.39
105055,HUANCABAMBA,2016,7,15.6,23.7,13.21
105055,HUANCABAMBA,2016,8,2.8,24.22,13.59
105055,HUANCABAMBA,2016,9,22.9,24.95,13.45
105055,HUANCABAMBA,2016,10,4.6,27.41,12.37
105055,HUANCABAMBA,2016,11,13.3,27.37,10.79
105055,HUANCABAMBA,2016,12,82.3,25.81,13.78
105055,HUANCABAMBA,2017,1,68.8,24.75,13.78
105055,HUANCABAMBA,2017,2,70.0,25.35,12.66
105055,HUANCABAMBA,2017,3,240.9,24.85,14.41
105055,HUANCABAMBA,2017,4,70.0,24.39,14.28
105055,HUANCABAMBA,2017,5,40.4,24.87,13.85
105055,HUANCABAMBA,2017,6,14.0,25.71,12.7
105055,HUANCABAMBA,2017,7,0.7,24.92,12.83
105055,HUANCABAMBA,2017,8,7.2,26.09,12.36
105055,HUANCABAMBA,2017,9,4.2,25.39,14.43
105055,HUANCABAMBA,2017,10,39.3,26.53,13.72
105055,HUANCABAMBA,2017,11,14.2,27.76,12.28
105055,HUANCABAMBA,2017,12,32.3,25.94,13.37
105055,HUANCABAMBA,2018,1,63.8,25.21,13.75
105055,HUANCABAMBA,2018,2,82.6,25.39,13.32
105055,HUANCABAMBA,2018,3,46.0,24.58,14.56
105055,HUANCABAMBA,2018,4,52.9,24.15,13.87
105055,HUANCABAMBA,2018,5,76.5,24.22,13.7
105055,HUANCABAMBA,2018,6,12.4,24.43,12.71
105055,HUANCABAMBA,2018,7,2.3,24.45,13.34
105055,HUANCABAMBA,2018,8,0.0,24.63,13.67
105055,HUANCABAMBA,2018,9,4.2,26.53,14.28
105055,HUANCABAMBA,2018,10,27.1,27.29,14.04
105055,HUANCABAMBA,2018,11,180.3,26.78,14.06
105055,HUANCABAMBA,2018,12,28.8,24.11,12.86
105055,HUANCABAMBA,2019,1,30.8,24.99,13.37
105055,HUANCABAMBA,2019,2,75.8,24.02,15.23
105055,HUANCABAMBA,2019,3,73.0,24.94,14.21
105055,HUANCABAMBA,2019,4,104.6,25.34,14.55
105055,HUANCABAMBA,2019,5,19.6,25.01,13.43
105055,HUANCABAMBA,2019,6,3.8,23.72,15.03
105055,HUANCABAMBA,2019,7,21.9,23.23,14.44
105055,HUANCABAMBA,2019,8,6.5,23.02,15.21
105055,HUANCABAMBA,2019,9,3.5,24.79,15.79
105055,HUANCABAMBA,2019,10,39.5,24.26,15.17
105055,HUANCABAMBA,2019,11,35.7,26.25,15.05
105055,HUANCABAMBA,2019,12,97.5,24.87,15.7
105055,HUANCABAMBA,2020,1,49.9,25.56,15.13
105055,HUANCABAMBA,2020,2,48.7,24.96,15.53
105055,HUANCABAMBA,2020,3,-999.0,-999.0,-999.0
105055,HUANCABAMBA,2020,4,-999.0,-999.0,-999.0
105055,HUANCABAMBA,2020,5,-999.0,-999.0,-999.0
105055,HUANCABAMBA,2020,6,-999.0,-999.0,-999.0
105055,HUANCABAMBA,2020,7,9.1,24.58,13.71
105055,HUANCABAMBA,2020,8,1.6,25.15,13.28
105055,HUANCABAMBA,2020,9,11.4,24.3,14.93
105055,HUANCABAMBA,2020,10,17.0,25.09,15.54
105055,HUANCABAMBA,2020,11,49.8,26.27,14.89
105055,HUANCABAMBA,2020,12,104.3,23.97,15.05
105055,HUANCABAMBA,2021,1,59.8,23.27,14.8
105055,HUANCABAMBA,2021,2,20.4,25.3,14.22
105055,HUANCABAMBA,2021,3,179.0,23.64,13.83
105055,HUANCABAMBA,2021,4,25.9,24.05,13.94
105055,HUANCABAMBA,2021,5,52.7,23.45,14.58
105055,HUANCABAMBA,2021,6,19.8,23.36,13.5
105055,HUANCABAMBA,2021,7,27.7,22.61,13.12
105055,HUANCABAMBA,2021,8,7.6,23.8,13.87
105055,HUANCABAMBA,2021,9,11.7,24.62,14.79
105055,HUANCABAMBA,2021,10,68.0,25.19,15.39
105055,HUANCABAMBA,2021,11,82.1,25.26,14.56
105055,HUANCABAMBA,2021,12,101.2,24.38,15.03
105055,HUANCABAMBA,2022,1,29.3,25.01,12.95
105055,HUANCABAMBA,2022,2,68.1,24.1,13.99
105055,HUANCABAMBA,2022,3,203.6,23.3,14.34
105055,HUANCABAMBA,2022,4,50.8,23.56,14.42
105055,HUANCABAMBA,2022,5,17.0,24.02,13.52
105055,HUANCABAMBA,2022,6,41.6,23.94,10.95
105055,HUANCABAMBA,2022,7,30.5,23.16,12.36
105055,HUANCABAMBA,2022,8,12.8,24.03,11.45
105055,HUANCABAMBA,2022,9,6.5,25.37,11.85
105055,HUANCABAMBA,2022,10,60.3,25.36,12.49
105055,HUANCABAMBA,2022,11,13.3,25.93,12.36
105055,HUANCABAMBA,2022,12,60.3,24.87,12.72
105055,HUANCABAMBA,2023,1,70.4,25.1,12.98
105055,HUANCABAMBA,2023,2,87.2,22.9,13.79
105055,HUANCABAMBA,2023,3,149.4,24.67,13.41
105055,HUANCABAMBA,2023,4,129.3,23.37,13.7
105055,HUANCABAMBA,2023,5,19.6,24.72,14.2
105055,HUANCABAMBA,2023,6,1.4,23.7,13.32
105055,HUANCABAMBA,2023,7,2.4,24.4,13.18
105055,HUANCABAMBA,2023,8,18.5,25.41,12.86
105055,HUANCABAMBA,2023,9,2.1,25.99,13.47
105055,HUANCABAMBA,2023,10,71.3,26.39,14.48
105055,HUANCABAMBA,2023,11,22.6,26.05,13.9
105055,HUANCABAMBA,2023,12,98.3,25.2,15.1
105055,HUANCABAMBA,2024,1,32.2,24.61,14.27
105055,HUANCABAMBA,2024,2,66.7,25.7,14.52
105055,HUANCABAMBA,2024,3,97.8,25.19,14.23
105055,HUANCABAMBA,2024,4,23.1,24.84,14.34
105055,HUANCABAMBA,2024,5,9.0,25.31,14.19
105055,HUANCABAMBA,2024,6,24.4,25.07,12.7
105055,HUANCABAMBA,2024,7,1.1,24.27,13.61
105055,HUANCABAMBA,2024,8,1.5,25.33,13.14
105055,HUANCABAMBA,2024,9,14.4,25.59,14.39
105055,HUANCABAMBA,2024,10,6.9,26.44,13.81
105055,HUANCABAMBA,2024,11,8.8,27.83,12.25
105055,HUANCABAMBA,2024,12,150.2,25.29,14.64
105055,HUANCABAMBA,2025,1,104.2,23.95,13.72
105055,HUANCABAMBA,2025,2,260.0,23.67,14.67
105055,HUANCABAMBA,2025,3,126.5,24.31,14.0
105055,HUANCABAMBA,2025,4,99.3,23.91,14.13
105055,HUANCABAMBA,2025,5,37.6,23.66,13.61
105055,HUANCABAMBA,2025,6,30.3,23.39,12.74
105055,HUANCABAMBA,2025,7,6.7,23.24,12.22
105055,HUANCABAMBA,2025,8,20.1,23.78,12.48
105055,HUANCABAMBA,2025,9,3.6,23.61,13.91
105055,HUANCABAMBA,2025,10,56.0,25.23,13.98
105055,HUANCABAMBA,2025,11,115.4,25.25,14.39
105055,HUANCABAMBA,2025,12,48.8,26.33,10.85
