CODIGO,ESTACION,YEAR,MONTH,PP,TMAX,TMIN
105121,PASAJE SUR,1990,1,-999.0,-999.0,-999.0
105121,PASAJE SUR,1990,2,-999.0,-999.0,-999.0
105121,PASAJE SUR,1990,3,-999.0,-999.0,-999.0
105121,PASAJE SUR,1990,4,-999.0,-999.0,-999.0
105121,PASAJE SUR,1990,5,-999.0,-999.0,-999.0
105121,PASAJE SUR,1990,6,-999.0,-999.0,-999.0
105121,PASAJE SUR,1990,7,-999.0,-999.0,-999.0
105121,PASAJE SUR,1990,8,-999.0,-999.0,-999.0
105121,PASAJE SUR,1990,9,-999.0,-999.0,-999.0
105121,PASAJE SUR,1990,10,-999.0,-999.0,-999.0
105121,PASAJE SUR,1990,11,-999.0,-999.0,-999.0
105121,PASAJE SUR,1990,12,-999.0,-999.0,-999.0
105121,PASAJE SUR,1991,1,-999.0,-999.0,-999.0
105121,PASAJE SUR,1991,2,-999.0,-999.0,-999.0
105121,PASAJE SUR,1991,3,-999.0,-999.0,-999.0
105121,PASAJE SUR,1991,4,-999.0,-999.0,-999.0
105121,PASAJE SUR,1991,5,-999.0,-999.0,-999.0
105121,PASAJE SUR,1991,6,-999.0,-999.0,-999.0
105121,PASAJE SUR,1991,7,-999.0,-999.0,-999.0
105121,PASAJE SUR,1991,8,-999.0,-999.0,-999.0
105121,PASAJE SUR,1991,9,-999.0,-999.0,-999.0
105121,PASAJE SUR,1991,10,-999.0,-999.0,-999.0
105121,PASAJE SUR,1991,11,-999.0,-999.0,-999.0
105121,PASAJE SUR,1991,12,-999.0,-999.0,-999.0
105121,PASAJE SUR,1992,1,-999.0,-999.0,-999.0
105121,PASAJE SUR,1992,2,-999.0,-999.0,-999.0
105121,PASAJE SUR,1992,3,-999.0,-999.0,-999.0
105121,PASAJE SUR,1992,4,-999.0,-999.0,-999.0
105121,PASAJE SUR,1992,5,-999.0,-999.0,-999.0
105121,PASAJE SUR,1992,6,-999.0,-999.0,-999.0
105121,PASAJE SUR,1992,7,-999.0,-999.0,-999.0
105121,PASAJE SUR,1992,8,-999.0,-999.0,-999.0
105121,PASAJE SUR,1992,9,-999.0,-999.0,-999.0
105121,PASAJE SUR,1992,10,-999.0,-999.0,-999.0
105121,PASAJE SUR,1992,11,-999.0,-999.0,-999.0
105121,PASAJE SUR,1992,12,-999.0,-999.0,-999.0
105121,PASAJE SUR,1993,1,-999.0,-999.0,-999.0
105121,PASAJE SUR,1993,2,-999.0,-999.0,-999.0
105121,PASAJE SUR,1993,3,-999.0,-999.0,-999.0
105121,PASAJE SUR,1993,4,-999.0,-999.0,-999.0
105121,PASAJE SUR,1993,5,-999.0,-999.0,-999.0
105121,PASAJE SUR,1993,6,-999.0,-999.0,-999.0
105121,PASAJE SUR,1993,7,-999.0,-999.0,-999.0
105121,PASAJE SUR,1993,8,-999.0,-999.0,-999.0
105121,PASAJE SUR,1993,9,-999.0,-999.0,-999.0
105121,PASAJE SUR,1993,10,-999.0,-999.0,-999.0
105121,PASAJE SUR,1993,11,-999.0,-999.0,-999.0
105121,PASAJE SUR,1993,12,-999.0,-999.0,-999.0
105121,PASAJE SUR,1994,1,-999.0,-999.0,-999.0
105121,PASAJE SUR,1994,2,-999.0,-999.0,-999.0
105121,PASAJE SUR,1994,3,-999.0,-999.0,-999.0
105121,PASAJE SUR,1994,4,-999.0,-999.0,-999.0
105121,PASAJE SUR,1994,5,-999.0,-999.0,-999.0
105121,PASAJE SUR,1994,6,-999.0,-999.0,-999.0
105121,PASAJE SUR,1994,7,-999.0,-999.0,-999.0
105121,PASAJE SUR,1994,8,-999.0,-999.0,-999.0
105121,PASAJE SUR,1994,9,-999.0,-999.0,-999.0
105121,PASAJE SUR,1994,10,-999.0,-999.0,-999.0
105121,PASAJE SUR,1994,11,-999.0,-999.0,-999.0
105121,PASAJE SUR,1994,12,-999.0,-999.0,-999.0
105121,PASAJE SUR,1995,1,-999.0,-999.0,-999.0
105121,PASAJE SUR,1995,2,-999.0,-999.0,-999.0
105121,PASAJE SUR,1995,3,-999.0,-999.0,-999.0
105121,PASAJE SUR,1995,4,-999.0,-999.0,-999.0
105121,PASAJE SUR,1995,5,-999.0,-999.0,-999.0
105121,PASAJE SUR,1995,6,-999.0,-999.0,-999.0
105121,PASAJE SUR,1995,7,-999.0,-999.0,-999.0
105121,PASAJE SUR,1995,8,-999.0,-999.0,-999.0
105121,PASAJE SUR,1995,9,-999.0,-999.0,-999.0
105121,PASAJE SUR,1995,10,-999.0,-999.0,-999.0
105121,PASAJE SUR,1995,11,-999.0,-999.0,-999.0
105121,PASAJE SUR,1995,12,-999.0,-999.0,-999.0
105121,PASAJE SUR,1996,1,-999.0,-999.0,-999.0
105121,PASAJE SUR,1996,2,-999.0,-999.0,-999.0
105121,PASAJE SUR,1996,3,-999.0,-999.0,-999.0
105121,PASAJE SUR,1996,4,-999.0,-999.0,-999.0
105121,PASAJE SUR,1996,5,-999.0,-999.0,-999.0
105121,PASAJE SUR,1996,6,-999.0,-999.0,-999.0
105121,PASAJE SUR,1996,7,-999.0,-999.0,-999.0
105121,PASAJE SUR,1996,8,-999.0,-999.0,-999.0
105121,PASAJE SUR,1996,9,-999.0,-999.0,-999.0
105121,PASAJE SUR,1996,10,-999.0,-999.0,-999.0
105121,PASAJE SUR,1996,11,-999.0,-999.0,-999.0
105121,PASAJE SUR,1996,12,-999.0,-999.0,-999.0
105121,PASAJE SUR,1997,1,-999.0,-999.0,-999.0
105121,PASAJE SUR,1997,2,-999.0,-999.0,-999.0
105121,PASAJE SUR,1997,3,-999.0,-999.0,-999.0
105121,PASAJE SUR,1997,4,-999.0,-999.0,-999.0
105121,PASAJE SUR,1997,5,-999.0,-999.0,-999.0
105121,PASAJE SUR,1997,6,-999.0,-999.0,-999.0
105121,PASAJE SUR,1997,7,-999.0,-999.0,-999.0
105121,PASAJE SUR,1997,8,-999.0,-999.0,-999.0
105121,PASAJE SUR,1997,9,-999.0,-999.0,-999.0
105121,PASAJE SUR,1997,10,-999.0,-999.0,-999.0
105121,PASAJE SUR,1997,11,-999.0,-999.0,-999.0
105121,PASAJE SUR,1997,12,-999.0,-999.0,-999.0
105121,PASAJE SUR,1998,1,-999.0,-999.0,-999.0
105121,PASAJE SUR,1998,2,-999.0,-999.0,-999.0
105121,PASAJE SUR,1998,3,-999.0,-999.0,-999.0
105121,PASAJE SUR,1998,4,-999.0,-999.0,-999.0
105121,PASAJE SUR,1998,5,-999.0,-999.0,-999.0
105121,PASAJE SUR,1998,6,-999.0,-999.0,-999.0
105121,PASAJE SUR,1998,7,-999.0,-999.0,-999.0
105121,PASAJE SUR,1998,8,-999.0,-999.0,-999.0
105121,PASAJE SUR,1998,9,-999.0,-999.0,-999.0
105121,PASAJE SUR,1998,10,-999.0,-999.0,-999.0
105121,PASAJE SUR,1998,11,-999.0,-999.0,-999.0
105121,PASAJE SUR,1998,12,-999.0,-999.0,-999.0
105121,PASAJE SUR,1999,1,-999.0,-999.0,-999.0
105121,PASAJE SUR,1999,2,-999.0,-999.0,-999.0
105121,PASAJE SUR,1999,3,-999.0,-999.0,-999.0
105121,PASAJE SUR,1999,4,-999.0,-999.0,-999.0
105121,PASAJE SUR,1999,5,-999.0,-999.0,-999.0
105121,PASAJE SUR,1999,6,-999.0,-999.0,-999.0
105121,PASAJE SUR,1999,7,-999.0,-999.0,-999.0
105121,PASAJE SUR,1999,8,-999.0,-999.0,-999.0
105121,PASAJE SUR,1999,9,-999.0,-999.0,-999.0
105121,PASAJE SUR,1999,10,-999.0,-999.0,-999.0
105121,PASAJE SUR,1999,11,-999.0,-999.0,-999.0
105121,PASAJE SUR,1999,12,-999.0,-999.0,-999.0
105121,PASAJE SUR,2000,1,-999.0,-999.0,-999.0
105121,PASAJE SUR,2000,2,-999.0,-999.0,-999.0
105121,PASAJE SUR,2000,3,-999.0,-999.0,-999.0
105121,PASAJE SUR,2000,4,-999.0,-999.0,-999.0
105121,PASAJE SUR,2000,5,-999.0,-999.0,-999.0
105121,PASAJE SUR,2000,6,-999.0,-999.0,-999.0
105121,PASAJE SUR,2000,7,-999.0,-999.0,-999.0
105121,PASAJE SUR,2000,8,-999.0,-999.0,-999.0
105121,PASAJE SUR,2000,9,-999.0,-999.0,-999.0
105121,PASAJE SUR,2000,10,-999.0,-999.0,-999.0
105121,PASAJE SUR,2000,11,-999.0,-999.0,-999.0
105121,PASAJE SUR,2000,12,-999.0,-999.0,-999.0
105121,PASAJE SUR,2001,1,-999.0,-999.0,-999.0
105121,PASAJE SUR,2001,2,-999.0,-999.0,-999.0
105121,PASAJE SUR,2001,3,-999.0,-999.0,-999.0
105121,PASAJE SUR,2001,4,-999.0,-999.0,-999.0
105121,PASAJE SUR,2001,5,-999.0,-999.0,-999.0
105121,PASAJE SUR,2001,6,-999.0,-999.0,-999.0
105121,PASAJE SUR,2001,7,-999.0,-999.0,-999.0
105121,PASAJE SUR,2001,8,-999.0,-999.0,-999.0
105121,PASAJE SUR,2001,9,-999.0,-999.0,-999.0
105121,PASAJE SUR,2001,10,-999.0,-999.0,-999.0
105121,PASAJE SUR,2001,11,-999.0,-999.0,-999.0
105121,PASAJE SUR,2001,12,-999.0,-999.0,-999.0
105121,PASAJE SUR,2002,1,-999.0,-999.0,-999.0
105121,PASAJE SUR,2002,2,-999.0,-999.0,-999.0
105121,PASAJE SUR,2002,3,-999.0,-999.0,-999.0
105121,PASAJE SUR,2002,4,-999.0,-999.0,-999.0
105121,PASAJE SUR,2002,5,-999.0,-999.0,-999.0
105121,PASAJE SUR,2002,6,-999.0,-999.0,-999.0
105121,PASAJE SUR,2002,7,-999.0,-999.0,-999.0
105121,PASAJE SUR,2002,8,-999.0,-999.0,-999.0
105121,PASAJE SUR,2002,9,-999.0,-999.0,-999.0
105121,PASAJE SUR,2002,10,-999.0,-999.0,-999.0
105121,PASAJE SUR,2002,11,-999.0,-999.0,-999.0
105121,PASAJE SUR,2002,12,-999.0,-999.0,-999.0
105121,PASAJE SUR,2003,1,-999.0,-999.0,-999.0
105121,PASAJE SUR,2003,2,-999.0,-999.0,-999.0
105121,PASAJE SUR,2003,3,-999.0,-999.0,-999.0
105121,PASAJE SUR,2003,4,-999.0,-999.0,-999.0
105121,PASAJE SUR,2003,5,-999.0,-999.0,-999.0
105121,PASAJE SUR,2003,6,-999.0,-999.0,-999.0
105121,PASAJE SUR,2003,7,-999.0,-999.0,-999.0
105121,PASAJE SUR,2003,8,-999.0,-999.0,-999.0
105121,PASAJE SUR,2003,9,-999.0,-999.0,-999.0
105121,PASAJE SUR,2003,10,-999.0,-999.0,-999.0
105121,PASAJE SUR,2003,11,-999.0,-999.0,-999.0
105121,PASAJE SUR,2003,12,-999.0,-999.0,-999.0
105121,PASAJE SUR,2004,1,-999.0,-999.0,-999.0
105121,PASAJE SUR,2004,2,-999.0,-999.0,-999.0
105121,PASAJE SUR,2004,3,-999.0,-999.0,-999.0
105121,PASAJE SUR,2004,4,-999.0,-999.0,-999.0
105121,PASAJE SUR,2004,5,-999.0,-999.0,-999.0
105121,PASAJE SUR,2004,6,-999.0,-999.0,-999.0
105121,PASAJE SUR,2004,7,-999.0,-999.0,-999.0
105121,PASAJE SUR,2004,8,-999.0,-999.0,-999.0
105121,PASAJE SUR,2004,9,-999.0,-999.0,-999.0
105121,PASAJE SUR,2004,10,-999.0,-999.0,-999.0
105121,PASAJE SUR,2004,11,-999.0,-999.0,-999.0
105121,PASAJE SUR,2004,12,-999.0,-999.0,-999.0
105121,PASAJE SUR,2005,1,-999.0,-999.0,-999.0
105121,PASAJE SUR,2005,2,-999.0,-999.0,-999.0
105121,PASAJE SUR,2005,3,-999.0,-999.0,-999.0
105121,PASAJE SUR,2005,4,-999.0,-999.0,-999.0
105121,PASAJE SUR,2005,5,-999.0,-999.0,-999.0
105121,PASAJE SUR,2005,6,-999.0,-999.0,-999.0
105121,PASAJE SUR,2005,7,-999.0,-999.0,-999.0
105121,PASAJE SUR,2005,8,-999.0,-999.0,-999.0
105121,PASAJE SUR,2005,9,-999.0,-999.0,-999.0
105121,PASAJE SUR,2005,10,-999.0,-999.0,-999.0
105121,PASAJE SUR,2005,11,-999.0,-999.0,-999.0
105121,PASAJE SUR,2005,12,-999.0,-999.0,-999.0
105121,PASAJE SUR,2006,1,-999.0,-999.0,-999.0
105121,PASAJE SUR,2006,2,-999.0,-999.0,-999.0
105121,PASAJE SUR,2006,3,-999.0,-999.0,-999.0
105121,PASAJE SUR,2006,4,-999.0,-999.0,-999.0
105121,PASAJE SUR,2006,5,-999.0,-999.0,-999.0
105121,PASAJE SUR,2006,6,-999.0,-999.0,-999.0
105121,PASAJE SUR,2006,7,-999.0,-999.0,-999.0
105121,PASAJE SUR,2006,8,-999.0,-999.0,-999.0
105121,PASAJE SUR,2006,9,-999.0,-999.0,-999.0
105121,PASAJE SUR,2006,10,-999.0,-999.0,-999.0
105121,PASAJE SUR,2006,11,-999.0,-999.0,-999.0
105121,PASAJE SUR,2006,12,-999.0,-999.0,-999.0
105121,PASAJE SUR,2007,1,-999.0,-999.0,-999.0
105121,PASAJE SUR,2007,2,-999.0,-999.0,-999.0
105121,PASAJE SUR,2007,3,-999.0,-999.0,-999.0
105121,PASAJE SUR,2007,4,-999.0,-999.0,-999.0
105121,PASAJE SUR,2007,5,-999.0,-999.0,-999.0
105121,PASAJE SUR,2007,6,-999.0,-999.0,-999.0
105121,PASAJE SUR,2007,7,-999.0,-999.0,-999.0
105121,PASAJE SUR,2007,8,-999.0,-999.0,-999.0
105121,PASAJE SUR,2007,9,-999.0,-999.0,-999.0
105121,PASAJE SUR,2007,10,-999.0,-999.0,-999.0
105121,PASAJE SUR,2007,11,-999.0,-999.0,-999.0
105121,PASAJE SUR,2007,12,-999.0,-999.0,-999.0
105121,PASAJE SUR,2008,1,-999.0,-999.0,-999.0
105121,PASAJE SUR,2008,2,-999.0,-999.0,-999.0
105121,PASAJE SUR,2008,3,-999.0,-999.0,-999.0
105121,PASAJE SUR,2008,4,-999.0,-999.0,-999.0
105121,PASAJE SUR,2008,5,-999.0,-999.0,-999.0
105121,PASAJE SUR,2008,6,-999.0,-999.0,-999.0
105121,PASAJE SUR,2008,7,0.0,-999.0,-999.0
105121,PASAJE SUR,2008,8,0.0,-999.0,-999.0
105121,PASAJE SUR,2008,9,1.0,-999.0,-999.0
105121,PASAJE SUR,2008,10,0.0,-999.0,-999.0
105121,PASAJE SUR,2008,11,0.0,-999.0,-999.0
105121,PASAJE SUR,2008,12,0.0,-999.0,-999.0
105121,PASAJE SUR,2009,1,92.4,-999.0,-999.0
105121,PASAJE SUR,2009,2,26.3,-999.0,-999.0
105121,PASAJE SUR,2009,3,7.4,34.6,-999.0
105121,PASAJE SUR,2009,4,0.0,35.01,-999.0
105121,PASAJE SUR,2009,5,0.0,34.26,-999.0
105121,PASAJE SUR,2009,6,0.0,29.46,-999.0
105121,PASAJE SUR,2009,7,0.0,28.49,-999.0
105121,PASAJE SUR,2009,8,0.0,-999.0,-999.0
105121,PASAJE SUR,2009,9,0.0,-999.0,-999.0
105121,PASAJE SUR,2009,10,0.0,31.96,-999.0
105121,PASAJE SUR,2009,11,7.0,32.07,-999.0
105121,PASAJE SUR,2009,12,0.0,-999.0,-999.0
105121,PASAJE SUR,2010,1,0.0,34.3,-999.0
105121,PASAJE SUR,2010,2,35.0,34.65,-999.0
105121,PASAJE SUR,2010,3,9.0,35.48,-999.0
105121,PASAJE SUR,2010,4,3.0,35.56,-999.0
105121,PASAJE SUR,2010,5,0.0,33.69,-999.0
105121,PASAJE SUR,2010,6,0.0,31.03,-999.0
105121,PASAJE SUR,2010,7,0.0,29.48,-999.0
105121,PASAJE SUR,2010,8,0.0,29.09,-999.0
105121,PASAJE SUR,2010,9,0.0,29.88,-999.0
105121,PASAJE SUR,2010,10,4.0,29.84,-999.0
105121,PASAJE SUR,2010,11,3.0,30.54,-999.0
105121,PASAJE SUR,2010,12,0.0,33.41,-999.0
105121,PASAJE SUR,2011,1,5.0,35.46,-999.0
105121,PASAJE SUR,2011,2,9.0,36.08,-999.0
105121,PASAJE SUR,2011,3,0.0,36.61,-999.0
105121,PASAJE SUR,2011,4,6.0,35.8,-999.0
105121,PASAJE SUR,2011,5,0.0,33.8,-999.0
105121,PASAJE SUR,2011,6,0.0,31.74,-999.0
105121,PASAJE SUR,2011,7,0.0,30.24,-999.0
105121,PASAJE SUR,2011,8,0.0,29.77,-999.0
105121,PASAJE SUR,2011,9,2.0,31.99,-999.0
105121,PASAJE SUR,2011,10,0.0,31.62,-999.0
105121,PASAJE SUR,2011,11,0.0,32.84,-999.0
105121,PASAJE SUR,2011,12,2.0,33.56,-999.0
105121,PASAJE SUR,2012,1,2.0,34.61,-999.0
105121,PASAJE SUR,2012,2,8.0,35.64,-999.0
105121,PASAJE SUR,2012,3,184.0,35.7,-999.0
105121,PASAJE SUR,2012,4,40.0,34.2,-999.0
105121,PASAJE SUR,2012,5,0.0,34.59,-999.0
105121,PASAJE SUR,2012,6,0.0,32.74,-999.0
105121,PASAJE SUR,2012,7,0.0,30.45,-999.0
105121,PASAJE SUR,2012,8,0.0,30.62,-999.0
105121,PASAJE SUR,2012,9,0.0,32.14,-999.0
105121,PASAJE SUR,2012,10,5.0,32.01,-999.0
105121,PASAJE SUR,2012,11,3.0,33.91,-999.0
105121,PASAJE SUR,2012,12,0.0,34.21,-999.0
105121,PASAJE SUR,2013,1,13.0,35.1,-999.0
105121,PASAJE SUR,2013,2,0.0,37.46,-999.0
105121,PASAJE SUR,2013,3,22.0,-999.0,-999.0
105121,PASAJE SUR,2013,4,0.0,36.93,-999.0
105121,PASAJE SUR,2013,5,8.0,-999.0,-999.0
105121,PASAJE SUR,2013,6,0.0,30.51,-999.0
105121,PASAJE SUR,2013,7,0.0,30.27,-999.0
105121,PASAJE SUR,2013,8,0.0,30.05,-999.0
105121,PASAJE SUR,2013,9,0.0,30.75,-999.0
105121,PASAJE SUR,2013,10,12.0,32.32,-999.0
105121,PASAJE SUR,2013,11,0.0,33.95,-999.0
105121,PASAJE SUR,2013,12,0.0,35.26,-999.0
105121,PASAJE SUR,2014,1,0.0,35.94,-999.0
105121,PASAJE SUR,2014,2,2.0,-999.0,-999.0
105121,PASAJE SUR,2014,3,5.2,35.28,-999.0
105121,PASAJE SUR,2014,4,0.0,36.11,-999.0
105121,PASAJE SUR,2014,5,7.0,34.06,-999.0
105121,PASAJE SUR,2014,6,0.0,34.74,-999.0
105121,PASAJE SUR,2014,7,0.0,-999.0,-999.0
105121,PASAJE SUR,2014,8,0.0,32.06,-999.0
105121,PASAJE SUR,2014,9,0.0,32.83,-999.0
105121,PASAJE SUR,2014,10,6.0,32.9,-999.0
105121,PASAJE SUR,2014,11,0.0,34.53,-999.0
105121,PASAJE SUR,2014,12,0.0,35.14,-999.0
105121,PASAJE SUR,2015,1,2.0,35.85,-999.0
105121,PASAJE SUR,2015,2,7.0,36.42,-999.0
105121,PASAJE SUR,2015,3,54.0,36.6,-999.0
105121,PASAJE SUR,2015,4,0.0,36.86,-999.0
105121,PASAJE SUR,2015,5,0.0,36.24,-999.0
105121,PASAJE SUR,2015,6,0.0,34.02,-999.0
105121,PASAJE SUR,2015,7,0.0,31.71,-999.0
105121,PASAJE SUR,2015,8,0.0,31.54,-999.0
105121,PASAJE SUR,2015,9,0.0,32.34,-999.0
105121,PASAJE SUR,2015,10,0.0,33.91,-999.0
105121,PASAJE SUR,2015,11,2.0,32.99,-999.0
105121,PASAJE SUR,2015,12,0.0,34.06,-999.0
105121,PASAJE SUR,2016,1,10.0,35.12,-999.0
105121,PASAJE SUR,2016,2,49.6,35.27,-999.0
105121,PASAJE SUR,2016,3,41.4,35.52,-999.0
105121,PASAJE SUR,2016,4,20.4,36.44,-999.0
105121,PASAJE SUR,2016,5,0.0,36.88,-999.0
105121,PASAJE SUR,2016,6,0.0,35.13,-999.0
105121,PASAJE SUR,2016,7,0.0,32.51,-999.0
105121,PASAJE SUR,2016,8,0.0,31.79,-999.0
105121,PASAJE SUR,2016,9,0.0,32.19,-999.0
105121,PASAJE SUR,2016,10,0.0,33.07,-999.0
105121,PASAJE SUR,2016,11,0.0,33.06,-999.0
105121,PASAJE SUR,2016,12,0.0,34.05,-999.0
105121,PASAJE SUR,2017,1,20.0,34.38,-999.0
105121,PASAJE SUR,2017,2,104.0,35.0,-999.0
105121,PASAJE SUR,2017,3,1062.4,35.42,-999.0
105121,PASAJE SUR,2017,4,49.0,35.23,-999.0
105121,PASAJE SUR,2017,5,-999.0,-999.0,-999.0
105121,PASAJE SUR,2017,6,0.0,31.39,-999.0
105121,PASAJE SUR,2017,7,0.0,31.3,-999.0
105121,PASAJE SUR,2017,8,0.0,30.83,-999.0
105121,PASAJE SUR,2017,9,0.0,30.58,-999.0
105121,PASAJE SUR,2017,10,0.0,31.69,-999.0
105121,PASAJE SUR,2017,11,0.0,33.26,-999.0
105121,PASAJE SUR,2017,12,0.0,33.88,-999.0
105121,PASAJE SUR,2018,1,5.0,-999.0,-999.0
105121,PASAJE SUR,2018,2,0.0,-999.0,-999.0
105121,PASAJE SUR,2018,3,0.0,-999.0,-999.0
105121,PASAJE SUR,2018,4,2.0,-999.0,-999.0
105121,PASAJE SUR,2018,5,0.0,-999.0,-999.0
105121,PASAJE SUR,2018,6,0.0,-999.0,-999.0
105121,PASAJE SUR,2018,7,0.0,-999.0,-999.0
105121,PASAJE SUR,2018,8,0.0,-999.0,-999.0
105121,PASAJE SUR,2018,9,0.0,-999.0,-999.0
105121,PASAJE SUR,2018,10,0.0,-999.0,-999.0
105121,PASAJE SUR,2018,11,10.0,-999.0,-999.0
105121,PASAJE SUR,2018,12,0.0,-999.0,-999.0
105121,PASAJE SUR,2019,1,0.0,-999.0,-999.0
105121,PASAJE SUR,2019,2,57.0,-999.0,-999.0
105121,PASAJE SUR,2019,3,12.2,-999.0,-999.0
105121,PASAJE SUR,2019,4,0.0,-999.0,-999.0
105121,PASAJE SUR,2019,5,0.0,-999.0,-999.0
105121,PASAJE SUR,2019,6,0.0,-999.0,-999.0
105121,PASAJE SUR,2019,7,0.0,-999.0,-999.0
105121,PASAJE SUR,2019,8,0.0,-999.0,-999.0
105121,PASAJE SUR,2019,9,0.0,-999.0,-999.0
105121,PASAJE SUR,2019,10,0.0,-999.0,-999.0
105121,PASAJE SUR,2019,11,0.0,-999.0,-999.0
105121,PASAJE SUR,2019,12,0.0,-999.0,-999.0
105121,PASAJE SUR,2020,1,2.0,-999.0,-999.0
105121,PASAJE SUR,2020,2,0.0,-999.0,-999.0
105121,PASAJE SUR,2020,3,0.0,-999.0,-999.0
105121,PASAJE SUR,2020,4,3.6,-999.0,-999.0
105121,PASAJE SUR,2020,5,8.2,-999.0,-999.0
105121,PASAJE SUR,2020,6,0.0,-999.0,-999.0
105121,PASAJE SUR,2020,7,0.0,-999.0,-999.0
105121,PASAJE SUR,2020,8,0.0,-999.0,-999.0
105121,PASAJE SUR,2020,9,0.0,-999.0,-999.0
105121,PASAJE SUR,2020,10,0.0,-999.0,-999.0
105121,PASAJE SUR,2020,11,0.0,-999.0,-999.0
105121,PASAJE SUR,2020,12,5.5,-999.0,-999.0
105121,PASAJE SUR,2021,1,12.0,-999.0,-999.0
105121,PASAJE SUR,2021,2,0.0,-999.0,-999.0
105121,PASAJE SUR,2021,3,47.0,-999.0,-999.0
105121,PASAJE SUR,2021,4,0.0,-999.0,-999.0
105121,PASAJE SUR,2021,5,0.0,-999.0,-999.0
105121,PASAJE SUR,2021,6,0.0,-999.0,-999.0
105121,PASAJE SUR,2021,7,0.0,-999.0,-999.0
105121,PASAJE SUR,2021,8,0.0,-999.0,-999.0
105121,PASAJE SUR,2021,9,0.0,-999.0,-999.0
105121,PASAJE SUR,2021,10,0.0,-999.0,-999.0
105121,PASAJE SUR,2021,11,0.0,-999.0,-999.0
105121,PASAJE SUR,2021,12,10.6,-999.0,-999.0
105121,PASAJE SUR,2022,1,2.2,-999.0,-999.0
105121,PASAJE SUR,2022,2,0.0,-999.0,-999.0
105121,PASAJE SUR,2022,3,7.3,-999.0,-999.0
105121,PASAJE SUR,2022,4,-999.0,-999.0,-999.0
105121,PASAJE SUR,2022,5,-999.0,-999.0,-999.0
105121,PASAJE SUR,2022,6,0.0,-999.0,-999.0
105121,PASAJE SUR,2022,7,0.0,-999.0,-999.0
105121,PASAJE SUR,2022,8,0.0,-999.0,-999.0
105121,PASAJE SUR,2022,9,0.0,-999.0,-999.0
105121,PASAJE SUR,2022,10,0.0,-999.0,-999.0
105121,PASAJE SUR,2022,11,0.0,-999.0,-999.0
105121,PASAJE SUR,2022,12,0.0,-999.0,-999.0
105121,PASAJE SUR,2023,1,0.0,-999.0,-999.0
105121,PASAJE SUR,2023,2,5.5,-999.0,-999.0
105121,PASAJE SUR,2023,3,-999.0,-999.0,-999.0
105121,PASAJE SUR,2023,4,480.6,-999.0,-999.0
105121,PASAJE SUR,2023,5,1.2,-999.0,-999.0
105121,PASAJE SUR,2023,6,0.0,-999.0,-999.0
105121,PASAJE SUR,2023,7,0.0,-999.0,-999.0
105121,PASAJE SUR,2023,8,-999.0,-999.0,-999.0
105121,PASAJE SUR,2023,9,-999.0,-999.0,-999.0
105121,PASAJE SUR,2023,10,-999.0,-999.0,-999.0
105121,PASAJE SUR,2023,11,-999.0,-999.0,-999.0
105121,PASAJE SUR,2023,12,-999.0,-999.0,-999.0
105121,PASAJE SUR,2024,1,0.0,-999.0,-999.0
105121,PASAJE SUR,2024,2,12.6,-999.0,-999.0
105121,PASAJE SUR,2024,3,0.0,-999.0,-999.0
105121,PASAJE SUR,2024,4,0.0,-999.0,-999.0
105121,PASAJE SUR,2024,5,0.0,-999.0,-999.0
105121,PASAJE SUR,2024,6,0.0,-999.0,-999.0
105121,PASAJE SUR,2024,7,0.0,-999.0,-999.0
105121,PASAJE SUR,2024,8,0.0,-999.0,-999.0
105121,PASAJE SUR,2024,9,0.0,-999.0,-999.0
105121,PASAJE SUR,2024,10,0.0,-999.0,-999.0
105121,PASAJE SUR,2024,11,0.0,-999.0,-999.0
105121,PASAJE SUR,2024,12,2.2,-999.0,-999.0
105121,PASAJE SUR,2025,1,26.2,-999.0,-999.0
105121,PASAJE SUR,2025,2,5.2,-999.0,-999.0
105121,PASAJE SUR,2025,3,44.0,-999.0,-999.0
105121,PASAJE SUR,2025,4,0.0,-999.0,-999.0
105121,PASAJE SUR,2025,5,0.0,-999.0,-999.0
105121,PASAJE SUR,2025,6,0.0,-999.0,-999.0
105121,PASAJE SUR,2025,7,0.0,-999.0,-999.0
105121,PASAJE SUR,2025,8,0.0,-999.0,-999.0
105121,PASAJE SUR,2025,9,0.0,-999.0,-999.0
105121,PASAJE SUR,2025,10,2.4,-999.0,-999.0
105121,PASAJE SUR,2025,11,6.6,-999.0,-999.0
105121,PASAJE SUR,2025,12,0.0,-999.0,-999.0
