CODIGO,ESTACION,YEAR,MONTH,PP,TMAX,TMIN
106068,UDIMA,1990,1,13.0,-999.0,-999.0
106068,UDIMA,1990,2,65.5,-999.0,-999.0
106068,UDIMA,1990,3,126.5,-999.0,-999.0
106068,UDIMA,1990,4,97.0,-999.0,-999.0
106068,UDIMA,1990,5,27.5,-999.0,-999.0
106068,UDIMA,1990,6,33.5,-999.0,-999.0
106068,UDIMA,1990,7,3.5,-999.0,-999.0
106068,UDIMA,1990,8,0.0,-999.0,-999.0
106068,UDIMA,1990,9,3.5,-999.0,-999.0
106068,UDIMA,1990,10,69.5,-999.0,-999.0
106068,UDIMA,1990,11,72.0,-999.0,-999.0
106068,UDIMA,1990,12,26.5,-999.0,-999.0
106068,UDIMA,1991,1,11.0,-999.0,-999.0
106068,UDIMA,1991,2,91.5,-999.0,-999.0
106068,UDIMA,1991,3,89.0,-999.0,-999.0
106068,UDIMA,1991,4,111.5,-999.0,-999.0
106068,UDIMA,1991,5,82.0,-999.0,-999.0
106068,UDIMA,1991,6,3.0,-999.0,-999.0
106068,UDIMA,1991,7,4.0,-999.0,-999.0
106068,UDIMA,1991,8,5.0,-999.0,-999.0
106068,UDIMA,1991,9,0.0,-999.0,-999.0
106068,UDIMA,1991,10,51.0,-999.0,-999.0
106068,UDIMA,1991,11,48.5,-999.0,-999.0
106068,UDIMA,1991,12,36.0,-999.0,-999.0
106068,UDIMA,1992,1,73.5,-999.0,-999.0
106068,UDIMA,1992,2,31.0,-999.0,-999.0
106068,UDIMA,1992,3,172.0,-999.0,-999.0
106068,UDIMA,1992,4,140.0,-999.0,-999.0
106068,UDIMA,1992,5,54.5,-999.0,-999.0
106068,UDIMA,1992,6,7.0,-999.0,-999.0
106068,UDIMA,1992,7,5.0,-999.0,-999.0
106068,UDIMA,1992,8,4.0,-999.0,-999.0
106068,UDIMA,1992,9,39.0,-999.0,-999.0
106068,UDIMA,1992,10,46.0,-999.0,-999.0
106068,UDIMA,1992,11,45.5,-999.0,-999.0
106068,UDIMA,1992,12,13.0,-999.0,-999.0
106068,UDIMA,1993,1,68.0,-999.0,-999.0
106068,UDIMA,1993,2,140.0,-999.0,-999.0
106068,UDIMA,1993,3,257.0,-999.0,-999.0
106068,UDIMA,1993,4,220.0,-999.0,-999.0
106068,UDIMA,1993,5,82.5,-999.0,-999.0
106068,UDIMA,1993,6,33.0,-999.0,-999.0
106068,UDIMA,1993,7,15.5,-999.0,-999.0
106068,UDIMA,1993,8,20.5,-999.0,-999.0
106068,UDIMA,1993,9,82.0,-999.0,-999.0
106068,UDIMA,1993,10,108.2,-999.0,-999.0
106068,UDIMA,1993,11,31.5,-999.0,-999.0
106068,UDIMA,1993,12,57.5,-999.0,-999.0
106068,UDIMA,1994,1,113.0,-999.0,-999.0
106068,UDIMA,1994,2,122.0,-999.0,-999.0
106068,UDIMA,1994,3,192.0,-999.0,-999.0
106068,UDIMA,1994,4,182.5,-999.0,-999.0
106068,UDIMA,1994,5,108.1,-999.0,-999.0
106068,UDIMA,1994,6,26.5,-999.0,-999.0
106068,UDIMA,1994,7,2.0,-999.0,-999.0
106068,UDIMA,1994,8,4.5,-999.0,-999.0
106068,UDIMA,1994,9,44.5,-999.0,-999.0
106068,UDIMA,1994,10,53.5,-999.0,-999.0
106068,UDIMA,1994,11,45.0,-999.0,-999.0
106068,UDIMA,1994,12,82.0,-999.0,-999.0
106068,UDIMA,1995,1,85.0,-999.0,-999.0
106068,UDIMA,1995,2,115.5,-999.0,-999.0
106068,UDIMA,1995,3,134.0,-999.0,-999.0
106068,UDIMA,1995,4,101.0,-999.0,-999.0
106068,UDIMA,1995,5,63.0,-999.0,-999.0
106068,UDIMA,1995,6,1.0,-999.0,-999.0
106068,UDIMA,1995,7,47.5,-999.0,-999.0
106068,UDIMA,1995,8,25.0,-999.0,-999.0
106068,UDIMA,1995,9,26.0,-999.0,-999.0
106068,UDIMA,1995,10,109.5,-999.0,-999.0
106068,UDIMA,1995,11,91.0,-999.0,-999.0
106068,UDIMA,1995,12,89.0,-999.0,-999.0
106068,UDIMA,1996,1,77.0,-999.0,-999.0
106068,UDIMA,1996,2,151.0,-999.0,-999.0
106068,UDIMA,1996,3,181.0,-999.0,-999.0
106068,UDIMA,1996,4,145.5,-999.0,-999.0
106068,UDIMA,1996,5,55.0,-999.0,-999.0
106068,UDIMA,1996,6,18.5,-999.0,-999.0
106068,UDIMA,1996,7,0.0,-999.0,-999.0
106068,UDIMA,1996,8,24.0,-999.0,-999.0
106068,UDIMA,1996,9,12.5,-999.0,-999.0
106068,UDIMA,1996,10,107.5,-999.0,-999.0
106068,UDIMA,1996,11,4.0,-999.0,-999.0
106068,UDIMA,1996,12,21.0,-999.0,-999.0
106068,UDIMA,1997,1,39.0,-999.0,-999.0
106068,UDIMA,1997,2,147.0,-999.0,-999.0
106068,UDIMA,1997,3,54.0,-999.0,-999.0
106068,UDIMA,1997,4,154.0,-999.0,-999.0
106068,UDIMA,1997,5,19.0,-999.0,-999.0
106068,UDIMA,1997,6,18.0,-999.0,-999.0
106068,UDIMA,1997,7,0.0,-999.0,-999.0
106068,UDIMA,1997,8,0.0,-999.0,-999.0
106068,UDIMA,1997,9,22.0,-999.0,-999.0
106068,UDIMA,1997,10,22.5,-999.0,-999.0
106068,UDIMA,1997,11,167.5,-999.0,-999.0
106068,UDIMA,1997,12,118.5,-999.0,-999.0
106068,UDIMA,1998,1,191.0,-999.0,-999.0
106068,UDIMA,1998,2,175.0,-999.0,-999.0
106068,UDIMA,1998,3,356.0,-999.0,-999.0
106068,UDIMA,1998,4,298.5,-999.0,-999.0
106068,UDIMA,1998,5,72.5,-999.0,-999.0
106068,UDIMA,1998,6,29.5,-999.0,-999.0
106068,UDIMA,1998,7,6.0,-999.0,-999.0
106068,UDIMA,1998,8,18.5,-999.0,-999.0
106068,UDIMA,1998,9,39.5,-999.0,-999.0
106068,UDIMA,1998,10,44.0,-999.0,-999.0
106068,UDIMA,1998,11,10.0,-999.0,-999.0
106068,UDIMA,1998,12,70.5,-999.0,-999.0
106068,UDIMA,1999,1,113.5,-999.0,-999.0
106068,UDIMA,1999,2,310.0,-999.0,-999.0
106068,UDIMA,1999,3,85.0,-999.0,-999.0
106068,UDIMA,1999,4,238.0,-999.0,-999.0
106068,UDIMA,1999,5,121.5,-999.0,-999.0
106068,UDIMA,1999,6,94.0,-999.0,-999.0
106068,UDIMA,1999,7,57.0,-999.0,-999.0
106068,UDIMA,1999,8,21.5,-999.0,-999.0
106068,UDIMA,1999,9,75.5,-999.0,-999.0
106068,UDIMA,1999,10,93.0,-999.0,-999.0
106068,UDIMA,1999,11,9.0,-999.0,-999.0
106068,UDIMA,1999,12,57.0,-999.0,-999.0
106068,UDIMA,2000,1,82.0,-999.0,-999.0
106068,UDIMA,2000,2,118.5,-999.0,-999.0
106068,UDIMA,2000,3,-999.0,-999.0,-999.0
106068,UDIMA,2000,4,248.3,-999.0,-999.0
106068,UDIMA,2000,5,155.0,-999.0,-999.0
106068,UDIMA,2000,6,49.5,-999.0,-999.0
106068,UDIMA,2000,7,0.0,-999.0,-999.0
106068,UDIMA,2000,8,18.5,-999.0,-999.0
106068,UDIMA,2000,9,69.1,-999.0,-999.0
106068,UDIMA,2000,10,6.6,-999.0,-999.0
106068,UDIMA,2000,11,32.1,-999.0,-999.0
106068,UDIMA,2000,12,85.9,-999.0,-999.0
106068,UDIMA,2001,1,117.7,-999.0,-999.0
106068,UDIMA,2001,2,62.0,-999.0,-999.0
106068,UDIMA,2001,3,330.4,-999.0,-999.0
106068,UDIMA,2001,4,175.5,-999.0,-999.0
106068,UDIMA,2001,5,41.4,-999.0,-999.0
106068,UDIMA,2001,6,43.4,-999.0,-999.0
106068,UDIMA,2001,7,24.6,-999.0,-999.0
106068,UDIMA,2001,8,0.0,-999.0,-999.0
106068,UDIMA,2001,9,112.7,-999.0,-999.0
106068,UDIMA,2001,10,17.7,-999.0,-999.0
106068,UDIMA,2001,11,46.5,-999.0,-999.0
106068,UDIMA,2001,12,67.9,-999.0,-999.0
106068,UDIMA,2002,1,13.4,-999.0,-999.0
106068,UDIMA,2002,2,196.4,-999.0,-999.0
106068,UDIMA,2002,3,104.0,-999.0,-999.0
106068,UDIMA,2002,4,204.2,-999.0,-999.0
106068,UDIMA,2002,5,23.5,-999.0,-999.0
106068,UDIMA,2002,6,16.2,-999.0,-999.0
106068,UDIMA,2002,7,0.5,-999.0,-999.0
106068,UDIMA,2002,8,0.0,-999.0,-999.0
106068,UDIMA,2002,9,5.2,-999.0,-999.0
106068,UDIMA,2002,10,55.2,-999.0,-999.0
106068,UDIMA,2002,11,54.4,-999.0,-999.0
106068,UDIMA,2002,12,77.8,-999.0,-999.0
106068,UDIMA,2003,1,73.5,-999.0,-999.0
106068,UDIMA,2003,2,88.3,-999.0,-999.0
106068,UDIMA,2003,3,45.2,-999.0,-999.0
106068,UDIMA,2003,4,76.4,-999.0,-999.0
106068,UDIMA,2003,5,61.5,-999.0,-999.0
106068,UDIMA,2003,6,80.7,19.57,10.94
106068,UDIMA,2003,7,6.8,20.52,10.99
106068,UDIMA,2003,8,0.7,-999.0,10.9
106068,UDIMA,2003,9,14.0,20.68,11.23
106068,UDIMA,2003,10,10.3,19.61,10.95
106068,UDIMA,2003,11,48.0,18.73,11.09
106068,UDIMA,2003,12,104.3,18.07,11.05
106068,UDIMA,2004,1,40.6,17.39,9.45
106068,UDIMA,2004,2,90.4,18.7,11.24
106068,UDIMA,2004,3,86.2,19.75,12.09
106068,UDIMA,2004,4,130.8,18.17,11.39
106068,UDIMA,2004,5,44.8,20.25,11.72
106068,UDIMA,2004,6,1.7,-999.0,-999.0
106068,UDIMA,2004,7,33.9,-999.0,-999.0
106068,UDIMA,2004,8,0.0,21.6,-999.0
106068,UDIMA,2004,9,40.4,20.45,11.25
106068,UDIMA,2004,10,105.3,18.23,11.12
106068,UDIMA,2004,11,26.2,19.11,11.03
106068,UDIMA,2004,12,81.8,17.75,10.84
106068,UDIMA,2005,1,51.3,17.57,10.54
106068,UDIMA,2005,2,109.6,18.09,11.46
106068,UDIMA,2005,3,211.7,17.61,11.62
106068,UDIMA,2005,4,52.7,19.34,11.99
106068,UDIMA,2005,5,9.2,20.12,11.03
106068,UDIMA,2005,6,19.4,20.96,11.83
106068,UDIMA,2005,7,1.9,20.34,10.69
106068,UDIMA,2005,8,4.8,20.66,11.33
106068,UDIMA,2005,9,9.3,-999.0,11.38
106068,UDIMA,2005,10,68.6,17.61,10.51
106068,UDIMA,2005,11,45.7,17.28,9.51
106068,UDIMA,2005,12,39.7,17.25,9.72
106068,UDIMA,2006,1,101.9,17.36,10.49
106068,UDIMA,2006,2,182.8,17.59,11.58
106068,UDIMA,2006,3,284.9,18.37,11.43
106068,UDIMA,2006,4,65.6,18.25,11.17
106068,UDIMA,2006,5,45.3,19.41,11.01
106068,UDIMA,2006,6,38.2,19.07,10.73
106068,UDIMA,2006,7,21.6,20.11,10.87
106068,UDIMA,2006,8,4.2,20.73,11.43
106068,UDIMA,2006,9,56.4,20.09,11.49
106068,UDIMA,2006,10,9.0,19.06,10.65
106068,UDIMA,2006,11,82.1,19.09,11.03
106068,UDIMA,2006,12,44.5,18.93,11.28
106068,UDIMA,2007,1,38.0,19.97,12.31
106068,UDIMA,2007,2,35.6,17.56,10.62
106068,UDIMA,2007,3,244.3,18.3,11.66
106068,UDIMA,2007,4,198.0,18.11,11.52
106068,UDIMA,2007,5,56.2,18.93,11.54
106068,UDIMA,2007,6,3.9,19.58,11.03
106068,UDIMA,2007,7,10.8,19.99,11.06
106068,UDIMA,2007,8,23.1,19.75,10.77
106068,UDIMA,2007,9,1.4,20.41,11.32
106068,UDIMA,2007,10,79.2,18.3,10.55
106068,UDIMA,2007,11,87.3,18.6,10.97
106068,UDIMA,2007,12,34.3,16.55,9.74
106068,UDIMA,2008,1,117.1,16.66,10.74
106068,UDIMA,2008,2,282.1,16.66,-999.0
106068,UDIMA,2008,3,300.9,16.49,10.88
106068,UDIMA,2008,4,237.3,17.15,10.93
106068,UDIMA,2008,5,70.1,18.3,11.12
106068,UDIMA,2008,6,26.4,19.68,10.81
106068,UDIMA,2008,7,29.0,19.52,10.63
106068,UDIMA,2008,8,70.5,18.85,10.91
106068,UDIMA,2008,9,46.5,19.46,10.96
106068,UDIMA,2008,10,136.4,18.46,11.21
106068,UDIMA,2008,11,92.8,17.46,10.3
106068,UDIMA,2008,12,2.0,17.18,9.44
106068,UDIMA,2009,1,242.7,16.57,10.85
106068,UDIMA,2009,2,131.9,17.23,11.09
106068,UDIMA,2009,3,241.1,17.52,11.01
106068,UDIMA,2009,4,105.3,18.41,11.39
106068,UDIMA,2009,5,46.4,19.2,11.33
106068,UDIMA,2009,6,27.3,19.85,10.94
106068,UDIMA,2009,7,8.6,20.1,11.24
106068,UDIMA,2009,8,7.0,20.56,11.2
106068,UDIMA,2009,9,21.9,21.08,11.57
106068,UDIMA,2009,10,31.1,19.5,11.52
106068,UDIMA,2009,11,45.3,-999.0,11.11
106068,UDIMA,2009,12,62.9,-999.0,11.51
106068,UDIMA,2010,1,18.4,-999.0,11.88
106068,UDIMA,2010,2,134.7,-999.0,12.41
106068,UDIMA,2010,3,124.6,-999.0,12.59
106068,UDIMA,2010,4,183.8,-999.0,12.21
106068,UDIMA,2010,5,54.6,-999.0,11.95
106068,UDIMA,2010,6,50.0,-999.0,11.25
106068,UDIMA,2010,7,12.3,19.8,10.63
106068,UDIMA,2010,8,13.9,20.36,10.84
106068,UDIMA,2010,9,89.1,18.88,10.67
106068,UDIMA,2010,10,18.3,18.25,9.86
106068,UDIMA,2010,11,24.2,16.74,8.88
106068,UDIMA,2010,12,27.2,16.7,9.79
106068,UDIMA,2011,1,88.8,17.14,10.37
106068,UDIMA,2011,2,114.4,16.57,9.97
106068,UDIMA,2011,3,101.2,17.04,10.07
106068,UDIMA,2011,4,202.7,17.25,11.11
106068,UDIMA,2011,5,20.0,18.93,10.94
106068,UDIMA,2011,6,11.4,19.45,11.16
106068,UDIMA,2011,7,47.2,19.16,10.58
106068,UDIMA,2011,8,2.7,20.45,11.14
106068,UDIMA,2011,9,74.1,20.2,11.23
106068,UDIMA,2011,10,39.4,17.66,9.36
106068,UDIMA,2011,11,54.8,17.44,10.24
106068,UDIMA,2011,12,52.7,17.72,10.68
106068,UDIMA,2012,1,143.1,16.72,10.89
106068,UDIMA,2012,2,236.0,16.56,10.66
106068,UDIMA,2012,3,215.7,18.54,11.7
106068,UDIMA,2012,4,177.6,17.57,10.85
106068,UDIMA,2012,5,52.9,19.06,11.66
106068,UDIMA,2012,6,37.6,19.74,11.67
106068,UDIMA,2012,7,1.9,20.59,11.39
106068,UDIMA,2012,8,6.6,20.35,11.08
106068,UDIMA,2012,9,9.5,20.74,11.46
106068,UDIMA,2012,10,80.6,19.04,11.05
106068,UDIMA,2012,11,38.7,19.31,11.17
106068,UDIMA,2012,12,38.5,18.15,10.37
106068,UDIMA,2013,1,50.8,18.9,11.75
106068,UDIMA,2013,2,131.1,17.99,11.04
106068,UDIMA,2013,3,179.7,18.93,11.85
106068,UDIMA,2013,4,104.9,19.58,11.75
106068,UDIMA,2013,5,145.5,18.75,11.62
106068,UDIMA,2013,6,8.0,19.75,11.58
106068,UDIMA,2013,7,3.5,19.54,10.74
106068,UDIMA,2013,8,8.4,19.94,11.02
106068,UDIMA,2013,9,6.3,20.28,11.28
106068,UDIMA,2013,10,137.3,19.01,11.35
106068,UDIMA,2013,11,3.5,18.31,9.99
106068,UDIMA,2013,12,27.6,18.75,10.87
106068,UDIMA,2014,1,92.8,19.01,11.16
106068,UDIMA,2014,2,41.5,18.49,11.36
106068,UDIMA,2014,3,149.9,18.21,11.34
106068,UDIMA,2014,4,96.6,19.51,12.05
106068,UDIMA,2014,5,75.4,18.78,11.75
106068,UDIMA,2014,6,32.9,19.75,11.35
106068,UDIMA,2014,7,5.9,20.64,11.26
106068,UDIMA,2014,8,17.2,20.0,11.21
106068,UDIMA,2014,9,71.4,19.87,11.43
106068,UDIMA,2014,10,51.0,19.37,11.22
106068,UDIMA,2014,11,38.4,19.27,10.87
106068,UDIMA,2014,12,80.6,18.85,11.27
106068,UDIMA,2015,1,104.1,18.68,11.78
106068,UDIMA,2015,2,66.9,18.58,11.58
106068,UDIMA,2015,3,290.5,18.63,11.79
106068,UDIMA,2015,4,103.1,19.61,12.19
106068,UDIMA,2015,5,90.8,20.25,12.36
106068,UDIMA,2015,6,2.5,20.21,11.52
106068,UDIMA,2015,7,51.8,19.78,11.7
106068,UDIMA,2015,8,0.4,20.99,-999.0
106068,UDIMA,2015,9,6.5,20.99,12.08
106068,UDIMA,2015,10,94.5,19.85,11.7
106068,UDIMA,2015,11,117.7,19.38,11.59
106068,UDIMA,2015,12,21.3,20.66,12.12
106068,UDIMA,2016,1,143.7,18.65,11.32
106068,UDIMA,2016,2,146.1,19.78,12.32
106068,UDIMA,2016,3,176.9,19.7,11.9
106068,UDIMA,2016,4,182.2,19.68,11.63
106068,UDIMA,2016,5,7.3,20.5,12.11
106068,UDIMA,2016,6,26.8,20.41,11.61
106068,UDIMA,2016,7,8.0,20.17,10.88
106068,UDIMA,2016,8,0.7,21.34,11.61
106068,UDIMA,2016,9,21.7,20.75,11.88
106068,UDIMA,2016,10,29.1,19.52,11.16
106068,UDIMA,2016,11,8.7,19.32,10.15
106068,UDIMA,2016,12,38.6,18.65,11.2
106068,UDIMA,2017,1,177.5,17.86,11.2
106068,UDIMA,2017,2,212.0,17.26,10.54
106068,UDIMA,2017,3,460.8,17.41,11.48
106068,UDIMA,2017,4,77.8,18.93,12.15
106068,UDIMA,2017,5,120.9,18.99,11.86
106068,UDIMA,2017,6,61.5,19.48,11.56
106068,UDIMA,2017,7,0.9,19.87,10.66
106068,UDIMA,2017,8,29.4,20.74,11.4
106068,UDIMA,2017,9,64.1,20.42,11.76
106068,UDIMA,2017,10,60.9,19.72,11.7
106068,UDIMA,2017,11,36.7,19.08,10.33
106068,UDIMA,2017,12,23.9,18.63,11.25
106068,UDIMA,2018,1,101.6,18.57,10.99
106068,UDIMA,2018,2,69.8,18.05,10.79
106068,UDIMA,2018,3,67.2,19.5,11.86
106068,UDIMA,2018,4,113.2,18.58,11.15
106068,UDIMA,2018,5,119.3,19.16,11.68
106068,UDIMA,2018,6,5.9,20.57,11.43
106068,UDIMA,2018,7,2.8,20.52,11.15
106068,UDIMA,2018,8,0.0,20.65,11.3
106068,UDIMA,2018,9,46.5,20.66,11.3
106068,UDIMA,2018,10,69.2,19.55,10.97
106068,UDIMA,2018,11,54.0,19.54,11.19
106068,UDIMA,2018,12,81.1,19.49,11.46
106068,UDIMA,2019,1,64.9,19.28,11.58
106068,UDIMA,2019,2,289.2,19.25,12.24
106068,UDIMA,2019,3,187.5,19.82,12.35
106068,UDIMA,2019,4,144.1,18.91,11.82
106068,UDIMA,2019,5,69.6,20.05,11.82
106068,UDIMA,2019,6,12.5,20.46,11.81
106068,UDIMA,2019,7,18.8,20.38,11.22
106068,UDIMA,2019,8,0.0,21.27,11.25
106068,UDIMA,2019,9,10.2,20.77,11.67
106068,UDIMA,2019,10,79.4,19.09,11.34
106068,UDIMA,2019,11,37.4,19.34,11.27
106068,UDIMA,2019,12,87.8,19.11,11.72
106068,UDIMA,2020,1,39.9,19.57,11.14
106068,UDIMA,2020,2,43.5,19.25,11.83
106068,UDIMA,2020,3,96.3,18.82,11.59
106068,UDIMA,2020,4,171.3,19.21,11.85
106068,UDIMA,2020,5,55.4,20.72,12.4
106068,UDIMA,2020,6,17.2,20.38,11.85
106068,UDIMA,2020,7,73.2,20.22,11.77
106068,UDIMA,2020,8,2.2,21.01,11.06
106068,UDIMA,2020,9,35.6,20.61,11.15
106068,UDIMA,2020,10,34.1,20.55,11.17
106068,UDIMA,2020,11,32.9,19.57,10.63
106068,UDIMA,2020,12,112.6,19.61,10.61
106068,UDIMA,2021,1,155.5,18.77,10.59
106068,UDIMA,2021,2,65.6,18.84,10.43
106068,UDIMA,2021,3,254.6,18.49,10.32
106068,UDIMA,2021,4,205.1,19.6,11.08
106068,UDIMA,2021,5,81.6,19.65,11.28
106068,UDIMA,2021,6,64.8,19.63,10.85
106068,UDIMA,2021,7,22.4,20.25,10.39
106068,UDIMA,2021,8,70.8,20.06,10.89
106068,UDIMA,2021,9,35.5,19.62,10.98
106068,UDIMA,2021,10,199.1,19.52,11.06
106068,UDIMA,2021,11,6.8,19.03,10.27
106068,UDIMA,2021,12,81.0,18.88,10.74
106068,UDIMA,2022,1,69.5,18.15,10.3
106068,UDIMA,2022,2,115.0,18.06,10.39
106068,UDIMA,2022,3,215.5,18.36,10.44
106068,UDIMA,2022,4,123.3,18.74,11.15
106068,UDIMA,2022,5,85.7,19.61,11.02
106068,UDIMA,2022,6,34.7,19.24,10.19
106068,UDIMA,2022,7,19.9,19.79,10.71
106068,UDIMA,2022,8,41.1,19.43,10.72
106068,UDIMA,2022,9,93.4,19.04,10.72
106068,UDIMA,2022,10,48.9,19.26,10.39
106068,UDIMA,2022,11,23.0,19.37,10.16
106068,UDIMA,2022,12,58.6,18.66,10.48
106068,UDIMA,2023,1,108.1,18.66,10.43
106068,UDIMA,2023,2,88.8,18.86,11.23
106068,UDIMA,2023,3,535.3,18.49,10.32
106068,UDIMA,2023,4,326.2,18.5,11.09
106068,UDIMA,2023,5,28.9,19.23,11.57
106068,UDIMA,2023,6,0.5,19.66,11.19
106068,UDIMA,2023,7,5.2,19.81,11.21
106068,UDIMA,2023,8,13.0,19.94,11.37
106068,UDIMA,2023,9,12.5,19.98,11.81
106068,UDIMA,2023,10,128.2,19.15,11.9
106068,UDIMA,2023,11,70.7,19.63,11.3
106068,UDIMA,2023,12,169.0,19.51,11.86
106068,UDIMA,2024,1,90.6,19.69,11.72
106068,UDIMA,2024,2,145.1,19.28,11.66
106068,UDIMA,2024,3,30.6,19.94,11.7
106068,UDIMA,2024,4,110.5,19.32,11.71
106068,UDIMA,2024,5,49.1,19.83,11.95
106068,UDIMA,2024,6,34.1,19.59,11.66
106068,UDIMA,2024,7,3.2,20.05,10.7
106068,UDIMA,2024,8,0.0,20.35,10.83
106068,UDIMA,2024,9,27.7,20.65,11.41
106068,UDIMA,2024,10,40.9,20.31,11.35
106068,UDIMA,2024,11,4.2,19.48,10.0
106068,UDIMA,2024,12,103.2,19.21,11.82
106068,UDIMA,2025,1,110.8,19.46,10.9
106068,UDIMA,2025,2,263.0,19.14,11.14
106068,UDIMA,2025,3,245.3,18.92,10.96
106068,UDIMA,2025,4,123.7,19.82,11.41
106068,UDIMA,2025,5,76.7,20.1,11.07
106068,UDIMA,2025,6,32.5,19.92,10.48
106068,UDIMA,2025,7,16.2,19.98,10.04
106068,UDIMA,2025,8,20.9,20.01,10.32
106068,UDIMA,2025,9,32.8,19.83,10.69
106068,UDIMA,2025,10,121.7,18.9,10.74
106068,UDIMA,2025,11,110.7,19.31,10.57
106068,UDIMA,2025,12,11.4,19.6,10.08
