CODIGO,ESTACION,YEAR,MONTH,PP,TMAX,TMIN
106042,CAYALTI,1990,1,1.0,32.91,19.39
106042,CAYALTI,1990,2,2.2,34.41,20.55
106042,CAYALTI,1990,3,8.1,35.29,20.5
106042,CAYALTI,1990,4,1.0,33.83,19.12
106042,CAYALTI,1990,5,2.1,30.23,17.58
106042,CAYALTI,1990,6,1.5,28.08,15.02
106042,CAYALTI,1990,7,0.0,26.73,13.61
106042,CAYALTI,1990,8,0.0,26.9,-999.0
106042,CAYALTI,1990,9,0.0,28.42,13.41
106042,CAYALTI,1990,10,1.3,29.02,14.45
106042,CAYALTI,1990,11,7.7,30.13,15.06
106042,CAYALTI,1990,12,0.0,31.81,16.05
106042,CAYALTI,1991,1,0.7,33.31,17.35
106042,CAYALTI,1991,2,9.0,34.19,19.77
106042,CAYALTI,1991,3,16.4,34.76,20.33
106042,CAYALTI,1991,4,7.4,33.44,19.37
106042,CAYALTI,1991,5,0.0,32.09,17.83
106042,CAYALTI,1991,6,0.0,29.3,15.86
106042,CAYALTI,1991,7,0.0,27.35,13.5
106042,CAYALTI,1991,8,0.0,27.27,13.05
106042,CAYALTI,1991,9,0.2,28.4,15.14
106042,CAYALTI,1991,10,2.4,29.61,15.5
106042,CAYALTI,1991,11,36.6,30.36,15.33
106042,CAYALTI,1991,12,0.2,30.92,19.04
106042,CAYALTI,1992,1,5.5,33.5,20.95
106042,CAYALTI,1992,2,9.1,34.14,22.16
106042,CAYALTI,1992,3,21.9,35.42,23.12
106042,CAYALTI,1992,4,20.0,34.7,22.66
106042,CAYALTI,1992,5,1.0,33.47,20.5
106042,CAYALTI,1992,6,0.0,29.71,16.92
106042,CAYALTI,1992,7,0.0,27.95,13.82
106042,CAYALTI,1992,8,0.0,28.07,14.64
106042,CAYALTI,1992,9,2.2,29.01,14.86
106042,CAYALTI,1992,10,1.0,29.79,15.63
106042,CAYALTI,1992,11,0.0,30.17,15.8
106042,CAYALTI,1992,12,0.8,31.25,15.81
106042,CAYALTI,1993,1,1.1,32.46,-999.0
106042,CAYALTI,1993,2,10.5,32.88,-999.0
106042,CAYALTI,1993,3,44.1,33.13,-999.0
106042,CAYALTI,1993,4,17.1,33.2,-999.0
106042,CAYALTI,1993,5,2.7,31.57,18.27
106042,CAYALTI,1993,6,0.0,29.81,-999.0
106042,CAYALTI,1993,7,3.0,29.28,-999.0
106042,CAYALTI,1993,8,0.1,28.81,16.1
106042,CAYALTI,1993,9,0.7,29.54,16.39
106042,CAYALTI,1993,10,0.8,29.31,15.56
106042,CAYALTI,1993,11,6.4,30.34,15.69
106042,CAYALTI,1993,12,3.7,32.03,17.87
106042,CAYALTI,1994,1,8.8,33.51,-999.0
106042,CAYALTI,1994,2,21.2,33.6,20.46
106042,CAYALTI,1994,3,25.4,32.89,21.4
106042,CAYALTI,1994,4,5.4,31.26,19.09
106042,CAYALTI,1994,5,0.0,30.44,16.92
106042,CAYALTI,1994,6,4.0,27.73,15.45
106042,CAYALTI,1994,7,0.0,24.49,13.57
106042,CAYALTI,1994,8,0.0,24.47,14.59
106042,CAYALTI,1994,9,0.0,24.28,16.01
106042,CAYALTI,1994,10,0.0,25.8,16.75
106042,CAYALTI,1994,11,0.4,31.51,18.56
106042,CAYALTI,1994,12,18.8,33.58,20.38
106042,CAYALTI,1995,1,6.4,35.4,19.26
106042,CAYALTI,1995,2,9.7,35.91,18.57
106042,CAYALTI,1995,3,1.6,35.94,-999.0
106042,CAYALTI,1995,4,16.6,34.37,-999.0
106042,CAYALTI,1995,5,4.2,32.45,-999.0
106042,CAYALTI,1995,6,0.0,31.3,-999.0
106042,CAYALTI,1995,7,4.5,27.59,-999.0
106042,CAYALTI,1995,8,0.0,27.62,10.54
106042,CAYALTI,1995,9,5.6,29.04,12.98
106042,CAYALTI,1995,10,3.9,29.61,-999.0
106042,CAYALTI,1995,11,3.6,31.22,-999.0
106042,CAYALTI,1995,12,4.0,31.28,-999.0
106042,CAYALTI,1996,1,3.2,32.86,-999.0
106042,CAYALTI,1996,2,11.8,33.08,-999.0
106042,CAYALTI,1996,3,8.5,33.33,20.67
106042,CAYALTI,1996,4,8.3,30.94,18.45
106042,CAYALTI,1996,5,3.1,28.53,16.11
106042,CAYALTI,1996,6,1.1,25.81,13.67
106042,CAYALTI,1996,7,0.0,25.53,12.52
106042,CAYALTI,1996,8,1.2,26.96,13.36
106042,CAYALTI,1996,9,1.4,27.41,13.6
106042,CAYALTI,1996,10,6.7,28.3,14.78
106042,CAYALTI,1996,11,0.2,29.1,14.74
106042,CAYALTI,1996,12,1.2,31.57,16.51
106042,CAYALTI,1997,1,0.0,33.13,18.19
106042,CAYALTI,1997,2,34.6,33.95,20.49
106042,CAYALTI,1997,3,1.5,33.84,20.73
106042,CAYALTI,1997,4,18.9,32.61,20.33
106042,CAYALTI,1997,5,0.7,32.92,19.62
106042,CAYALTI,1997,6,0.0,31.97,19.45
106042,CAYALTI,1997,7,0.0,31.13,18.56
106042,CAYALTI,1997,8,0.0,31.22,19.41
106042,CAYALTI,1997,9,2.1,31.94,19.59
106042,CAYALTI,1997,10,0.0,31.74,18.54
106042,CAYALTI,1997,11,-999.0,31.88,20.47
106042,CAYALTI,1997,12,40.6,32.67,22.94
106042,CAYALTI,1998,1,-999.0,34.43,24.17
106042,CAYALTI,1998,2,292.3,33.91,24.33
106042,CAYALTI,1998,3,-999.0,33.64,23.72
106042,CAYALTI,1998,4,-999.0,33.06,-999.0
106042,CAYALTI,1998,5,0.0,31.71,19.5
106042,CAYALTI,1998,6,2.1,30.79,16.56
106042,CAYALTI,1998,7,0.0,29.9,14.4
106042,CAYALTI,1998,8,0.0,29.5,13.54
106042,CAYALTI,1998,9,0.0,30.1,14.03
106042,CAYALTI,1998,10,4.5,30.32,15.83
106042,CAYALTI,1998,11,0.0,30.55,15.57
106042,CAYALTI,1998,12,0.0,31.15,15.9
106042,CAYALTI,1999,1,5.3,32.21,17.62
106042,CAYALTI,1999,2,-999.0,32.63,20.44
106042,CAYALTI,1999,3,0.4,33.46,-999.0
106042,CAYALTI,1999,4,11.6,31.47,18.02
106042,CAYALTI,1999,5,4.6,29.37,15.74
106042,CAYALTI,1999,6,1.0,27.29,13.75
106042,CAYALTI,1999,7,3.0,26.3,12.72
106042,CAYALTI,1999,8,0.0,27.34,12.15
106042,CAYALTI,1999,9,2.8,29.76,14.18
106042,CAYALTI,1999,10,2.9,30.8,14.58
106042,CAYALTI,1999,11,0.0,31.53,14.12
106042,CAYALTI,1999,12,5.5,32.31,16.41
106042,CAYALTI,2000,1,0.9,33.57,17.43
106042,CAYALTI,2000,2,0.5,34.52,19.34
106042,CAYALTI,2000,3,10.1,34.24,19.13
106042,CAYALTI,2000,4,-999.0,32.73,18.19
106042,CAYALTI,2000,5,7.0,30.07,15.72
106042,CAYALTI,2000,6,1.9,26.84,15.79
106042,CAYALTI,2000,7,0.0,25.66,14.64
106042,CAYALTI,2000,8,1.8,26.98,14.48
106042,CAYALTI,2000,9,5.3,28.23,13.88
106042,CAYALTI,2000,10,0.0,29.55,14.03
106042,CAYALTI,2000,11,0.9,30.11,-999.0
106042,CAYALTI,2000,12,8.4,31.63,17.11
106042,CAYALTI,2001,1,1.4,33.41,18.51
106042,CAYALTI,2001,2,1.0,35.01,19.86
106042,CAYALTI,2001,3,30.2,33.66,20.5
106042,CAYALTI,2001,4,15.0,32.06,18.39
106042,CAYALTI,2001,5,0.0,29.31,15.11
106042,CAYALTI,2001,6,0.0,24.93,14.48
106042,CAYALTI,2001,7,0.0,26.39,13.41
106042,CAYALTI,2001,8,0.0,26.3,13.02
106042,CAYALTI,2001,9,3.4,27.23,12.69
106042,CAYALTI,2001,10,0.0,27.75,13.16
106042,CAYALTI,2001,11,0.0,31.37,14.89
106042,CAYALTI,2001,12,1.0,32.28,15.84
106042,CAYALTI,2002,1,0.0,34.24,16.7
106042,CAYALTI,2002,2,12.5,34.69,19.64
106042,CAYALTI,2002,3,14.2,34.89,20.93
106042,CAYALTI,2002,4,8.8,33.61,18.82
106042,CAYALTI,2002,5,0.0,33.03,15.81
106042,CAYALTI,2002,6,0.0,29.48,-999.0
106042,CAYALTI,2002,7,0.0,28.03,-999.0
106042,CAYALTI,2002,8,0.0,27.63,-999.0
106042,CAYALTI,2002,9,0.0,28.67,-999.0
106042,CAYALTI,2002,10,0.6,30.06,-999.0
106042,CAYALTI,2002,11,5.6,30.95,-999.0
106042,CAYALTI,2002,12,5.3,32.23,16.79
106042,CAYALTI,2003,1,2.7,34.82,18.48
106042,CAYALTI,2003,2,10.5,35.36,19.34
106042,CAYALTI,2003,3,0.7,36.25,18.05
106042,CAYALTI,2003,4,1.3,33.73,16.09
106042,CAYALTI,2003,5,0.8,30.47,14.11
106042,CAYALTI,2003,6,1.1,28.49,12.64
106042,CAYALTI,2003,7,0.0,27.9,12.23
106042,CAYALTI,2003,8,0.0,27.63,13.49
106042,CAYALTI,2003,9,0.0,27.74,14.72
106042,CAYALTI,2003,10,0.0,29.14,14.85
106042,CAYALTI,2003,11,2.1,29.87,16.09
106042,CAYALTI,2003,12,1.9,32.17,18.0
106042,CAYALTI,2004,1,1.2,33.55,18.81
106042,CAYALTI,2004,2,1.6,34.28,21.07
106042,CAYALTI,2004,3,5.0,35.1,20.22
106042,CAYALTI,2004,4,0.4,32.87,18.66
106042,CAYALTI,2004,5,0.0,30.65,16.1
106042,CAYALTI,2004,6,0.0,28.24,13.86
106042,CAYALTI,2004,7,0.5,28.42,14.08
106042,CAYALTI,2004,8,0.0,28.86,12.1
106042,CAYALTI,2004,9,3.5,30.01,14.67
106042,CAYALTI,2004,10,-999.0,30.93,16.08
106042,CAYALTI,2004,11,0.6,31.73,16.68
106042,CAYALTI,2004,12,6.7,33.12,18.1
106042,CAYALTI,2005,1,1.6,34.15,19.76
106042,CAYALTI,2005,2,-999.0,34.37,20.55
106042,CAYALTI,2005,3,-999.0,33.4,20.74
106042,CAYALTI,2005,4,1.0,33.5,18.68
106042,CAYALTI,2005,5,0.7,29.27,15.89
106042,CAYALTI,2005,6,0.0,28.48,14.15
106042,CAYALTI,2005,7,0.0,27.72,12.9
106042,CAYALTI,2005,8,0.0,28.58,13.67
106042,CAYALTI,2005,9,0.0,28.61,14.13
106042,CAYALTI,2005,10,4.3,29.74,14.53
106042,CAYALTI,2005,11,1.0,30.89,14.65
106042,CAYALTI,2005,12,0.5,33.23,17.26
106042,CAYALTI,2006,1,2.7,35.87,19.4
106042,CAYALTI,2006,2,1.5,36.58,21.86
106042,CAYALTI,2006,3,-999.0,36.19,21.15
106042,CAYALTI,2006,4,2.8,34.01,18.51
106042,CAYALTI,2006,5,0.0,31.9,16.34
106042,CAYALTI,2006,6,0.6,28.86,15.8
106042,CAYALTI,2006,7,1.2,28.73,16.66
106042,CAYALTI,2006,8,0.0,29.11,15.49
106042,CAYALTI,2006,9,1.0,29.37,15.41
106042,CAYALTI,2006,10,0.0,30.15,15.5
106042,CAYALTI,2006,11,2.5,31.25,16.64
106042,CAYALTI,2006,12,5.6,32.06,17.92
106042,CAYALTI,2007,1,2.5,33.79,21.0
106042,CAYALTI,2007,2,0.2,34.57,20.44
106042,CAYALTI,2007,3,8.3,34.47,20.62
106042,CAYALTI,2007,4,3.0,33.46,18.72
106042,CAYALTI,2007,5,0.9,30.4,15.66
106042,CAYALTI,2007,6,0.0,27.87,13.55
106042,CAYALTI,2007,7,0.0,28.37,13.33
106042,CAYALTI,2007,8,0.0,27.59,13.21
106042,CAYALTI,2007,9,0.0,29.01,13.32
106042,CAYALTI,2007,10,4.9,29.41,14.52
106042,CAYALTI,2007,11,1.7,31.32,15.79
106042,CAYALTI,2007,12,1.3,32.63,16.45
106042,CAYALTI,2008,1,5.8,34.34,20.45
106042,CAYALTI,2008,2,16.8,35.23,21.28
106042,CAYALTI,2008,3,27.5,35.22,21.67
106042,CAYALTI,2008,4,3.4,33.59,19.07
106042,CAYALTI,2008,5,0.0,30.28,16.46
106042,CAYALTI,2008,6,-999.0,28.47,17.69
106042,CAYALTI,2008,7,1.4,28.86,16.13
106042,CAYALTI,2008,8,2.2,28.63,17.04
106042,CAYALTI,2008,9,1.7,30.61,15.31
106042,CAYALTI,2008,10,-999.0,31.45,15.46
106042,CAYALTI,2008,11,0.6,32.29,15.69
106042,CAYALTI,2008,12,0.0,33.87,16.58
106042,CAYALTI,2009,1,18.5,35.2,20.4
106042,CAYALTI,2009,2,6.8,35.95,21.09
106042,CAYALTI,2009,3,4.3,35.86,21.03
106042,CAYALTI,2009,4,0.5,35.88,18.96
106042,CAYALTI,2009,5,0.0,32.73,16.98
106042,CAYALTI,2009,6,0.5,29.57,16.64
106042,CAYALTI,2009,7,0.0,29.41,15.4
106042,CAYALTI,2009,8,0.0,29.17,15.15
106042,CAYALTI,2009,9,2.0,29.9,15.31
106042,CAYALTI,2009,10,0.7,-999.0,15.55
106042,CAYALTI,2009,11,7.3,31.64,16.35
106042,CAYALTI,2009,12,0.0,33.49,19.29
106042,CAYALTI,2010,1,1.0,34.76,21.15
106042,CAYALTI,2010,2,8.0,35.27,21.77
106042,CAYALTI,2010,3,22.6,34.9,21.23
106042,CAYALTI,2010,4,4.8,34.22,19.43
106042,CAYALTI,2010,5,0.6,32.19,17.28
106042,CAYALTI,2010,6,0.0,30.02,14.87
106042,CAYALTI,2010,7,0.0,28.2,13.19
106042,CAYALTI,2010,8,0.7,27.59,13.02
106042,CAYALTI,2010,9,0.2,28.21,13.49
106042,CAYALTI,2010,10,6.5,28.85,13.05
106042,CAYALTI,2010,11,4.1,30.11,13.37
106042,CAYALTI,2010,12,0.0,32.53,16.37
106042,CAYALTI,2011,1,4.7,34.27,18.75
106042,CAYALTI,2011,2,3.2,35.29,20.54
106042,CAYALTI,2011,3,2.9,34.28,19.02
106042,CAYALTI,2011,4,9.9,33.54,18.54
106042,CAYALTI,2011,5,0.2,31.76,17.23
106042,CAYALTI,2011,6,0.0,30.53,16.52
106042,CAYALTI,2011,7,0.0,28.85,14.44
106042,CAYALTI,2011,8,0.0,27.5,14.23
106042,CAYALTI,2011,9,0.0,-999.0,-999.0
106042,CAYALTI,2011,10,-999.0,-999.0,-999.0
106042,CAYALTI,2011,11,-999.0,-999.0,15.68
106042,CAYALTI,2011,12,3.9,-999.0,17.75
106042,CAYALTI,2012,1,2.3,-999.0,19.84
106042,CAYALTI,2012,2,19.3,-999.0,20.59
106042,CAYALTI,2012,3,30.2,-999.0,20.54
106042,CAYALTI,2012,4,6.3,-999.0,20.56
106042,CAYALTI,2012,5,0.0,-999.0,17.97
106042,CAYALTI,2012,6,0.1,-999.0,17.9
106042,CAYALTI,2012,7,0.0,-999.0,15.98
106042,CAYALTI,2012,8,0.0,-999.0,13.98
106042,CAYALTI,2012,9,0.0,27.51,14.71
106042,CAYALTI,2012,10,4.4,27.72,15.75
106042,CAYALTI,2012,11,2.6,28.79,16.61
106042,CAYALTI,2012,12,1.6,30.2,17.23
106042,CAYALTI,2013,1,3.6,31.85,19.9
106042,CAYALTI,2013,2,5.6,33.14,19.89
106042,CAYALTI,2013,3,41.4,31.52,20.29
106042,CAYALTI,2013,4,1.7,29.77,17.42
106042,CAYALTI,2013,5,8.0,27.8,17.07
106042,CAYALTI,2013,6,0.0,26.09,14.23
106042,CAYALTI,2013,7,0.0,25.32,13.24
106042,CAYALTI,2013,8,0.0,25.52,13.0
106042,CAYALTI,2013,9,0.0,26.34,13.9
106042,CAYALTI,2013,10,7.8,27.2,15.02
106042,CAYALTI,2013,11,0.0,27.89,-999.0
106042,CAYALTI,2013,12,0.2,30.38,17.42
106042,CAYALTI,2014,1,3.1,31.95,20.28
106042,CAYALTI,2014,2,0.0,32.83,20.68
106042,CAYALTI,2014,3,3.5,33.3,20.79
106042,CAYALTI,2014,4,1.1,31.46,18.7
106042,CAYALTI,2014,5,5.7,29.54,20.01
106042,CAYALTI,2014,6,0.0,28.92,18.6
106042,CAYALTI,2014,7,0.0,27.58,14.6
106042,CAYALTI,2014,8,-999.0,27.13,14.33
106042,CAYALTI,2014,9,12.5,27.67,14.8
106042,CAYALTI,2014,10,0.0,28.37,15.63
106042,CAYALTI,2014,11,0.6,29.23,-999.0
106042,CAYALTI,2014,12,6.2,30.34,17.98
106042,CAYALTI,2015,1,3.6,31.78,19.71
106042,CAYALTI,2015,2,3.1,-999.0,-999.0
106042,CAYALTI,2015,3,12.4,33.47,21.73
106042,CAYALTI,2015,4,-999.0,32.39,20.17
106042,CAYALTI,2015,5,-999.0,30.65,19.76
106042,CAYALTI,2015,6,0.0,28.8,18.36
106042,CAYALTI,2015,7,0.5,28.21,16.57
106042,CAYALTI,2015,8,0.0,27.29,15.29
106042,CAYALTI,2015,9,0.0,28.86,16.45
106042,CAYALTI,2015,10,3.3,29.32,18.08
106042,CAYALTI,2015,11,-999.0,29.53,18.48
106042,CAYALTI,2015,12,0.1,31.03,20.3
106042,CAYALTI,2016,1,5.0,32.38,21.41
106042,CAYALTI,2016,2,-999.0,33.11,22.72
106042,CAYALTI,2016,3,-999.0,34.31,22.45
106042,CAYALTI,2016,4,27.6,31.93,20.69
106042,CAYALTI,2016,5,0.0,30.2,17.74
106042,CAYALTI,2016,6,0.0,28.41,15.47
106042,CAYALTI,2016,7,0.0,27.58,14.26
106042,CAYALTI,2016,8,0.0,27.25,14.43
106042,CAYALTI,2016,9,0.0,28.13,15.41
106042,CAYALTI,2016,10,0.0,28.8,15.95
106042,CAYALTI,2016,11,0.0,29.43,15.16
106042,CAYALTI,2016,12,0.4,31.11,18.43
106042,CAYALTI,2017,1,-999.0,33.25,20.89
106042,CAYALTI,2017,2,135.0,33.12,22.99
106042,CAYALTI,2017,3,-999.0,32.44,23.45
106042,CAYALTI,2017,4,-999.0,31.57,20.98
106042,CAYALTI,2017,5,1.6,29.85,19.08
106042,CAYALTI,2017,6,0.0,27.09,16.29
106042,CAYALTI,2017,7,0.0,25.4,14.13
106042,CAYALTI,2017,8,3.1,25.59,14.39
106042,CAYALTI,2017,9,0.0,26.47,-999.0
106042,CAYALTI,2017,10,0.5,26.5,14.67
106042,CAYALTI,2017,11,0.0,27.18,14.07
106042,CAYALTI,2017,12,6.1,29.96,17.92
106042,CAYALTI,2018,1,10.9,32.01,19.08
106042,CAYALTI,2018,2,4.3,32.76,20.14
106042,CAYALTI,2018,3,3.5,32.37,19.7
106042,CAYALTI,2018,4,-999.0,31.44,19.13
106042,CAYALTI,2018,5,0.0,28.29,17.26
106042,CAYALTI,2018,6,0.0,25.09,15.21
106042,CAYALTI,2018,7,0.0,25.53,14.96
106042,CAYALTI,2018,8,0.0,26.16,14.18
106042,CAYALTI,2018,9,0.0,26.58,14.26
106042,CAYALTI,2018,10,3.1,27.98,15.22
106042,CAYALTI,2018,11,-999.0,29.23,17.31
106042,CAYALTI,2018,12,15.2,30.81,18.33
106042,CAYALTI,2019,1,1.1,32.89,21.04
106042,CAYALTI,2019,2,-999.0,33.34,22.76
106042,CAYALTI,2019,3,5.5,33.63,21.12
106042,CAYALTI,2019,4,0.0,31.98,19.28
106042,CAYALTI,2019,5,0.0,30.41,17.49
106042,CAYALTI,2019,6,0.0,27.26,14.92
106042,CAYALTI,2019,7,0.0,26.19,14.18
106042,CAYALTI,2019,8,0.0,25.54,13.2
106042,CAYALTI,2019,9,0.0,26.47,14.24
106042,CAYALTI,2019,10,-999.0,27.51,15.41
106042,CAYALTI,2019,11,1.0,28.83,16.21
106042,CAYALTI,2019,12,0.9,30.82,18.83
106042,CAYALTI,2020,1,1.2,32.84,19.87
106042,CAYALTI,2020,2,0.0,33.85,21.44
106042,CAYALTI,2020,3,2.0,-999.0,-999.0
106042,CAYALTI,2020,4,-999.0,-999.0,-999.0
106042,CAYALTI,2020,5,-999.0,-999.0,-999.0
106042,CAYALTI,2020,6,-999.0,-999.0,-999.0
106042,CAYALTI,2020,7,0.0,26.33,13.51
106042,CAYALTI,2020,8,0.0,25.59,12.02
106042,CAYALTI,2020,9,0.0,26.4,13.66
106042,CAYALTI,2020,10,6.4,28.4,15.11
106042,CAYALTI,2020,11,12.9,28.64,14.77
106042,CAYALTI,2020,12,-999.0,29.72,18.26
106042,CAYALTI,2021,1,9.7,32.13,19.42
106042,CAYALTI,2021,2,0.0,33.09,19.76
106042,CAYALTI,2021,3,8.8,33.54,20.69
106042,CAYALTI,2021,4,-999.0,31.1,18.14
106042,CAYALTI,2021,5,0.6,27.66,17.21
106042,CAYALTI,2021,6,1.5,24.85,16.15
106042,CAYALTI,2021,7,2.4,25.26,14.83
106042,CAYALTI,2021,8,0.0,26.67,13.98
106042,CAYALTI,2021,9,0.0,26.39,13.56
106042,CAYALTI,2021,10,-999.0,-999.0,-999.0
106042,CAYALTI,2021,11,0.0,28.02,15.55
106042,CAYALTI,2021,12,2.4,30.09,17.35
106042,CAYALTI,2022,1,4.6,31.74,18.81
106042,CAYALTI,2022,2,5.2,32.06,19.25
106042,CAYALTI,2022,3,10.4,32.82,19.43
106042,CAYALTI,2022,4,-999.0,30.11,17.62
106042,CAYALTI,2022,5,0.0,28.14,15.56
106042,CAYALTI,2022,6,0.7,26.59,13.62
106042,CAYALTI,2022,7,0.0,25.59,12.5
106042,CAYALTI,2022,8,0.0,25.39,12.89
106042,CAYALTI,2022,9,0.0,26.12,12.86
106042,CAYALTI,2022,10,0.0,26.45,12.82
106042,CAYALTI,2022,11,1.7,28.16,13.64
106042,CAYALTI,2022,12,8.7,30.88,17.07
106042,CAYALTI,2023,1,3.9,32.57,17.51
106042,CAYALTI,2023,2,10.4,33.92,20.4
106042,CAYALTI,2023,3,270.3,33.22,21.48
106042,CAYALTI,2023,4,25.4,32.31,21.44
106042,CAYALTI,2023,5,0.0,31.34,19.19
106042,CAYALTI,2023,6,0.0,29.99,17.53
106042,CAYALTI,2023,7,0.0,29.07,16.92
106042,CAYALTI,2023,8,0.5,29.77,15.86
106042,CAYALTI,2023,9,0.0,30.56,14.82
106042,CAYALTI,2023,10,19.5,30.74,16.65
106042,CAYALTI,2023,11,7.0,31.09,15.91
106042,CAYALTI,2023,12,10.6,31.68,17.93
106042,CAYALTI,2024,1,3.7,33.4,19.47
106042,CAYALTI,2024,2,1.6,34.91,20.75
106042,CAYALTI,2024,3,0.0,34.91,19.8
106042,CAYALTI,2024,4,0.1,33.05,18.83
106042,CAYALTI,2024,5,1.2,29.16,15.14
106042,CAYALTI,2024,6,0.0,27.9,13.6
106042,CAYALTI,2024,7,0.0,26.48,12.46
106042,CAYALTI,2024,8,0.0,25.97,12.45
106042,CAYALTI,2024,9,0.0,27.3,12.82
106042,CAYALTI,2024,10,0.0,28.85,14.4
106042,CAYALTI,2024,11,0.0,29.66,15.04
106042,CAYALTI,2024,12,12.0,32.01,18.33
106042,CAYALTI,2025,1,19.0,32.58,18.87
106042,CAYALTI,2025,2,19.6,33.82,21.9
106042,CAYALTI,2025,3,-999.0,34.45,20.74
106042,CAYALTI,2025,4,8.9,31.52,19.11
106042,CAYALTI,2025,5,2.1,29.18,16.59
106042,CAYALTI,2025,6,1.3,26.45,17.3
106042,CAYALTI,2025,7,0.0,26.46,14.32
106042,CAYALTI,2025,8,-999.0,-999.0,-999.0
106042,CAYALTI,2025,9,-999.0,-999.0,-999.0
106042,CAYALTI,2025,10,-999.0,-999.0,-999.0
106042,CAYALTI,2025,11,2.6,30.4,16.63
106042,CAYALTI,2025,12,8.4,30.08,16.2
