CODIGO,ESTACION,YEAR,MONTH,PP,TMAX,TMIN
106054,HUAMBOS,1990,1,8.8,19.0,11.97
106054,HUAMBOS,1990,2,56.7,20.88,-999.0
106054,HUAMBOS,1990,3,44.0,19.38,11.73
106054,HUAMBOS,1990,4,83.4,20.49,12.25
106054,HUAMBOS,1990,5,19.0,19.56,11.56
106054,HUAMBOS,1990,6,20.9,17.91,11.31
106054,HUAMBOS,1990,7,-999.0,17.87,10.55
106054,HUAMBOS,1990,8,-999.0,19.04,10.92
106054,HUAMBOS,1990,9,5.3,20.38,11.27
106054,HUAMBOS,1990,10,106.9,20.83,11.21
106054,HUAMBOS,1990,11,80.4,19.47,11.45
106054,HUAMBOS,1990,12,4.5,20.07,10.99
106054,HUAMBOS,1991,1,7.9,19.88,11.33
106054,HUAMBOS,1991,2,10.8,20.17,12.13
106054,HUAMBOS,1991,3,38.6,20.21,12.25
106054,HUAMBOS,1991,4,20.1,20.37,12.02
106054,HUAMBOS,1991,5,-999.0,19.9,12.13
106054,HUAMBOS,1991,6,-999.0,-999.0,-999.0
106054,HUAMBOS,1991,7,5.5,19.1,10.72
106054,HUAMBOS,1991,8,-999.0,18.9,10.33
106054,HUAMBOS,1991,9,20.6,20.56,10.94
106054,HUAMBOS,1991,10,19.6,20.83,10.58
106054,HUAMBOS,1991,11,37.9,22.1,10.95
106054,HUAMBOS,1991,12,19.2,22.41,11.86
106054,HUAMBOS,1992,1,4.2,21.79,12.29
106054,HUAMBOS,1992,2,10.2,21.59,11.9
106054,HUAMBOS,1992,3,27.4,21.16,12.57
106054,HUAMBOS,1992,4,29.2,20.24,12.62
106054,HUAMBOS,1992,5,9.8,20.65,12.65
106054,HUAMBOS,1992,6,-999.0,19.11,11.63
106054,HUAMBOS,1992,7,7.8,18.17,10.42
106054,HUAMBOS,1992,8,16.6,19.35,10.78
106054,HUAMBOS,1992,9,21.9,20.11,10.71
106054,HUAMBOS,1992,10,22.7,20.29,10.89
106054,HUAMBOS,1992,11,15.8,22.6,10.26
106054,HUAMBOS,1992,12,-999.0,21.89,11.07
106054,HUAMBOS,1993,1,3.8,21.3,11.04
106054,HUAMBOS,1993,2,68.8,20.2,-999.0
106054,HUAMBOS,1993,3,113.6,19.0,-999.0
106054,HUAMBOS,1993,4,82.6,19.54,-999.0
106054,HUAMBOS,1993,5,44.1,20.09,-999.0
106054,HUAMBOS,1993,6,5.8,18.87,-999.0
106054,HUAMBOS,1993,7,22.4,18.89,-999.0
106054,HUAMBOS,1993,8,67.3,18.83,-999.0
106054,HUAMBOS,1993,9,32.1,20.18,-999.0
106054,HUAMBOS,1993,10,46.8,20.26,-999.0
106054,HUAMBOS,1993,11,16.4,21.97,-999.0
106054,HUAMBOS,1993,12,134.7,19.91,-999.0
106054,HUAMBOS,1994,1,60.5,19.83,-999.0
106054,HUAMBOS,1994,2,111.2,18.34,-999.0
106054,HUAMBOS,1994,3,97.0,19.1,-999.0
106054,HUAMBOS,1994,4,112.6,19.13,-999.0
106054,HUAMBOS,1994,5,48.4,19.44,-999.0
106054,HUAMBOS,1994,6,8.0,18.56,-999.0
106054,HUAMBOS,1994,7,0.0,18.07,-999.0
106054,HUAMBOS,1994,8,0.0,19.95,-999.0
106054,HUAMBOS,1994,9,45.2,21.14,-999.0
106054,HUAMBOS,1994,10,23.6,21.89,-999.0
106054,HUAMBOS,1994,11,72.8,21.99,-999.0
106054,HUAMBOS,1994,12,20.0,21.38,-999.0
106054,HUAMBOS,1995,1,0.0,20.55,-999.0
106054,HUAMBOS,1995,2,47.6,20.93,-999.0
106054,HUAMBOS,1995,3,17.6,20.92,-999.0
106054,HUAMBOS,1995,4,9.1,20.72,-999.0
106054,HUAMBOS,1995,5,52.4,20.48,-999.0
106054,HUAMBOS,1995,6,0.0,20.0,-999.0
106054,HUAMBOS,1995,7,6.0,20.02,-999.0
106054,HUAMBOS,1995,8,0.0,21.11,-999.0
106054,HUAMBOS,1995,9,0.0,21.06,-999.0
106054,HUAMBOS,1995,10,74.0,21.8,-999.0
106054,HUAMBOS,1995,11,40.8,21.13,-999.0
106054,HUAMBOS,1995,12,113.0,21.97,-999.0
106054,HUAMBOS,1996,1,12.1,19.92,-999.0
106054,HUAMBOS,1996,2,130.6,19.29,10.25
106054,HUAMBOS,1996,3,44.6,19.92,11.02
106054,HUAMBOS,1996,4,125.3,19.47,10.98
106054,HUAMBOS,1996,5,55.0,19.46,10.97
106054,HUAMBOS,1996,6,32.8,19.13,11.49
106054,HUAMBOS,1996,7,0.0,18.71,10.78
106054,HUAMBOS,1996,8,10.5,18.85,11.45
106054,HUAMBOS,1996,9,24.8,21.08,12.01
106054,HUAMBOS,1996,10,173.3,21.54,11.14
106054,HUAMBOS,1996,11,13.0,23.08,10.6
106054,HUAMBOS,1996,12,5.0,20.51,11.19
106054,HUAMBOS,1997,1,29.2,21.47,10.52
106054,HUAMBOS,1997,2,168.1,18.69,11.6
106054,HUAMBOS,1997,3,11.2,20.8,11.4
106054,HUAMBOS,1997,4,87.8,20.38,12.06
106054,HUAMBOS,1997,5,14.7,19.57,11.78
106054,HUAMBOS,1997,6,19.5,20.58,11.66
106054,HUAMBOS,1997,7,4.0,19.1,11.29
106054,HUAMBOS,1997,8,4.6,19.46,11.56
106054,HUAMBOS,1997,9,2.0,21.73,12.51
106054,HUAMBOS,1997,10,18.4,22.55,12.35
106054,HUAMBOS,1997,11,15.2,21.82,12.07
106054,HUAMBOS,1997,12,62.4,19.94,12.75
106054,HUAMBOS,1998,1,32.1,21.19,12.77
106054,HUAMBOS,1998,2,52.9,21.49,12.86
106054,HUAMBOS,1998,3,147.6,20.18,12.38
106054,HUAMBOS,1998,4,224.7,21.88,13.14
106054,HUAMBOS,1998,5,117.0,21.11,11.85
106054,HUAMBOS,1998,6,8.1,19.72,10.94
106054,HUAMBOS,1998,7,0.0,20.78,10.52
106054,HUAMBOS,1998,8,19.8,21.51,11.29
106054,HUAMBOS,1998,9,22.3,22.25,11.35
106054,HUAMBOS,1998,10,45.1,21.71,11.4
106054,HUAMBOS,1998,11,43.7,22.63,11.13
106054,HUAMBOS,1998,12,49.6,22.93,10.79
106054,HUAMBOS,1999,1,77.9,21.11,10.73
106054,HUAMBOS,1999,2,156.9,19.3,11.77
106054,HUAMBOS,1999,3,26.0,19.27,11.86
106054,HUAMBOS,1999,4,145.6,18.05,12.16
106054,HUAMBOS,1999,5,129.8,18.08,11.72
106054,HUAMBOS,1999,6,152.2,19.07,-999.0
106054,HUAMBOS,1999,7,38.4,17.29,10.46
106054,HUAMBOS,1999,8,31.4,19.21,10.1
106054,HUAMBOS,1999,9,152.1,20.36,11.65
106054,HUAMBOS,1999,10,186.4,20.44,11.02
106054,HUAMBOS,1999,11,31.8,22.17,10.5
106054,HUAMBOS,1999,12,197.4,20.85,11.14
106054,HUAMBOS,2000,1,85.0,20.87,10.52
106054,HUAMBOS,2000,2,218.2,20.0,11.39
106054,HUAMBOS,2000,3,234.2,19.03,11.66
106054,HUAMBOS,2000,4,438.5,18.35,11.82
106054,HUAMBOS,2000,5,285.6,19.28,12.24
106054,HUAMBOS,2000,6,98.3,18.54,-999.0
106054,HUAMBOS,2000,7,17.6,18.1,10.97
106054,HUAMBOS,2000,8,65.6,18.84,11.48
106054,HUAMBOS,2000,9,117.3,20.02,11.44
106054,HUAMBOS,2000,10,21.9,21.06,11.75
106054,HUAMBOS,2000,11,43.9,22.94,9.98
106054,HUAMBOS,2000,12,163.3,20.08,11.71
106054,HUAMBOS,2001,1,73.4,18.71,11.56
106054,HUAMBOS,2001,2,64.6,17.77,10.86
106054,HUAMBOS,2001,3,135.7,19.23,11.51
106054,HUAMBOS,2001,4,96.2,19.2,11.48
106054,HUAMBOS,2001,5,79.4,19.2,11.31
106054,HUAMBOS,2001,6,11.2,18.47,9.94
106054,HUAMBOS,2001,7,10.4,18.91,10.16
106054,HUAMBOS,2001,8,0.0,19.78,9.49
106054,HUAMBOS,2001,9,149.5,20.26,10.66
106054,HUAMBOS,2001,10,49.6,21.12,10.56
106054,HUAMBOS,2001,11,64.4,20.31,11.08
106054,HUAMBOS,2001,12,104.6,21.84,11.65
106054,HUAMBOS,2002,1,18.4,20.35,11.39
106054,HUAMBOS,2002,2,120.9,19.71,12.22
106054,HUAMBOS,2002,3,71.7,19.47,12.43
106054,HUAMBOS,2002,4,73.2,19.85,12.46
106054,HUAMBOS,2002,5,46.9,19.87,11.87
106054,HUAMBOS,2002,6,12.5,18.91,9.68
106054,HUAMBOS,2002,7,47.1,18.49,10.0
106054,HUAMBOS,2002,8,0.0,19.6,11.22
106054,HUAMBOS,2002,9,55.5,21.2,12.04
106054,HUAMBOS,2002,10,90.1,21.03,12.0
106054,HUAMBOS,2002,11,94.5,19.51,12.11
106054,HUAMBOS,2002,12,81.3,19.54,12.64
106054,HUAMBOS,2003,1,92.8,20.45,12.45
106054,HUAMBOS,2003,2,84.2,19.39,12.16
106054,HUAMBOS,2003,3,58.9,19.54,11.41
106054,HUAMBOS,2003,4,65.3,19.97,12.75
106054,HUAMBOS,2003,5,47.1,19.11,12.54
106054,HUAMBOS,2003,6,56.3,19.32,12.03
106054,HUAMBOS,2003,7,8.6,18.24,11.12
106054,HUAMBOS,2003,8,13.5,18.92,11.52
106054,HUAMBOS,2003,9,26.7,21.25,12.07
106054,HUAMBOS,2003,10,68.1,21.62,11.94
106054,HUAMBOS,2003,11,66.7,22.17,12.42
106054,HUAMBOS,2003,12,42.8,20.46,11.5
106054,HUAMBOS,2004,1,52.5,21.82,11.07
106054,HUAMBOS,2004,2,49.7,20.41,12.09
106054,HUAMBOS,2004,3,29.9,19.91,12.87
106054,HUAMBOS,2004,4,92.8,20.82,12.77
106054,HUAMBOS,2004,5,104.8,19.93,12.8
106054,HUAMBOS,2004,6,17.6,18.1,11.37
106054,HUAMBOS,2004,7,82.9,18.25,11.63
106054,HUAMBOS,2004,8,3.1,18.84,10.85
106054,HUAMBOS,2004,9,114.7,20.18,12.01
106054,HUAMBOS,2004,10,94.3,20.14,12.02
106054,HUAMBOS,2004,11,93.6,20.93,11.86
106054,HUAMBOS,2004,12,74.1,20.97,11.88
106054,HUAMBOS,2005,1,12.1,21.17,11.27
106054,HUAMBOS,2005,2,151.4,20.29,12.89
106054,HUAMBOS,2005,3,163.4,19.85,13.02
106054,HUAMBOS,2005,4,18.4,20.38,12.7
106054,HUAMBOS,2005,5,22.0,21.04,11.44
106054,HUAMBOS,2005,6,30.4,19.26,12.11
106054,HUAMBOS,2005,7,9.9,18.93,10.32
106054,HUAMBOS,2005,8,3.0,20.07,11.04
106054,HUAMBOS,2005,9,-999.0,-999.0,-999.0
106054,HUAMBOS,2005,10,182.0,21.09,11.61
106054,HUAMBOS,2005,11,44.9,22.05,10.56
106054,HUAMBOS,2005,12,62.6,21.25,10.82
106054,HUAMBOS,2006,1,100.4,20.24,11.55
106054,HUAMBOS,2006,2,155.2,18.87,12.63
106054,HUAMBOS,2006,3,281.7,18.62,12.42
106054,HUAMBOS,2006,4,72.6,19.69,12.35
106054,HUAMBOS,2006,5,23.9,19.12,11.94
106054,HUAMBOS,2006,6,34.7,18.72,11.69
106054,HUAMBOS,2006,7,36.8,18.68,11.27
106054,HUAMBOS,2006,8,9.9,19.66,12.26
106054,HUAMBOS,2006,9,20.6,20.99,12.4
106054,HUAMBOS,2006,10,47.2,23.16,11.61
106054,HUAMBOS,2006,11,81.8,21.78,11.92
106054,HUAMBOS,2006,12,48.9,20.46,12.33
106054,HUAMBOS,2007,1,68.5,18.48,12.92
106054,HUAMBOS,2007,2,26.1,20.34,11.81
106054,HUAMBOS,2007,3,173.5,19.17,12.59
106054,HUAMBOS,2007,4,119.0,19.68,12.78
106054,HUAMBOS,2007,5,69.4,19.88,12.58
106054,HUAMBOS,2007,6,0.5,18.64,11.94
106054,HUAMBOS,2007,7,29.9,18.64,11.7
106054,HUAMBOS,2007,8,26.5,19.95,11.67
106054,HUAMBOS,2007,9,25.7,20.13,12.0
106054,HUAMBOS,2007,10,121.4,20.51,11.33
106054,HUAMBOS,2007,11,138.3,20.08,11.79
106054,HUAMBOS,2007,12,37.0,20.56,10.82
106054,HUAMBOS,2008,1,73.6,19.01,11.7
106054,HUAMBOS,2008,2,329.5,19.15,12.02
106054,HUAMBOS,2008,3,126.7,19.76,12.2
106054,HUAMBOS,2008,4,191.0,19.4,12.17
106054,HUAMBOS,2008,5,83.7,19.16,12.19
106054,HUAMBOS,2008,6,31.3,18.73,11.87
106054,HUAMBOS,2008,7,5.8,19.02,-999.0
106054,HUAMBOS,2008,8,38.1,20.36,12.04
106054,HUAMBOS,2008,9,114.4,20.11,12.08
106054,HUAMBOS,2008,10,181.1,20.56,12.28
106054,HUAMBOS,2008,11,69.7,21.39,11.47
106054,HUAMBOS,2008,12,24.4,21.94,10.99
106054,HUAMBOS,2009,1,135.5,19.44,12.41
106054,HUAMBOS,2009,2,91.1,19.17,12.27
106054,HUAMBOS,2009,3,223.9,19.44,12.62
106054,HUAMBOS,2009,4,29.6,19.83,12.56
106054,HUAMBOS,2009,5,68.8,19.7,12.72
106054,HUAMBOS,2009,6,49.6,18.97,-999.0
106054,HUAMBOS,2009,7,29.6,18.56,11.91
106054,HUAMBOS,2009,8,23.8,20.16,12.23
106054,HUAMBOS,2009,9,13.6,20.15,12.58
106054,HUAMBOS,2009,10,72.6,21.6,12.71
106054,HUAMBOS,2009,11,78.6,21.85,11.86
106054,HUAMBOS,2009,12,43.6,20.49,12.68
106054,HUAMBOS,2010,1,31.4,19.69,13.07
106054,HUAMBOS,2010,2,166.6,20.39,13.51
106054,HUAMBOS,2010,3,150.4,20.45,-999.0
106054,HUAMBOS,2010,4,206.4,20.96,13.58
106054,HUAMBOS,2010,5,50.7,20.66,13.1
106054,HUAMBOS,2010,6,13.8,19.48,12.48
106054,HUAMBOS,2010,7,34.3,20.79,11.61
106054,HUAMBOS,2010,8,7.3,20.79,12.03
106054,HUAMBOS,2010,9,90.1,21.07,12.09
106054,HUAMBOS,2010,10,77.1,22.23,11.08
106054,HUAMBOS,2010,11,31.3,22.61,9.8
106054,HUAMBOS,2010,12,42.9,21.51,10.92
106054,HUAMBOS,2011,1,83.5,21.16,12.06
106054,HUAMBOS,2011,2,79.2,20.63,11.98
106054,HUAMBOS,2011,3,80.7,21.08,11.35
106054,HUAMBOS,2011,4,206.4,19.86,12.5
106054,HUAMBOS,2011,5,59.9,19.95,12.25
106054,HUAMBOS,2011,6,13.2,19.1,12.51
106054,HUAMBOS,2011,7,35.6,18.79,-999.0
106054,HUAMBOS,2011,8,19.4,20.22,12.18
106054,HUAMBOS,2011,9,137.5,20.14,12.24
106054,HUAMBOS,2011,10,73.9,21.47,10.62
106054,HUAMBOS,2011,11,91.0,22.06,11.16
106054,HUAMBOS,2011,12,143.7,20.28,11.7
106054,HUAMBOS,2012,1,162.3,19.25,12.29
106054,HUAMBOS,2012,2,190.1,19.47,12.03
106054,HUAMBOS,2012,3,145.8,19.17,12.68
106054,HUAMBOS,2012,4,218.5,20.53,12.64
106054,HUAMBOS,2012,5,33.0,19.12,12.75
106054,HUAMBOS,2012,6,8.2,19.06,12.17
106054,HUAMBOS,2012,7,21.2,18.62,11.58
106054,HUAMBOS,2012,8,2.2,20.06,11.81
106054,HUAMBOS,2012,9,34.8,20.28,12.22
106054,HUAMBOS,2012,10,156.3,21.46,12.43
106054,HUAMBOS,2012,11,76.4,21.38,12.48
106054,HUAMBOS,2012,12,97.9,20.88,11.29
106054,HUAMBOS,2013,1,74.7,18.85,-999.0
106054,HUAMBOS,2013,2,53.0,20.01,12.21
106054,HUAMBOS,2013,3,155.5,19.75,12.8
106054,HUAMBOS,2013,4,95.0,20.15,12.77
106054,HUAMBOS,2013,5,217.7,19.74,12.73
106054,HUAMBOS,2013,6,6.1,17.98,12.11
106054,HUAMBOS,2013,7,21.2,18.19,11.14
106054,HUAMBOS,2013,8,22.4,19.46,11.5
106054,HUAMBOS,2013,9,14.4,20.9,11.83
106054,HUAMBOS,2013,10,128.5,20.95,12.07
106054,HUAMBOS,2013,11,17.6,23.27,10.58
106054,HUAMBOS,2013,12,92.3,20.55,11.82
106054,HUAMBOS,2014,1,22.0,20.55,12.21
106054,HUAMBOS,2014,2,38.1,20.29,12.39
106054,HUAMBOS,2014,3,135.8,19.44,12.11
106054,HUAMBOS,2014,4,31.5,19.54,12.72
106054,HUAMBOS,2014,5,82.0,20.0,12.56
106054,HUAMBOS,2014,6,7.1,19.3,12.04
106054,HUAMBOS,2014,7,40.1,18.65,11.6
106054,HUAMBOS,2014,8,16.8,19.02,11.51
106054,HUAMBOS,2014,9,36.0,20.64,11.95
106054,HUAMBOS,2014,10,92.3,21.19,12.02
106054,HUAMBOS,2014,11,86.8,21.23,11.84
106054,HUAMBOS,2014,12,69.4,20.92,11.74
106054,HUAMBOS,2015,1,150.9,18.26,11.72
106054,HUAMBOS,2015,2,75.1,19.59,11.99
106054,HUAMBOS,2015,3,197.1,19.06,12.5
106054,HUAMBOS,2015,4,96.7,19.13,12.67
106054,HUAMBOS,2015,5,74.0,19.01,12.52
106054,HUAMBOS,2015,6,7.7,18.29,12.02
106054,HUAMBOS,2015,7,14.2,18.94,11.77
106054,HUAMBOS,2015,8,6.1,20.15,11.96
106054,HUAMBOS,2015,9,0.5,21.61,12.79
106054,HUAMBOS,2015,10,67.0,22.14,12.79
106054,HUAMBOS,2015,11,141.0,21.39,12.61
106054,HUAMBOS,2015,12,16.3,19.03,12.97
106054,HUAMBOS,2016,1,74.1,23.05,13.37
106054,HUAMBOS,2016,2,84.9,20.04,13.64
106054,HUAMBOS,2016,3,130.4,20.63,13.58
106054,HUAMBOS,2016,4,152.1,20.66,13.46
106054,HUAMBOS,2016,5,46.8,20.17,13.1
106054,HUAMBOS,2016,6,39.1,18.64,11.96
106054,HUAMBOS,2016,7,8.0,19.31,11.77
106054,HUAMBOS,2016,8,7.7,20.2,12.29
106054,HUAMBOS,2016,9,30.2,21.21,12.6
106054,HUAMBOS,2016,10,68.4,22.93,12.15
106054,HUAMBOS,2016,11,68.1,23.99,10.94
106054,HUAMBOS,2016,12,102.1,20.74,12.54
106054,HUAMBOS,2017,1,80.4,19.64,12.32
106054,HUAMBOS,2017,2,73.6,20.95,12.02
106054,HUAMBOS,2017,3,262.3,19.89,12.75
106054,HUAMBOS,2017,4,57.0,19.5,13.04
106054,HUAMBOS,2017,5,101.6,19.28,13.05
106054,HUAMBOS,2017,6,50.9,19.2,12.26
106054,HUAMBOS,2017,7,2.2,17.97,11.24
106054,HUAMBOS,2017,8,27.5,20.57,12.26
106054,HUAMBOS,2017,9,61.1,20.39,12.73
106054,HUAMBOS,2017,10,62.8,21.44,12.67
106054,HUAMBOS,2017,11,49.7,22.62,11.37
106054,HUAMBOS,2017,12,14.9,20.92,12.52
106054,HUAMBOS,2018,1,93.7,19.68,12.07
106054,HUAMBOS,2018,2,37.3,20.54,12.08
106054,HUAMBOS,2018,3,65.8,19.28,12.74
106054,HUAMBOS,2018,4,111.4,19.39,12.3
106054,HUAMBOS,2018,5,116.2,18.95,12.58
106054,HUAMBOS,2018,6,52.1,17.97,11.82
106054,HUAMBOS,2018,7,18.0,18.18,11.53
106054,HUAMBOS,2018,8,9.0,18.63,11.84
106054,HUAMBOS,2018,9,29.3,21.03,12.41
106054,HUAMBOS,2018,10,85.3,22.01,11.62
106054,HUAMBOS,2018,11,128.3,21.57,12.34
106054,HUAMBOS,2018,12,39.6,19.03,11.8
106054,HUAMBOS,2019,1,37.4,20.05,12.57
106054,HUAMBOS,2019,2,136.7,19.41,13.23
106054,HUAMBOS,2019,3,175.7,19.46,13.28
106054,HUAMBOS,2019,4,125.8,20.02,13.17
106054,HUAMBOS,2019,5,55.4,19.22,13.05
106054,HUAMBOS,2019,6,13.0,18.86,12.32
106054,HUAMBOS,2019,7,27.1,18.08,11.73
106054,HUAMBOS,2019,8,0.0,18.96,-999.0
106054,HUAMBOS,2019,9,19.7,-999.0,12.4
106054,HUAMBOS,2019,10,78.8,-999.0,12.48
106054,HUAMBOS,2019,11,104.3,-999.0,12.27
106054,HUAMBOS,2019,12,81.8,20.0,12.73
106054,HUAMBOS,2020,1,20.4,20.38,12.39
106054,HUAMBOS,2020,2,18.0,20.27,13.06
106054,HUAMBOS,2020,3,-999.0,-999.0,-999.0
106054,HUAMBOS,2020,4,-999.0,-999.0,-999.0
106054,HUAMBOS,2020,5,-999.0,-999.0,-999.0
106054,HUAMBOS,2020,6,-999.0,-999.0,-999.0
106054,HUAMBOS,2020,7,-999.0,-999.0,-999.0
106054,HUAMBOS,2020,8,-999.0,-999.0,-999.0
106054,HUAMBOS,2020,9,-999.0,-999.0,-999.0
106054,HUAMBOS,2020,10,-999.0,-999.0,-999.0
106054,HUAMBOS,2020,11,-999.0,-999.0,-999.0
106054,HUAMBOS,2020,12,-999.0,-999.0,-999.0
106054,HUAMBOS,2021,1,-999.0,-999.0,-999.0
106054,HUAMBOS,2021,2,-999.0,-999.0,-999.0
106054,HUAMBOS,2021,3,-999.0,-999.0,-999.0
106054,HUAMBOS,2021,4,-999.0,-999.0,-999.0
106054,HUAMBOS,2021,5,-999.0,-999.0,-999.0
106054,HUAMBOS,2021,6,-999.0,-999.0,-999.0
106054,HUAMBOS,2021,7,-999.0,-999.0,-999.0
106054,HUAMBOS,2021,8,-999.0,-999.0,-999.0
106054,HUAMBOS,2021,9,-999.0,-999.0,-999.0
106054,HUAMBOS,2021,10,-999.0,-999.0,-999.0
106054,HUAMBOS,2021,11,-999.0,-999.0,-999.0
106054,HUAMBOS,2021,12,-999.0,-999.0,-999.0
106054,HUAMBOS,2022,1,-999.0,-999.0,-999.0
106054,HUAMBOS,2022,2,-999.0,-999.0,-999.0
106054,HUAMBOS,2022,3,-999.0,-999.0,-999.0
106054,HUAMBOS,2022,4,-999.0,-999.0,-999.0
106054,HUAMBOS,2022,5,72.3,19.08,12.63
106054,HUAMBOS,2022,6,74.7,19.38,11.13
106054,HUAMBOS,2022,7,52.0,19.49,12.07
106054,HUAMBOS,2022,8,22.2,19.42,11.62
106054,HUAMBOS,2022,9,82.0,20.7,12.04
106054,HUAMBOS,2022,10,45.0,21.92,11.46
106054,HUAMBOS,2022,11,26.6,22.08,11.33
106054,HUAMBOS,2022,12,47.7,21.1,11.73
106054,HUAMBOS,2023,1,72.5,20.25,11.74
106054,HUAMBOS,2023,2,151.9,19.18,12.57
106054,HUAMBOS,2023,3,224.5,20.16,12.36
106054,HUAMBOS,2023,4,159.3,19.49,12.89
106054,HUAMBOS,2023,5,50.3,19.42,13.19
106054,HUAMBOS,2023,6,9.7,19.01,12.29
106054,HUAMBOS,2023,7,4.0,19.77,12.27
106054,HUAMBOS,2023,8,9.7,20.9,12.48
106054,HUAMBOS,2023,9,14.9,21.45,13.36
106054,HUAMBOS,2023,10,69.0,21.97,13.21
106054,HUAMBOS,2023,11,60.0,21.64,12.59
106054,HUAMBOS,2023,12,123.2,20.17,13.29
106054,HUAMBOS,2024,1,35.2,20.22,13.1
106054,HUAMBOS,2024,2,80.8,21.09,13.32
106054,HUAMBOS,2024,3,31.9,21.61,13.23
106054,HUAMBOS,2024,4,145.8,20.9,13.59
106054,HUAMBOS,2024,5,52.3,20.88,13.67
106054,HUAMBOS,2024,6,34.6,19.91,12.32
106054,HUAMBOS,2024,7,3.8,19.15,11.95
106054,HUAMBOS,2024,8,2.6,21.23,12.36
106054,HUAMBOS,2024,9,42.9,21.76,-999.0
106054,HUAMBOS,2024,10,76.2,21.48,-999.0
106054,HUAMBOS,2024,11,12.6,23.94,-999.0
106054,HUAMBOS,2024,12,96.8,21.39,-999.0
106054,HUAMBOS,2025,1,111.5,19.93,-999.0
106054,HUAMBOS,2025,2,211.4,20.25,-999.0
106054,HUAMBOS,2025,3,180.1,20.29,-999.0
106054,HUAMBOS,2025,4,234.7,19.76,12.37
106054,HUAMBOS,2025,5,63.0,19.88,12.55
106054,HUAMBOS,2025,6,33.3,19.47,11.89
106054,HUAMBOS,2025,7,6.0,18.64,11.05
106054,HUAMBOS,2025,8,39.3,19.85,11.45
106054,HUAMBOS,2025,9,59.3,20.35,12.09
106054,HUAMBOS,2025,10,180.5,20.55,11.95
106054,HUAMBOS,2025,11,159.6,20.51,11.54
106054,HUAMBOS,2025,12,31.3,21.83,10.43
