CODIGO,ESTACION,YEAR,MONTH,PP,TMAX,TMIN
106047,JAYANCA,1990,1,0.0,-999.0,-999.0
106047,JAYANCA,1990,2,0.0,-999.0,-999.0
106047,JAYANCA,1990,3,0.0,33.81,-999.0
106047,JAYANCA,1990,4,0.0,32.68,18.21
106047,JAYANCA,1990,5,0.0,29.78,18.83
106047,JAYANCA,1990,6,0.0,28.21,16.14
106047,JAYANCA,1990,7,0.0,26.63,14.63
106047,JAYANCA,1990,8,0.0,26.88,13.89
106047,JAYANCA,1990,9,0.0,28.24,14.63
106047,JAYANCA,1990,10,7.3,28.53,15.95
106047,JAYANCA,1990,11,4.0,30.09,16.74
106047,JAYANCA,1990,12,0.0,31.03,18.1
106047,JAYANCA,1991,1,0.0,32.66,19.58
106047,JAYANCA,1991,2,0.0,33.65,21.88
106047,JAYANCA,1991,3,2.4,33.52,-999.0
106047,JAYANCA,1991,4,6.9,33.09,20.03
106047,JAYANCA,1991,5,0.0,31.21,18.83
106047,JAYANCA,1991,6,0.0,29.1,16.47
106047,JAYANCA,1991,7,0.0,26.65,14.32
106047,JAYANCA,1991,8,-999.0,26.88,14.13
106047,JAYANCA,1991,9,-999.0,27.88,16.05
106047,JAYANCA,1991,10,0.0,29.38,16.26
106047,JAYANCA,1991,11,1.7,30.13,16.35
106047,JAYANCA,1991,12,0.0,30.81,20.13
106047,JAYANCA,1992,1,0.8,32.01,21.94
106047,JAYANCA,1992,2,0.0,33.29,23.12
106047,JAYANCA,1992,3,19.8,33.69,23.85
106047,JAYANCA,1992,4,61.0,31.84,23.51
106047,JAYANCA,1992,5,1.6,31.59,20.94
106047,JAYANCA,1992,6,0.0,29.02,16.75
106047,JAYANCA,1992,7,0.0,27.65,13.83
106047,JAYANCA,1992,8,0.0,27.74,15.14
106047,JAYANCA,1992,9,0.0,28.98,15.33
106047,JAYANCA,1992,10,-999.0,29.91,16.17
106047,JAYANCA,1992,11,-999.0,30.74,17.2
106047,JAYANCA,1992,12,8.5,31.82,17.3
106047,JAYANCA,1993,1,0.9,33.24,20.41
106047,JAYANCA,1993,2,9.5,32.87,22.63
106047,JAYANCA,1993,3,78.8,32.78,22.23
106047,JAYANCA,1993,4,9.5,32.46,21.46
106047,JAYANCA,1993,5,0.5,29.84,20.34
106047,JAYANCA,1993,6,0.2,27.73,18.92
106047,JAYANCA,1993,7,-999.0,26.95,17.05
106047,JAYANCA,1993,8,-999.0,27.79,16.21
106047,JAYANCA,1993,9,0.3,29.61,16.36
106047,JAYANCA,1993,10,0.0,30.29,16.77
106047,JAYANCA,1993,11,0.0,30.38,16.22
106047,JAYANCA,1993,12,0.0,31.45,19.13
106047,JAYANCA,1994,1,8.6,32.23,21.05
106047,JAYANCA,1994,2,16.6,33.13,21.91
106047,JAYANCA,1994,3,38.6,32.55,21.17
106047,JAYANCA,1994,4,0.0,31.5,20.43
106047,JAYANCA,1994,5,1.1,29.52,18.34
106047,JAYANCA,1994,6,0.0,28.25,15.36
106047,JAYANCA,1994,7,0.0,26.38,13.7
106047,JAYANCA,1994,8,0.0,26.88,14.06
106047,JAYANCA,1994,9,0.7,29.19,15.69
106047,JAYANCA,1994,10,1.9,29.34,15.86
106047,JAYANCA,1994,11,0.0,29.84,17.17
106047,JAYANCA,1994,12,0.5,31.71,19.95
106047,JAYANCA,1995,1,0.0,32.62,22.28
106047,JAYANCA,1995,2,26.5,32.21,22.29
106047,JAYANCA,1995,3,0.0,33.74,21.37
106047,JAYANCA,1995,4,0.0,31.79,18.77
106047,JAYANCA,1995,5,0.0,30.29,17.35
106047,JAYANCA,1995,6,0.0,29.08,15.49
106047,JAYANCA,1995,7,0.0,27.12,15.06
106047,JAYANCA,1995,8,0.0,27.91,14.58
106047,JAYANCA,1995,9,0.0,29.09,15.34
106047,JAYANCA,1995,10,0.3,28.94,15.9
106047,JAYANCA,1995,11,1.5,30.13,16.91
106047,JAYANCA,1995,12,2.3,30.68,17.62
106047,JAYANCA,1996,1,0.2,31.79,19.63
106047,JAYANCA,1996,2,0.0,33.5,21.04
106047,JAYANCA,1996,3,13.9,32.42,21.29
106047,JAYANCA,1996,4,7.4,30.47,18.34
106047,JAYANCA,1996,5,0.8,28.56,16.41
106047,JAYANCA,1996,6,0.5,25.97,14.55
106047,JAYANCA,1996,7,0.0,25.65,13.61
106047,JAYANCA,1996,8,0.0,26.59,13.77
106047,JAYANCA,1996,9,0.0,28.06,13.23
106047,JAYANCA,1996,10,0.5,28.69,14.13
106047,JAYANCA,1996,11,0.0,28.69,13.52
106047,JAYANCA,1996,12,0.0,30.38,16.3
106047,JAYANCA,1997,1,0.0,31.72,18.21
106047,JAYANCA,1997,2,2.2,33.31,20.33
106047,JAYANCA,1997,3,0.0,33.92,20.68
106047,JAYANCA,1997,4,15.3,32.14,19.63
106047,JAYANCA,1997,5,0.0,32.07,19.62
106047,JAYANCA,1997,6,0.0,30.5,19.65
106047,JAYANCA,1997,7,0.0,29.81,18.38
106047,JAYANCA,1997,8,0.0,29.34,19.21
106047,JAYANCA,1997,9,0.7,31.37,19.54
106047,JAYANCA,1997,10,0.0,31.38,18.19
106047,JAYANCA,1997,11,7.4,30.94,20.2
106047,JAYANCA,1997,12,55.0,31.11,22.51
106047,JAYANCA,1998,1,348.3,32.01,23.3
106047,JAYANCA,1998,2,466.3,31.88,23.26
106047,JAYANCA,1998,3,539.1,-999.0,22.9
106047,JAYANCA,1998,4,61.5,30.61,21.74
106047,JAYANCA,1998,5,10.0,29.03,20.77
106047,JAYANCA,1998,6,0.4,28.35,-999.0
106047,JAYANCA,1998,7,0.0,-999.0,16.04
106047,JAYANCA,1998,8,0.0,27.77,14.34
106047,JAYANCA,1998,9,2.1,28.71,15.08
106047,JAYANCA,1998,10,0.0,29.28,16.08
106047,JAYANCA,1998,11,0.0,29.69,15.48
106047,JAYANCA,1998,12,0.3,30.36,15.82
106047,JAYANCA,1999,1,4.0,31.39,18.57
106047,JAYANCA,1999,2,118.2,31.3,22.03
106047,JAYANCA,1999,3,2.8,32.7,20.83
106047,JAYANCA,1999,4,22.3,30.81,19.32
106047,JAYANCA,1999,5,7.1,28.23,16.7
106047,JAYANCA,1999,6,3.8,-999.0,15.35
106047,JAYANCA,1999,7,0.0,25.55,14.5
106047,JAYANCA,1999,8,0.0,26.5,14.53
106047,JAYANCA,1999,9,3.9,27.82,15.29
106047,JAYANCA,1999,10,0.5,28.72,15.6
106047,JAYANCA,1999,11,0.2,29.77,15.88
106047,JAYANCA,1999,12,5.9,30.83,-999.0
106047,JAYANCA,2000,1,2.2,32.26,-999.0
106047,JAYANCA,2000,2,1.0,33.15,-999.0
106047,JAYANCA,2000,3,27.3,33.21,-999.0
106047,JAYANCA,2000,4,21.6,31.9,-999.0
106047,JAYANCA,2000,5,0.0,29.23,-999.0
106047,JAYANCA,2000,6,1.1,25.02,-999.0
106047,JAYANCA,2000,7,0.0,23.89,-999.0
106047,JAYANCA,2000,8,1.1,26.42,-999.0
106047,JAYANCA,2000,9,0.0,28.39,-999.0
106047,JAYANCA,2000,10,0.0,29.31,-999.0
106047,JAYANCA,2000,11,0.0,29.31,-999.0
106047,JAYANCA,2000,12,4.1,30.57,-999.0
106047,JAYANCA,2001,1,7.7,32.15,-999.0
106047,JAYANCA,2001,2,9.2,33.61,-999.0
106047,JAYANCA,2001,3,175.5,32.41,-999.0
106047,JAYANCA,2001,4,21.6,30.38,-999.0
106047,JAYANCA,2001,5,0.0,27.66,-999.0
106047,JAYANCA,2001,6,0.5,22.97,-999.0
106047,JAYANCA,2001,7,0.6,25.15,-999.0
106047,JAYANCA,2001,8,0.0,25.49,-999.0
106047,JAYANCA,2001,9,0.0,27.23,14.75
106047,JAYANCA,2001,10,0.9,27.84,15.37
106047,JAYANCA,2001,11,1.4,29.33,16.51
106047,JAYANCA,2001,12,1.4,30.67,18.12
106047,JAYANCA,2002,1,0.0,32.01,18.81
106047,JAYANCA,2002,2,26.4,32.15,22.49
106047,JAYANCA,2002,3,96.7,32.28,23.23
106047,JAYANCA,2002,4,69.7,30.81,21.61
106047,JAYANCA,2002,5,0.0,30.83,18.2
106047,JAYANCA,2002,6,0.0,28.18,14.78
106047,JAYANCA,2002,7,0.0,26.43,14.94
106047,JAYANCA,2002,8,0.0,25.81,15.32
106047,JAYANCA,2002,9,0.0,28.23,14.76
106047,JAYANCA,2002,10,1.3,29.32,17.3
106047,JAYANCA,2002,11,8.1,29.48,17.9
106047,JAYANCA,2002,12,0.0,31.09,19.5
106047,JAYANCA,2003,1,3.6,31.64,21.1
106047,JAYANCA,2003,2,33.1,32.23,22.33
106047,JAYANCA,2003,3,0.0,33.33,21.05
106047,JAYANCA,2003,4,0.9,31.35,19.09
106047,JAYANCA,2003,5,0.0,29.26,17.23
106047,JAYANCA,2003,6,0.0,27.52,15.81
106047,JAYANCA,2003,7,0.0,27.14,14.54
106047,JAYANCA,2003,8,0.0,27.05,14.79
106047,JAYANCA,2003,9,1.2,26.83,15.71
106047,JAYANCA,2003,10,0.0,28.9,15.97
106047,JAYANCA,2003,11,0.8,28.75,17.09
106047,JAYANCA,2003,12,3.3,31.05,18.91
106047,JAYANCA,2004,1,0.4,32.93,20.41
106047,JAYANCA,2004,2,1.6,33.53,22.44
106047,JAYANCA,2004,3,-999.0,34.18,21.88
106047,JAYANCA,2004,4,3.6,32.54,20.12
106047,JAYANCA,2004,5,-999.0,29.64,16.96
106047,JAYANCA,2004,6,0.0,26.69,14.81
106047,JAYANCA,2004,7,5.0,25.7,15.63
106047,JAYANCA,2004,8,0.0,26.97,13.47
106047,JAYANCA,2004,9,1.5,28.16,15.57
106047,JAYANCA,2004,10,4.5,29.21,16.37
106047,JAYANCA,2004,11,0.2,29.57,17.28
106047,JAYANCA,2004,12,9.4,30.96,18.92
106047,JAYANCA,2005,1,0.6,32.56,20.53
106047,JAYANCA,2005,2,4.0,32.58,21.51
106047,JAYANCA,2005,3,19.7,31.93,21.4
106047,JAYANCA,2005,4,0.0,32.55,19.84
106047,JAYANCA,2005,5,0.0,27.61,16.58
106047,JAYANCA,2005,6,0.0,27.34,15.63
106047,JAYANCA,2005,7,0.0,26.34,14.57
106047,JAYANCA,2005,8,0.0,26.69,15.3
106047,JAYANCA,2005,9,0.0,26.7,14.8
106047,JAYANCA,2005,10,0.8,28.08,15.4
106047,JAYANCA,2005,11,1.7,28.48,15.14
106047,JAYANCA,2005,12,0.0,30.46,18.17
106047,JAYANCA,2006,1,7.8,32.97,20.45
106047,JAYANCA,2006,2,6.7,33.41,22.73
106047,JAYANCA,2006,3,59.4,33.32,22.1
106047,JAYANCA,2006,4,0.0,31.45,19.21
106047,JAYANCA,2006,5,0.0,29.53,16.67
106047,JAYANCA,2006,6,0.0,26.42,16.17
106047,JAYANCA,2006,7,0.0,25.76,16.96
106047,JAYANCA,2006,8,0.0,27.12,16.15
106047,JAYANCA,2006,9,0.0,28.41,15.71
106047,JAYANCA,2006,10,0.0,28.94,16.11
106047,JAYANCA,2006,11,2.2,29.69,17.25
106047,JAYANCA,2006,12,0.0,31.1,18.79
106047,JAYANCA,2007,1,0.8,32.8,21.74
106047,JAYANCA,2007,2,0.0,33.28,21.65
106047,JAYANCA,2007,3,3.8,-999.0,-999.0
106047,JAYANCA,2007,4,4.7,32.14,19.45
106047,JAYANCA,2007,5,1.4,28.8,16.3
106047,JAYANCA,2007,6,0.0,26.39,14.14
106047,JAYANCA,2007,7,0.0,26.53,14.11
106047,JAYANCA,2007,8,0.0,25.93,13.62
106047,JAYANCA,2007,9,0.0,27.01,13.67
106047,JAYANCA,2007,10,5.5,26.7,14.19
106047,JAYANCA,2007,11,3.8,28.77,15.69
106047,JAYANCA,2007,12,0.0,29.92,16.53
106047,JAYANCA,2008,1,4.6,31.54,20.59
106047,JAYANCA,2008,2,61.6,32.37,21.57
106047,JAYANCA,2008,3,105.3,31.86,22.37
106047,JAYANCA,2008,4,4.9,30.96,19.21
106047,JAYANCA,2008,5,0.0,27.65,17.32
106047,JAYANCA,2008,6,0.0,24.94,17.3
106047,JAYANCA,2008,7,0.3,25.03,16.52
106047,JAYANCA,2008,8,0.0,25.09,17.29
106047,JAYANCA,2008,9,0.0,28.09,15.53
106047,JAYANCA,2008,10,0.0,28.72,15.28
106047,JAYANCA,2008,11,111.8,29.54,16.02
106047,JAYANCA,2008,12,-999.0,30.52,16.99
106047,JAYANCA,2009,1,12.9,31.61,19.29
106047,JAYANCA,2009,2,14.6,32.41,20.24
106047,JAYANCA,2009,3,22.3,32.71,20.15
106047,JAYANCA,2009,4,0.6,-999.0,18.39
106047,JAYANCA,2009,5,4.2,-999.0,17.0
106047,JAYANCA,2009,6,0.0,-999.0,16.27
106047,JAYANCA,2009,7,0.0,-999.0,15.62
106047,JAYANCA,2009,8,0.0,-999.0,15.01
106047,JAYANCA,2009,9,0.0,27.51,15.08
106047,JAYANCA,2009,10,0.0,29.08,15.25
106047,JAYANCA,2009,11,7.0,29.08,16.17
106047,JAYANCA,2009,12,0.0,30.83,18.11
106047,JAYANCA,2010,1,0.0,31.63,19.92
106047,JAYANCA,2010,2,71.6,32.46,20.89
106047,JAYANCA,2010,3,14.5,32.58,20.34
106047,JAYANCA,2010,4,9.4,32.13,18.91
106047,JAYANCA,2010,5,0.0,29.85,16.7
106047,JAYANCA,2010,6,0.0,28.29,14.57
106047,JAYANCA,2010,7,0.0,26.84,12.85
106047,JAYANCA,2010,8,0.0,26.87,13.3
106047,JAYANCA,2010,9,0.0,27.65,13.45
106047,JAYANCA,2010,10,7.9,27.92,13.37
106047,JAYANCA,2010,11,3.4,28.71,14.07
106047,JAYANCA,2010,12,0.0,30.86,16.03
106047,JAYANCA,2011,1,13.4,32.29,17.63
106047,JAYANCA,2011,2,1.5,33.39,18.78
106047,JAYANCA,2011,3,0.0,32.15,18.05
106047,JAYANCA,2011,4,11.2,-999.0,18.35
106047,JAYANCA,2011,5,1.5,-999.0,16.88
106047,JAYANCA,2011,6,0.0,-999.0,16.35
106047,JAYANCA,2011,7,0.0,-999.0,14.7
106047,JAYANCA,2011,8,0.0,-999.0,13.94
106047,JAYANCA,2011,9,0.0,-999.0,13.74
106047,JAYANCA,2011,10,0.0,28.97,13.98
106047,JAYANCA,2011,11,0.0,31.05,15.97
106047,JAYANCA,2011,12,2.6,31.66,17.7
106047,JAYANCA,2012,1,4.2,32.67,18.74
106047,JAYANCA,2012,2,101.4,33.21,19.91
106047,JAYANCA,2012,3,113.1,33.85,20.46
106047,JAYANCA,2012,4,4.0,33.34,19.7
106047,JAYANCA,2012,5,0.0,31.54,17.9
106047,JAYANCA,2012,6,0.0,29.69,17.13
106047,JAYANCA,2012,7,0.0,27.92,15.63
106047,JAYANCA,2012,8,0.0,27.69,14.0
106047,JAYANCA,2012,9,0.0,28.82,14.57
106047,JAYANCA,2012,10,1.7,28.84,15.05
106047,JAYANCA,2012,11,1.2,30.07,15.99
106047,JAYANCA,2012,12,3.5,31.1,16.94
106047,JAYANCA,2013,1,2.0,33.07,18.86
106047,JAYANCA,2013,2,3.5,34.99,19.54
106047,JAYANCA,2013,3,28.7,32.53,21.15
106047,JAYANCA,2013,4,0.0,30.58,17.75
106047,JAYANCA,2013,5,13.8,28.81,16.68
106047,JAYANCA,2013,6,0.0,-999.0,14.25
106047,JAYANCA,2013,7,-999.0,26.56,13.15
106047,JAYANCA,2013,8,0.0,-999.0,13.85
106047,JAYANCA,2013,9,0.0,29.35,14.3
106047,JAYANCA,2013,10,3.1,28.85,15.18
106047,JAYANCA,2013,11,0.0,28.49,14.97
106047,JAYANCA,2013,12,3.0,31.2,17.43
106047,JAYANCA,2014,1,0.0,32.11,19.56
106047,JAYANCA,2014,2,0.0,32.99,19.88
106047,JAYANCA,2014,3,0.8,33.43,20.35
106047,JAYANCA,2014,4,0.7,31.64,18.23
106047,JAYANCA,2014,5,5.1,29.28,19.32
106047,JAYANCA,2014,6,0.0,28.82,18.44
106047,JAYANCA,2014,7,0.0,27.59,15.21
106047,JAYANCA,2014,8,0.0,27.28,15.26
106047,JAYANCA,2014,9,0.0,28.78,15.24
106047,JAYANCA,2014,10,2.5,29.49,16.28
106047,JAYANCA,2014,11,7.9,29.36,16.52
106047,JAYANCA,2014,12,0.0,31.02,18.05
106047,JAYANCA,2015,1,2.0,31.95,19.39
106047,JAYANCA,2015,2,4.5,32.74,21.1
106047,JAYANCA,2015,3,96.8,32.93,21.47
106047,JAYANCA,2015,4,0.0,32.1,19.97
106047,JAYANCA,2015,5,0.0,30.21,19.92
106047,JAYANCA,2015,6,0.0,-999.0,18.14
106047,JAYANCA,2015,7,0.0,28.63,16.27
106047,JAYANCA,2015,8,0.0,28.12,15.39
106047,JAYANCA,2015,9,0.0,30.1,16.65
106047,JAYANCA,2015,10,0.0,30.64,17.53
106047,JAYANCA,2015,11,4.5,30.26,18.04
106047,JAYANCA,2015,12,0.0,-999.0,19.52
106047,JAYANCA,2016,1,5.4,32.49,20.75
106047,JAYANCA,2016,2,19.0,33.36,21.63
106047,JAYANCA,2016,3,15.2,35.2,21.13
106047,JAYANCA,2016,4,19.4,32.71,19.61
106047,JAYANCA,2016,5,0.0,31.5,17.08
106047,JAYANCA,2016,6,0.0,29.79,15.33
106047,JAYANCA,2016,7,0.0,29.37,14.25
106047,JAYANCA,2016,8,0.0,29.21,14.47
106047,JAYANCA,2016,9,0.0,30.28,15.5
106047,JAYANCA,2016,10,0.0,30.56,16.12
106047,JAYANCA,2016,11,0.0,31.17,15.91
106047,JAYANCA,2016,12,0.0,32.7,18.63
106047,JAYANCA,2017,1,35.4,34.41,20.72
106047,JAYANCA,2017,2,326.1,33.64,22.4
106047,JAYANCA,2017,3,734.5,32.11,22.32
106047,JAYANCA,2017,4,11.6,31.51,20.03
106047,JAYANCA,2017,5,18.0,29.55,18.8
106047,JAYANCA,2017,6,0.0,27.42,16.48
106047,JAYANCA,2017,7,0.0,-999.0,15.0
106047,JAYANCA,2017,8,0.0,-999.0,14.09
106047,JAYANCA,2017,9,0.0,28.62,13.97
106047,JAYANCA,2017,10,4.6,29.04,14.37
106047,JAYANCA,2017,11,0.0,29.15,14.8
106047,JAYANCA,2017,12,0.0,31.93,17.23
106047,JAYANCA,2018,1,2.5,33.35,18.48
106047,JAYANCA,2018,2,0.0,33.86,20.45
106047,JAYANCA,2018,3,1.0,34.05,19.05
106047,JAYANCA,2018,4,4.0,33.21,18.44
106047,JAYANCA,2018,5,4.3,30.12,16.38
106047,JAYANCA,2018,6,0.0,26.21,15.08
106047,JAYANCA,2018,7,0.0,26.47,14.81
106047,JAYANCA,2018,8,0.0,28.01,14.59
106047,JAYANCA,2018,9,-999.0,-999.0,-999.0
106047,JAYANCA,2018,10,0.0,29.79,15.33
106047,JAYANCA,2018,11,5.1,30.3,17.17
106047,JAYANCA,2018,12,1.5,31.99,18.23
106047,JAYANCA,2019,1,0.2,33.6,20.9
106047,JAYANCA,2019,2,106.7,33.3,21.85
106047,JAYANCA,2019,3,16.9,33.95,20.52
106047,JAYANCA,2019,4,21.3,32.76,19.4
106047,JAYANCA,2019,5,0.0,31.33,17.48
106047,JAYANCA,2019,6,0.0,29.3,14.95
106047,JAYANCA,2019,7,0.0,27.12,14.04
106047,JAYANCA,2019,8,0.0,26.95,13.16
106047,JAYANCA,2019,9,0.0,28.48,14.09
106047,JAYANCA,2019,10,0.0,30.42,15.21
106047,JAYANCA,2019,11,0.0,-999.0,16.89
106047,JAYANCA,2019,12,4.2,32.0,18.45
106047,JAYANCA,2020,1,0.0,33.74,20.06
106047,JAYANCA,2020,2,0.0,34.76,20.97
106047,JAYANCA,2020,3,0.0,35.26,21.56
106047,JAYANCA,2020,4,6.9,33.29,19.83
106047,JAYANCA,2020,5,0.2,31.55,18.15
106047,JAYANCA,2020,6,0.0,28.5,14.82
106047,JAYANCA,2020,7,0.0,27.2,13.61
106047,JAYANCA,2020,8,0.0,27.93,13.0
106047,JAYANCA,2020,9,0.0,28.66,14.22
106047,JAYANCA,2020,10,0.0,30.42,15.67
106047,JAYANCA,2020,11,0.0,30.29,15.55
106047,JAYANCA,2020,12,11.6,30.97,17.87
106047,JAYANCA,2021,1,0.0,32.88,19.15
106047,JAYANCA,2021,2,0.0,34.45,19.79
106047,JAYANCA,2021,3,46.8,33.32,20.2
106047,JAYANCA,2021,4,26.4,31.47,18.53
106047,JAYANCA,2021,5,6.2,27.92,16.9
106047,JAYANCA,2021,6,0.8,-999.0,16.57
106047,JAYANCA,2021,7,0.0,26.94,15.65
106047,JAYANCA,2021,8,1.3,28.08,14.02
106047,JAYANCA,2021,9,3.8,29.01,14.4
106047,JAYANCA,2021,10,0.0,29.35,15.29
106047,JAYANCA,2021,11,1.2,29.91,16.34
106047,JAYANCA,2021,12,2.8,31.03,17.41
106047,JAYANCA,2022,1,0.0,32.53,19.08
106047,JAYANCA,2022,2,5.7,32.72,19.35
106047,JAYANCA,2022,3,11.4,34.02,19.64
106047,JAYANCA,2022,4,0.4,31.21,16.95
106047,JAYANCA,2022,5,1.2,29.03,15.4
106047,JAYANCA,2022,6,0.0,27.67,14.01
106047,JAYANCA,2022,7,2.5,26.71,13.96
106047,JAYANCA,2022,8,0.0,27.4,14.24
106047,JAYANCA,2022,9,0.0,28.45,14.33
106047,JAYANCA,2022,10,0.2,28.89,13.91
106047,JAYANCA,2022,11,0.0,29.49,14.55
106047,JAYANCA,2022,12,0.0,32.15,17.87
106047,JAYANCA,2023,1,0.0,33.54,18.94
106047,JAYANCA,2023,2,34.1,34.12,22.01
106047,JAYANCA,2023,3,353.2,32.73,21.94
106047,JAYANCA,2023,4,190.7,31.55,21.63
106047,JAYANCA,2023,5,0.0,30.44,20.79
106047,JAYANCA,2023,6,0.0,29.22,18.21
106047,JAYANCA,2023,7,0.0,-999.0,19.54
106047,JAYANCA,2023,8,0.0,-999.0,-999.0
106047,JAYANCA,2023,9,0.0,30.9,16.97
106047,JAYANCA,2023,10,12.9,31.66,18.45
106047,JAYANCA,2023,11,9.9,31.42,17.85
106047,JAYANCA,2023,12,2.4,33.0,19.85
106047,JAYANCA,2024,1,2.4,33.34,19.9
106047,JAYANCA,2024,2,5.0,34.99,21.62
106047,JAYANCA,2024,3,0.0,35.9,21.25
106047,JAYANCA,2024,4,0.0,34.44,20.72
106047,JAYANCA,2024,5,0.0,30.92,16.34
106047,JAYANCA,2024,6,0.0,29.12,15.43
106047,JAYANCA,2024,7,0.0,28.45,14.62
106047,JAYANCA,2024,8,0.0,28.17,14.72
106047,JAYANCA,2024,9,2.3,29.28,14.73
106047,JAYANCA,2024,10,0.0,31.13,-999.0
106047,JAYANCA,2024,11,1.2,31.18,-999.0
106047,JAYANCA,2024,12,2.7,33.0,17.95
106047,JAYANCA,2025,1,-999.0,-999.0,-999.0
106047,JAYANCA,2025,2,35.6,35.16,22.32
106047,JAYANCA,2025,3,33.5,35.12,21.99
106047,JAYANCA,2025,4,4.9,33.01,20.75
106047,JAYANCA,2025,5,0.0,30.64,18.47
106047,JAYANCA,2025,6,0.0,27.45,18.03
106047,JAYANCA,2025,7,0.0,28.88,15.87
106047,JAYANCA,2025,8,0.0,28.05,16.26
106047,JAYANCA,2025,9,0.0,30.79,16.47
106047,JAYANCA,2025,10,1.0,30.7,17.08
106047,JAYANCA,2025,11,21.4,31.86,17.99
106047,JAYANCA,2025,12,4.8,32.01,18.2
