CODIGO,ESTACION,YEAR,MONTH,PP,TMAX,TMIN
106092,ALAO,1990,1,48.5,-999.0,-999.0
106092,ALAO,1990,2,280.9,-999.0,-999.0
106092,ALAO,1990,3,211.0,-999.0,-999.0
106092,ALAO,1990,4,89.8,-999.0,-999.0
106092,ALAO,1990,5,45.8,-999.0,-999.0
106092,ALAO,1990,6,39.0,-999.0,-999.0
106092,ALAO,1990,7,93.6,-999.0,-999.0
106092,ALAO,1990,8,83.0,-999.0,-999.0
106092,ALAO,1990,9,82.8,-999.0,-999.0
106092,ALAO,1990,10,154.9,-999.0,-999.0
106092,ALAO,1990,11,161.3,-999.0,-999.0
106092,ALAO,1990,12,203.7,-999.0,-999.0
106092,ALAO,1991,1,6.9,-999.0,-999.0
106092,ALAO,1991,2,137.8,-999.0,-999.0
106092,ALAO,1991,3,173.5,-999.0,-999.0
106092,ALAO,1991,4,138.4,-999.0,-999.0
106092,ALAO,1991,5,72.3,-999.0,-999.0
106092,ALAO,1991,6,18.4,-999.0,-999.0
106092,ALAO,1991,7,59.0,-999.0,-999.0
106092,ALAO,1991,8,86.1,-999.0,-999.0
106092,ALAO,1991,9,140.8,-999.0,-999.0
106092,ALAO,1991,10,91.6,-999.0,-999.0
106092,ALAO,1991,11,104.0,-999.0,-999.0
106092,ALAO,1991,12,41.0,-999.0,-999.0
106092,ALAO,1992,1,73.2,-999.0,-999.0
106092,ALAO,1992,2,52.2,-999.0,-999.0
106092,ALAO,1992,3,245.5,-999.0,-999.0
106092,ALAO,1992,4,48.8,-999.0,-999.0
106092,ALAO,1992,5,14.2,-999.0,-999.0
106092,ALAO,1992,6,41.0,-999.0,-999.0
106092,ALAO,1992,7,52.9,-999.0,-999.0
106092,ALAO,1992,8,28.8,-999.0,-999.0
106092,ALAO,1992,9,115.7,-999.0,-999.0
106092,ALAO,1992,10,144.9,-999.0,-999.0
106092,ALAO,1992,11,112.3,-999.0,-999.0
106092,ALAO,1992,12,211.4,-999.0,-999.0
106092,ALAO,1993,1,88.5,-999.0,-999.0
106092,ALAO,1993,2,152.5,-999.0,-999.0
106092,ALAO,1993,3,372.3,-999.0,-999.0
106092,ALAO,1993,4,100.5,-999.0,-999.0
106092,ALAO,1993,5,150.1,-999.0,-999.0
106092,ALAO,1993,6,82.8,-999.0,-999.0
106092,ALAO,1993,7,99.7,-999.0,-999.0
106092,ALAO,1993,8,146.6,-999.0,-999.0
106092,ALAO,1993,9,26.6,-999.0,-999.0
106092,ALAO,1993,10,151.4,-999.0,-999.0
106092,ALAO,1993,11,92.4,-999.0,-999.0
106092,ALAO,1993,12,58.7,-999.0,-999.0
106092,ALAO,1994,1,34.2,-999.0,-999.0
106092,ALAO,1994,2,147.7,-999.0,-999.0
106092,ALAO,1994,3,265.3,-999.0,-999.0
106092,ALAO,1994,4,155.7,-999.0,-999.0
106092,ALAO,1994,5,138.0,-999.0,-999.0
106092,ALAO,1994,6,203.4,-999.0,-999.0
106092,ALAO,1994,7,139.5,-999.0,-999.0
106092,ALAO,1994,8,68.2,-999.0,-999.0
106092,ALAO,1994,9,170.5,-999.0,-999.0
106092,ALAO,1994,10,95.8,-999.0,-999.0
106092,ALAO,1994,11,135.2,-999.0,-999.0
106092,ALAO,1994,12,158.0,-999.0,-999.0
106092,ALAO,1995,1,87.1,-999.0,-999.0
106092,ALAO,1995,2,64.4,-999.0,-999.0
106092,ALAO,1995,3,254.1,-999.0,-999.0
106092,ALAO,1995,4,136.0,-999.0,-999.0
106092,ALAO,1995,5,84.6,-999.0,-999.0
106092,ALAO,1995,6,50.3,-999.0,-999.0
106092,ALAO,1995,7,32.2,-999.0,-999.0
106092,ALAO,1995,8,35.9,-999.0,-999.0
106092,ALAO,1995,9,219.5,-999.0,-999.0
106092,ALAO,1995,10,183.9,-999.0,-999.0
106092,ALAO,1995,11,219.2,-999.0,-999.0
106092,ALAO,1995,12,117.3,-999.0,-999.0
106092,ALAO,1996,1,93.3,-999.0,-999.0
106092,ALAO,1996,2,87.2,-999.0,-999.0
106092,ALAO,1996,3,184.5,-999.0,-999.0
106092,ALAO,1996,4,151.1,-999.0,-999.0
106092,ALAO,1996,5,79.6,-999.0,-999.0
106092,ALAO,1996,6,43.9,-999.0,-999.0
106092,ALAO,1996,7,47.2,-999.0,-999.0
106092,ALAO,1996,8,110.2,-999.0,-999.0
106092,ALAO,1996,9,138.5,-999.0,-999.0
106092,ALAO,1996,10,216.7,-999.0,-999.0
106092,ALAO,1996,11,111.3,-999.0,-999.0
106092,ALAO,1996,12,201.1,-999.0,-999.0
106092,ALAO,1997,1,28.8,-999.0,-999.0
106092,ALAO,1997,2,185.1,-999.0,-999.0
106092,ALAO,1997,3,92.6,-999.0,-999.0
106092,ALAO,1997,4,225.7,-999.0,-999.0
106092,ALAO,1997,5,159.2,-999.0,-999.0
106092,ALAO,1997,6,37.9,-999.0,-999.0
106092,ALAO,1997,7,11.5,-999.0,-999.0
106092,ALAO,1997,8,134.3,-999.0,-999.0
106092,ALAO,1997,9,253.7,-999.0,-999.0
106092,ALAO,1997,10,56.7,-999.0,-999.0
106092,ALAO,1997,11,-999.0,-999.0,-999.0
106092,ALAO,1997,12,80.8,-999.0,-999.0
106092,ALAO,1998,1,50.1,-999.0,-999.0
106092,ALAO,1998,2,148.5,-999.0,-999.0
106092,ALAO,1998,3,255.2,-999.0,-999.0
106092,ALAO,1998,4,263.9,-999.0,-999.0
106092,ALAO,1998,5,110.5,-999.0,-999.0
106092,ALAO,1998,6,136.1,-999.0,-999.0
106092,ALAO,1998,7,49.0,-999.0,-999.0
106092,ALAO,1998,8,51.4,-999.0,-999.0
106092,ALAO,1998,9,135.5,-999.0,-999.0
106092,ALAO,1998,10,157.6,-999.0,-999.0
106092,ALAO,1998,11,102.2,-999.0,-999.0
106092,ALAO,1998,12,65.4,-999.0,-999.0
106092,ALAO,1999,1,154.9,-999.0,-999.0
106092,ALAO,1999,2,218.7,-999.0,-999.0
106092,ALAO,1999,3,115.7,-999.0,-999.0
106092,ALAO,1999,4,127.1,-999.0,-999.0
106092,ALAO,1999,5,271.1,-999.0,-999.0
106092,ALAO,1999,6,144.7,-999.0,-999.0
106092,ALAO,1999,7,72.7,-999.0,-999.0
106092,ALAO,1999,8,70.7,-999.0,-999.0
106092,ALAO,1999,9,157.2,-999.0,-999.0
106092,ALAO,1999,10,167.2,-999.0,-999.0
106092,ALAO,1999,11,128.0,-999.0,-999.0
106092,ALAO,1999,12,65.0,-999.0,-999.0
106092,ALAO,2000,1,171.9,-999.0,-999.0
106092,ALAO,2000,2,95.4,-999.0,-999.0
106092,ALAO,2000,3,158.5,-999.0,-999.0
106092,ALAO,2000,4,250.2,-999.0,-999.0
106092,ALAO,2000,5,82.1,-999.0,-999.0
106092,ALAO,2000,6,79.8,-999.0,-999.0
106092,ALAO,2000,7,125.8,-999.0,-999.0
106092,ALAO,2000,8,65.4,-999.0,-999.0
106092,ALAO,2000,9,151.4,-999.0,-999.0
106092,ALAO,2000,10,171.7,-999.0,-999.0
106092,ALAO,2000,11,64.3,33.55,20.66
106092,ALAO,2000,12,151.6,31.59,20.58
106092,ALAO,2001,1,42.3,31.8,20.12
106092,ALAO,2001,2,71.0,31.7,20.01
106092,ALAO,2001,3,352.4,30.98,20.38
106092,ALAO,2001,4,261.1,31.03,20.34
106092,ALAO,2001,5,248.8,31.07,20.4
106092,ALAO,2001,6,70.5,29.95,18.79
106092,ALAO,2001,7,106.0,30.4,18.93
106092,ALAO,2001,8,126.7,31.3,18.78
106092,ALAO,2001,9,76.0,-999.0,19.25
106092,ALAO,2001,10,318.0,33.08,20.68
106092,ALAO,2001,11,91.4,32.95,21.06
106092,ALAO,2001,12,247.0,32.63,21.23
106092,ALAO,2002,1,31.5,33.34,20.78
106092,ALAO,2002,2,83.4,32.6,21.6
106092,ALAO,2002,3,87.0,32.29,21.15
106092,ALAO,2002,4,252.7,31.61,21.57
106092,ALAO,2002,5,43.5,31.37,21.07
106092,ALAO,2002,6,75.7,31.22,19.56
106092,ALAO,2002,7,148.8,29.26,20.14
106092,ALAO,2002,8,52.4,31.1,18.9
106092,ALAO,2002,9,73.1,-999.0,19.6
106092,ALAO,2002,10,162.8,32.36,20.81
106092,ALAO,2002,11,70.8,32.45,20.85
106092,ALAO,2002,12,42.1,33.16,21.27
106092,ALAO,2003,1,66.1,33.16,21.25
106092,ALAO,2003,2,54.7,32.4,21.65
106092,ALAO,2003,3,154.5,31.99,21.17
106092,ALAO,2003,4,130.9,31.76,21.02
106092,ALAO,2003,5,89.2,30.91,20.66
106092,ALAO,2003,6,120.4,31.23,20.46
106092,ALAO,2003,7,69.2,30.85,19.01
106092,ALAO,2003,8,56.2,31.75,19.18
106092,ALAO,2003,9,95.6,-999.0,19.65
106092,ALAO,2003,10,152.3,33.5,20.67
106092,ALAO,2003,11,260.1,-999.0,21.22
106092,ALAO,2003,12,225.6,31.64,21.69
106092,ALAO,2004,1,30.8,34.17,21.25
106092,ALAO,2004,2,74.6,32.6,20.95
106092,ALAO,2004,3,86.0,32.17,21.53
106092,ALAO,2004,4,138.2,32.52,21.38
106092,ALAO,2004,5,172.5,31.74,21.24
106092,ALAO,2004,6,90.7,29.91,19.87
106092,ALAO,2004,7,66.7,30.3,19.69
106092,ALAO,2004,8,97.4,30.76,18.94
106092,ALAO,2004,9,113.1,30.79,19.35
106092,ALAO,2004,10,143.6,32.55,20.98
106092,ALAO,2004,11,134.7,32.67,21.29
106092,ALAO,2004,12,181.5,32.53,21.15
106092,ALAO,2005,1,66.5,33.49,21.21
106092,ALAO,2005,2,166.2,-999.0,21.45
106092,ALAO,2005,3,171.5,32.27,21.53
106092,ALAO,2005,4,327.9,30.77,21.43
106092,ALAO,2005,5,44.3,31.21,21.01
106092,ALAO,2005,6,63.2,31.16,20.43
106092,ALAO,2005,7,56.1,30.96,18.83
106092,ALAO,2005,8,31.8,32.65,19.26
106092,ALAO,2005,9,75.2,33.01,20.07
106092,ALAO,2005,10,192.1,32.31,21.06
106092,ALAO,2005,11,172.8,31.98,21.16
106092,ALAO,2005,12,142.3,31.81,21.15
106092,ALAO,2006,1,154.0,31.84,21.29
106092,ALAO,2006,2,106.9,32.07,20.8
106092,ALAO,2006,3,223.3,31.3,21.1
106092,ALAO,2006,4,135.9,31.24,21.04
106092,ALAO,2006,5,135.9,30.6,20.14
106092,ALAO,2006,6,51.8,31.19,20.23
106092,ALAO,2006,7,133.8,31.53,19.0
106092,ALAO,2006,8,32.2,31.95,19.34
106092,ALAO,2006,9,67.4,32.89,19.79
106092,ALAO,2006,10,109.0,33.03,21.49
106092,ALAO,2006,11,85.3,32.32,21.5
106092,ALAO,2006,12,58.1,33.1,21.65
106092,ALAO,2007,1,37.3,33.25,21.28
106092,ALAO,2007,2,7.4,34.11,21.24
106092,ALAO,2007,3,222.7,32.06,21.02
106092,ALAO,2007,4,83.4,31.19,20.91
106092,ALAO,2007,5,273.9,30.59,20.54
106092,ALAO,2007,6,22.3,31.63,20.09
106092,ALAO,2007,7,71.4,32.05,19.0
106092,ALAO,2007,8,39.0,32.83,19.53
106092,ALAO,2007,9,208.4,31.28,19.62
106092,ALAO,2007,10,269.9,31.82,20.45
106092,ALAO,2007,11,162.3,31.38,20.97
106092,ALAO,2007,12,84.1,32.31,21.2
106092,ALAO,2008,1,58.8,31.9,20.76
106092,ALAO,2008,2,109.9,31.51,20.69
106092,ALAO,2008,3,328.7,30.52,20.61
106092,ALAO,2008,4,130.1,31.45,20.53
106092,ALAO,2008,5,132.3,30.55,20.28
106092,ALAO,2008,6,79.0,30.74,20.26
106092,ALAO,2008,7,62.5,30.97,19.26
106092,ALAO,2008,8,49.1,32.82,19.64
106092,ALAO,2008,9,248.4,31.68,19.72
106092,ALAO,2008,10,124.4,31.69,20.74
106092,ALAO,2008,11,180.4,32.32,21.25
106092,ALAO,2008,12,108.4,33.43,21.24
106092,ALAO,2009,1,225.8,31.15,21.02
106092,ALAO,2009,2,58.9,31.61,21.07
106092,ALAO,2009,3,241.1,30.82,21.08
106092,ALAO,2009,4,279.7,30.28,21.1
106092,ALAO,2009,5,97.3,30.77,20.94
106092,ALAO,2009,6,277.8,30.4,19.86
106092,ALAO,2009,7,84.8,30.89,20.14
106092,ALAO,2009,8,89.8,32.1,20.16
106092,ALAO,2009,9,149.6,32.38,20.24
106092,ALAO,2009,10,100.0,32.95,20.95
106092,ALAO,2009,11,52.5,34.21,21.9
106092,ALAO,2009,12,51.4,34.31,21.97
106092,ALAO,2010,1,34.4,34.35,21.14
106092,ALAO,2010,2,141.2,33.06,22.24
106092,ALAO,2010,3,116.6,33.01,21.94
106092,ALAO,2010,4,300.9,31.46,22.2
106092,ALAO,2010,5,101.8,31.43,21.66
106092,ALAO,2010,6,97.3,31.25,20.61
106092,ALAO,2010,7,137.2,31.3,19.89
106092,ALAO,2010,8,76.4,32.72,19.44
106092,ALAO,2010,9,83.5,33.34,20.29
106092,ALAO,2010,10,187.1,33.78,21.04
106092,ALAO,2010,11,257.1,32.2,21.29
106092,ALAO,2010,12,166.1,32.48,21.5
106092,ALAO,2011,1,45.1,33.39,21.45
106092,ALAO,2011,2,35.0,32.37,21.36
106092,ALAO,2011,3,166.3,31.35,21.65
106092,ALAO,2011,4,118.9,31.51,21.11
106092,ALAO,2011,5,156.2,30.86,21.33
106092,ALAO,2011,6,88.6,30.39,20.69
106092,ALAO,2011,7,63.9,31.02,19.85
106092,ALAO,2011,8,141.5,32.98,19.64
106092,ALAO,2011,9,100.2,31.35,20.18
106092,ALAO,2011,10,172.4,31.86,21.64
106092,ALAO,2011,11,203.4,32.53,21.45
106092,ALAO,2011,12,232.2,31.84,21.96
106092,ALAO,2012,1,146.9,32.55,21.4
106092,ALAO,2012,2,94.3,31.52,21.33
106092,ALAO,2012,3,258.8,31.51,21.0
106092,ALAO,2012,4,329.7,30.81,21.46
106092,ALAO,2012,5,75.1,31.42,20.73
106092,ALAO,2012,6,136.4,30.87,19.53
106092,ALAO,2012,7,21.7,31.52,19.01
106092,ALAO,2012,8,8.8,33.34,19.89
106092,ALAO,2012,9,60.9,33.63,19.75
106092,ALAO,2012,10,213.7,33.18,21.17
106092,ALAO,2012,11,133.0,33.58,21.78
106092,ALAO,2012,12,76.5,32.72,22.05
106092,ALAO,2013,1,189.9,32.38,21.76
106092,ALAO,2013,2,105.8,31.81,21.53
106092,ALAO,2013,3,141.1,32.23,22.08
106092,ALAO,2013,4,136.5,32.9,21.01
106092,ALAO,2013,5,101.0,31.77,21.45
106092,ALAO,2013,6,95.2,30.6,20.24
106092,ALAO,2013,7,82.3,30.86,19.05
106092,ALAO,2013,8,100.8,31.41,19.58
106092,ALAO,2013,9,121.5,33.37,19.92
106092,ALAO,2013,10,126.0,33.09,21.21
106092,ALAO,2013,11,146.7,32.95,21.27
106092,ALAO,2013,12,178.2,33.31,21.45
106092,ALAO,2014,1,46.6,32.88,21.76
106092,ALAO,2014,2,65.3,32.6,21.67
106092,ALAO,2014,3,175.1,31.03,21.8
106092,ALAO,2014,4,199.0,30.72,21.17
106092,ALAO,2014,5,165.3,31.63,21.68
106092,ALAO,2014,6,94.4,31.54,20.84
106092,ALAO,2014,7,69.0,31.28,20.17
106092,ALAO,2014,8,57.6,32.0,19.9
106092,ALAO,2014,9,134.4,32.1,20.24
106092,ALAO,2014,10,289.1,31.83,20.52
106092,ALAO,2014,11,143.1,32.81,21.7
106092,ALAO,2014,12,67.8,32.43,21.93
106092,ALAO,2015,1,176.7,32.14,21.78
106092,ALAO,2015,2,151.7,31.41,21.67
106092,ALAO,2015,3,163.7,32.04,21.77
106092,ALAO,2015,4,282.3,30.59,21.41
106092,ALAO,2015,5,120.9,30.94,21.45
106092,ALAO,2015,6,72.7,31.2,20.31
106092,ALAO,2015,7,59.7,31.27,20.62
106092,ALAO,2015,8,87.1,33.35,20.29
106092,ALAO,2015,9,40.5,34.39,20.79
106092,ALAO,2015,10,103.4,33.96,21.64
106092,ALAO,2015,11,194.1,33.52,22.21
106092,ALAO,2015,12,120.0,32.58,21.83
106092,ALAO,2016,1,40.2,35.65,22.36
106092,ALAO,2016,2,226.4,32.35,22.62
106092,ALAO,2016,3,384.7,31.79,22.54
106092,ALAO,2016,4,162.4,32.36,22.01
106092,ALAO,2016,5,98.0,32.24,21.71
106092,ALAO,2016,6,74.5,31.54,20.47
106092,ALAO,2016,7,45.3,32.12,20.0
106092,ALAO,2016,8,49.3,34.05,19.67
106092,ALAO,2016,9,121.0,32.96,20.53
106092,ALAO,2016,10,190.3,33.27,21.52
106092,ALAO,2016,11,68.2,34.26,21.93
106092,ALAO,2016,12,46.3,33.78,21.81
106092,ALAO,2017,1,144.9,32.07,21.55
106092,ALAO,2017,2,221.4,32.48,21.81
106092,ALAO,2017,3,235.7,31.97,21.79
106092,ALAO,2017,4,55.6,32.51,21.75
106092,ALAO,2017,5,171.7,32.38,21.49
106092,ALAO,2017,6,74.8,32.11,21.17
106092,ALAO,2017,7,60.6,31.59,19.56
106092,ALAO,2017,8,67.1,33.64,20.3
106092,ALAO,2017,9,167.9,32.53,20.66
106092,ALAO,2017,10,167.0,33.0,21.02
106092,ALAO,2017,11,199.2,32.87,21.94
106092,ALAO,2017,12,97.9,33.25,21.58
106092,ALAO,2018,1,163.6,32.35,21.22
106092,ALAO,2018,2,176.1,32.82,21.55
106092,ALAO,2018,3,149.2,31.84,21.57
106092,ALAO,2018,4,233.4,31.5,21.62
106092,ALAO,2018,5,195.6,31.95,21.45
106092,ALAO,2018,6,37.5,31.65,20.22
106092,ALAO,2018,7,109.8,31.66,20.0
106092,ALAO,2018,8,93.4,31.96,19.8
106092,ALAO,2018,9,52.7,33.71,20.49
106092,ALAO,2018,10,140.2,32.53,21.94
106092,ALAO,2018,11,78.2,33.59,22.47
106092,ALAO,2018,12,124.9,32.72,21.73
106092,ALAO,2019,1,152.8,32.07,21.79
106092,ALAO,2019,2,221.0,32.04,21.96
106092,ALAO,2019,3,205.9,31.89,22.09
106092,ALAO,2019,4,303.3,32.06,21.64
106092,ALAO,2019,5,98.2,32.23,21.46
106092,ALAO,2019,6,93.8,32.11,20.71
106092,ALAO,2019,7,164.2,31.54,19.94
106092,ALAO,2019,8,34.7,32.05,19.37
106092,ALAO,2019,9,176.4,33.15,20.61
106092,ALAO,2019,10,264.4,31.8,21.08
106092,ALAO,2019,11,223.2,32.75,21.61
106092,ALAO,2019,12,141.4,32.92,22.09
106092,ALAO,2020,1,84.6,33.52,22.28
106092,ALAO,2020,2,56.0,33.83,22.38
106092,ALAO,2020,3,-999.0,-999.0,-999.0
106092,ALAO,2020,4,-999.0,-999.0,-999.0
106092,ALAO,2020,5,-999.0,-999.0,-999.0
106092,ALAO,2020,6,-999.0,-999.0,-999.0
106092,ALAO,2020,7,-999.0,-999.0,-999.0
106092,ALAO,2020,8,-999.0,-999.0,-999.0
106092,ALAO,2020,9,-999.0,-999.0,-999.0
106092,ALAO,2020,10,-999.0,-999.0,-999.0
106092,ALAO,2020,11,-999.0,-999.0,-999.0
106092,ALAO,2020,12,-999.0,-999.0,-999.0
106092,ALAO,2021,1,-999.0,-999.0,-999.0
106092,ALAO,2021,2,-999.0,-999.0,-999.0
106092,ALAO,2021,3,-999.0,-999.0,-999.0
106092,ALAO,2021,4,-999.0,-999.0,-999.0
106092,ALAO,2021,5,-999.0,-999.0,-999.0
106092,ALAO,2021,6,-999.0,-999.0,-999.0
106092,ALAO,2021,7,-999.0,-999.0,-999.0
106092,ALAO,2021,8,-999.0,-999.0,-999.0
106092,ALAO,2021,9,-999.0,-999.0,-999.0
106092,ALAO,2021,10,-999.0,-999.0,-999.0
106092,ALAO,2021,11,-999.0,-999.0,-999.0
106092,ALAO,2021,12,-999.0,-999.0,-999.0
106092,ALAO,2022,1,-999.0,-999.0,-999.0
106092,ALAO,2022,2,-999.0,-999.0,-999.0
106092,ALAO,2022,3,-999.0,-999.0,-999.0
106092,ALAO,2022,4,-999.0,-999.0,-999.0
106092,ALAO,2022,5,-999.0,-999.0,-999.0
106092,ALAO,2022,6,-999.0,-999.0,-999.0
106092,ALAO,2022,7,94.9,33.06,20.18
106092,ALAO,2022,8,71.5,33.05,19.25
106092,ALAO,2022,9,71.0,34.76,20.35
106092,ALAO,2022,10,179.8,34.29,21.48
106092,ALAO,2022,11,198.7,33.59,21.13
106092,ALAO,2022,12,54.8,34.54,21.15
106092,ALAO,2023,1,172.3,33.35,20.89
106092,ALAO,2023,2,171.6,32.71,21.65
106092,ALAO,2023,3,459.5,31.42,21.8
106092,ALAO,2023,4,263.4,31.46,21.62
106092,ALAO,2023,5,164.7,31.96,21.99
106092,ALAO,2023,6,40.0,31.73,20.68
106092,ALAO,2023,7,32.9,33.32,20.55
106092,ALAO,2023,8,64.8,34.63,20.45
106092,ALAO,2023,9,78.6,35.18,21.35
106092,ALAO,2023,10,102.6,35.08,22.25
106092,ALAO,2023,11,199.4,33.53,22.21
106092,ALAO,2023,12,213.7,33.15,22.42
106092,ALAO,2024,1,144.2,33.53,22.33
106092,ALAO,2024,2,131.5,33.06,22.86
106092,ALAO,2024,3,188.5,33.33,22.67
106092,ALAO,2024,4,129.1,33.44,22.53
106092,ALAO,2024,5,143.3,32.85,22.38
106092,ALAO,2024,6,23.2,33.88,21.04
106092,ALAO,2024,7,14.0,33.71,20.46
106092,ALAO,2024,8,31.0,35.29,20.49
106092,ALAO,2024,9,78.9,36.3,21.35
106092,ALAO,2024,10,340.6,35.34,22.27
106092,ALAO,2024,11,132.2,33.32,22.46
106092,ALAO,2024,12,140.1,34.03,22.4
106092,ALAO,2025,1,187.9,33.86,22.02
106092,ALAO,2025,2,124.3,31.91,22.11
106092,ALAO,2025,3,82.9,32.05,22.19
106092,ALAO,2025,4,184.1,32.52,21.86
106092,ALAO,2025,5,136.9,32.45,21.68
106092,ALAO,2025,6,66.8,31.97,21.06
106092,ALAO,2025,7,60.7,32.61,19.77
106092,ALAO,2025,8,70.2,33.99,20.27
106092,ALAO,2025,9,80.1,32.99,20.43
106092,ALAO,2025,10,215.9,33.03,21.61
106092,ALAO,2025,11,233.7,34.0,22.07
106092,ALAO,2025,12,44.0,35.1,22.18
