CODIGO,ESTACION,YEAR,MONTH,PP,TMAX,TMIN
106091,SAN PABLO,1990,1,-999.0,-999.0,-999.0
106091,SAN PABLO,1990,2,-999.0,-999.0,-999.0
106091,SAN PABLO,1990,3,-999.0,-999.0,-999.0
106091,SAN PABLO,1990,4,-999.0,-999.0,-999.0
106091,SAN PABLO,1990,5,-999.0,-999.0,-999.0
106091,SAN PABLO,1990,6,-999.0,-999.0,-999.0
106091,SAN PABLO,1990,7,-999.0,-999.0,-999.0
106091,SAN PABLO,1990,8,-999.0,-999.0,-999.0
106091,SAN PABLO,1990,9,-999.0,-999.0,-999.0
106091,SAN PABLO,1990,10,-999.0,-999.0,-999.0
106091,SAN PABLO,1990,11,-999.0,-999.0,-999.0
106091,SAN PABLO,1990,12,-999.0,-999.0,-999.0
106091,SAN PABLO,1991,1,-999.0,-999.0,-999.0
106091,SAN PABLO,1991,2,-999.0,-999.0,-999.0
106091,SAN PABLO,1991,3,-999.0,-999.0,-999.0
106091,SAN PABLO,1991,4,-999.0,-999.0,-999.0
106091,SAN PABLO,1991,5,-999.0,-999.0,-999.0
106091,SAN PABLO,1991,6,-999.0,-999.0,-999.0
106091,SAN PABLO,1991,7,-999.0,-999.0,-999.0
106091,SAN PABLO,1991,8,-999.0,-999.0,-999.0
106091,SAN PABLO,1991,9,-999.0,-999.0,-999.0
106091,SAN PABLO,1991,10,-999.0,-999.0,-999.0
106091,SAN PABLO,1991,11,-999.0,-999.0,-999.0
106091,SAN PABLO,1991,12,-999.0,-999.0,-999.0
106091,SAN PABLO,1992,1,-999.0,-999.0,-999.0
106091,SAN PABLO,1992,2,-999.0,-999.0,-999.0
106091,SAN PABLO,1992,3,-999.0,-999.0,-999.0
106091,SAN PABLO,1992,4,-999.0,-999.0,-999.0
106091,SAN PABLO,1992,5,-999.0,-999.0,-999.0
106091,SAN PABLO,1992,6,-999.0,-999.0,-999.0
106091,SAN PABLO,1992,7,-999.0,-999.0,-999.0
106091,SAN PABLO,1992,8,68.1,-999.0,-999.0
106091,SAN PABLO,1992,9,135.5,-999.0,-999.0
106091,SAN PABLO,1992,10,116.9,-999.0,-999.0
106091,SAN PABLO,1992,11,70.6,-999.0,-999.0
106091,SAN PABLO,1992,12,110.0,-999.0,-999.0
106091,SAN PABLO,1993,1,108.8,-999.0,-999.0
106091,SAN PABLO,1993,2,267.3,-999.0,-999.0
106091,SAN PABLO,1993,3,287.2,-999.0,-999.0
106091,SAN PABLO,1993,4,95.5,-999.0,-999.0
106091,SAN PABLO,1993,5,95.3,-999.0,-999.0
106091,SAN PABLO,1993,6,89.0,-999.0,-999.0
106091,SAN PABLO,1993,7,55.9,-999.0,-999.0
106091,SAN PABLO,1993,8,52.8,-999.0,-999.0
106091,SAN PABLO,1993,9,27.2,-999.0,-999.0
106091,SAN PABLO,1993,10,160.6,-999.0,-999.0
106091,SAN PABLO,1993,11,80.4,-999.0,-999.0
106091,SAN PABLO,1993,12,114.0,-999.0,-999.0
106091,SAN PABLO,1994,1,68.4,-999.0,-999.0
106091,SAN PABLO,1994,2,72.1,-999.0,-999.0
106091,SAN PABLO,1994,3,211.0,-999.0,-999.0
106091,SAN PABLO,1994,4,176.6,-999.0,-999.0
106091,SAN PABLO,1994,5,54.2,-999.0,-999.0
106091,SAN PABLO,1994,6,253.1,-999.0,-999.0
106091,SAN PABLO,1994,7,181.3,-999.0,-999.0
106091,SAN PABLO,1994,8,95.9,-999.0,-999.0
106091,SAN PABLO,1994,9,136.1,-999.0,-999.0
106091,SAN PABLO,1994,10,113.1,-999.0,-999.0
106091,SAN PABLO,1994,11,227.7,-999.0,-999.0
106091,SAN PABLO,1994,12,129.6,-999.0,-999.0
106091,SAN PABLO,1995,1,50.4,-999.0,-999.0
106091,SAN PABLO,1995,2,51.6,-999.0,-999.0
106091,SAN PABLO,1995,3,293.2,-999.0,-999.0
106091,SAN PABLO,1995,4,64.7,-999.0,-999.0
106091,SAN PABLO,1995,5,62.3,-999.0,-999.0
106091,SAN PABLO,1995,6,25.4,-999.0,-999.0
106091,SAN PABLO,1995,7,46.1,-999.0,-999.0
106091,SAN PABLO,1995,8,17.2,-999.0,-999.0
106091,SAN PABLO,1995,9,63.8,-999.0,-999.0
106091,SAN PABLO,1995,10,77.3,-999.0,-999.0
106091,SAN PABLO,1995,11,76.9,-999.0,-999.0
106091,SAN PABLO,1995,12,58.5,-999.0,-999.0
106091,SAN PABLO,1996,1,114.9,-999.0,-999.0
106091,SAN PABLO,1996,2,74.6,-999.0,-999.0
106091,SAN PABLO,1996,3,74.4,-999.0,-999.0
106091,SAN PABLO,1996,4,99.3,-999.0,-999.0
106091,SAN PABLO,1996,5,52.5,-999.0,-999.0
106091,SAN PABLO,1996,6,20.8,-999.0,-999.0
106091,SAN PABLO,1996,7,78.1,-999.0,-999.0
106091,SAN PABLO,1996,8,98.5,-999.0,-999.0
106091,SAN PABLO,1996,9,94.8,-999.0,-999.0
106091,SAN PABLO,1996,10,224.6,-999.0,-999.0
106091,SAN PABLO,1996,11,75.0,-999.0,-999.0
106091,SAN PABLO,1996,12,155.4,-999.0,-999.0
106091,SAN PABLO,1997,1,28.0,-999.0,-999.0
106091,SAN PABLO,1997,2,183.1,-999.0,-999.0
106091,SAN PABLO,1997,3,111.0,-999.0,-999.0
106091,SAN PABLO,1997,4,91.8,-999.0,-999.0
106091,SAN PABLO,1997,5,107.8,-999.0,-999.0
106091,SAN PABLO,1997,6,4.2,-999.0,-999.0
106091,SAN PABLO,1997,7,22.2,-999.0,-999.0
106091,SAN PABLO,1997,8,68.1,-999.0,-999.0
106091,SAN PABLO,1997,9,177.8,-999.0,-999.0
106091,SAN PABLO,1997,10,36.9,-999.0,-999.0
106091,SAN PABLO,1997,11,115.6,-999.0,-999.0
106091,SAN PABLO,1997,12,52.9,-999.0,-999.0
106091,SAN PABLO,1998,1,61.7,-999.0,-999.0
106091,SAN PABLO,1998,2,135.4,-999.0,-999.0
106091,SAN PABLO,1998,3,266.3,-999.0,-999.0
106091,SAN PABLO,1998,4,70.5,-999.0,-999.0
106091,SAN PABLO,1998,5,104.3,-999.0,-999.0
106091,SAN PABLO,1998,6,61.9,-999.0,-999.0
106091,SAN PABLO,1998,7,59.5,-999.0,-999.0
106091,SAN PABLO,1998,8,108.4,-999.0,-999.0
106091,SAN PABLO,1998,9,119.2,-999.0,-999.0
106091,SAN PABLO,1998,10,161.2,-999.0,-999.0
106091,SAN PABLO,1998,11,46.6,-999.0,-999.0
106091,SAN PABLO,1998,12,48.4,-999.0,-999.0
106091,SAN PABLO,1999,1,126.7,-999.0,-999.0
106091,SAN PABLO,1999,2,130.2,-999.0,-999.0
106091,SAN PABLO,1999,3,101.8,-999.0,-999.0
106091,SAN PABLO,1999,4,134.2,-999.0,-999.0
106091,SAN PABLO,1999,5,254.2,-999.0,-999.0
106091,SAN PABLO,1999,6,85.0,-999.0,-999.0
106091,SAN PABLO,1999,7,96.6,-999.0,-999.0
106091,SAN PABLO,1999,8,109.3,-999.0,-999.0
106091,SAN PABLO,1999,9,54.2,-999.0,-999.0
106091,SAN PABLO,1999,10,82.2,-999.0,-999.0
106091,SAN PABLO,1999,11,153.6,-999.0,-999.0
106091,SAN PABLO,1999,12,47.9,-999.0,-999.0
106091,SAN PABLO,2000,1,41.7,-999.0,-999.0
106091,SAN PABLO,2000,2,207.2,-999.0,-999.0
106091,SAN PABLO,2000,3,122.6,-999.0,-999.0
106091,SAN PABLO,2000,4,124.5,-999.0,-999.0
106091,SAN PABLO,2000,5,21.5,-999.0,-999.0
106091,SAN PABLO,2000,6,70.2,-999.0,-999.0
106091,SAN PABLO,2000,7,118.3,-999.0,-999.0
106091,SAN PABLO,2000,8,58.1,-999.0,-999.0
106091,SAN PABLO,2000,9,125.2,-999.0,-999.0
106091,SAN PABLO,2000,10,111.0,-999.0,-999.0
106091,SAN PABLO,2000,11,42.7,-999.0,-999.0
106091,SAN PABLO,2000,12,137.1,-999.0,-999.0
106091,SAN PABLO,2001,1,79.4,-999.0,-999.0
106091,SAN PABLO,2001,2,113.0,-999.0,-999.0
106091,SAN PABLO,2001,3,225.3,-999.0,-999.0
106091,SAN PABLO,2001,4,203.1,-999.0,-999.0
106091,SAN PABLO,2001,5,44.8,-999.0,-999.0
106091,SAN PABLO,2001,6,17.8,-999.0,-999.0
106091,SAN PABLO,2001,7,74.8,-999.0,-999.0
106091,SAN PABLO,2001,8,73.2,-999.0,-999.0
106091,SAN PABLO,2001,9,57.4,-999.0,-999.0
106091,SAN PABLO,2001,10,183.9,-999.0,-999.0
106091,SAN PABLO,2001,11,162.1,-999.0,-999.0
106091,SAN PABLO,2001,12,147.0,-999.0,-999.0
106091,SAN PABLO,2002,1,18.7,-999.0,-999.0
106091,SAN PABLO,2002,2,27.6,-999.0,-999.0
106091,SAN PABLO,2002,3,61.9,-999.0,-999.0
106091,SAN PABLO,2002,4,104.9,-999.0,-999.0
106091,SAN PABLO,2002,5,65.9,-999.0,-999.0
106091,SAN PABLO,2002,6,82.4,-999.0,-999.0
106091,SAN PABLO,2002,7,118.9,-999.0,-999.0
106091,SAN PABLO,2002,8,61.9,-999.0,-999.0
106091,SAN PABLO,2002,9,74.5,-999.0,-999.0
106091,SAN PABLO,2002,10,80.7,-999.0,-999.0
106091,SAN PABLO,2002,11,65.8,-999.0,-999.0
106091,SAN PABLO,2002,12,48.3,-999.0,-999.0
106091,SAN PABLO,2003,1,85.1,-999.0,-999.0
106091,SAN PABLO,2003,2,109.1,-999.0,-999.0
106091,SAN PABLO,2003,3,115.7,-999.0,-999.0
106091,SAN PABLO,2003,4,131.3,-999.0,-999.0
106091,SAN PABLO,2003,5,75.6,-999.0,-999.0
106091,SAN PABLO,2003,6,136.1,-999.0,-999.0
106091,SAN PABLO,2003,7,36.2,-999.0,-999.0
106091,SAN PABLO,2003,8,94.5,-999.0,-999.0
106091,SAN PABLO,2003,9,87.7,33.02,19.17
106091,SAN PABLO,2003,10,131.5,33.87,20.54
106091,SAN PABLO,2003,11,145.7,33.32,21.66
106091,SAN PABLO,2003,12,235.7,31.88,22.36
106091,SAN PABLO,2004,1,46.1,34.05,22.49
106091,SAN PABLO,2004,2,65.2,32.27,22.08
106091,SAN PABLO,2004,3,71.2,31.59,22.18
106091,SAN PABLO,2004,4,81.6,32.85,22.25
106091,SAN PABLO,2004,5,37.2,32.55,21.85
106091,SAN PABLO,2004,6,94.1,30.71,20.35
106091,SAN PABLO,2004,7,57.6,30.74,20.19
106091,SAN PABLO,2004,8,80.6,31.65,19.63
106091,SAN PABLO,2004,9,42.7,31.8,19.94
106091,SAN PABLO,2004,10,213.7,32.89,21.93
106091,SAN PABLO,2004,11,153.9,32.72,22.47
106091,SAN PABLO,2004,12,95.9,32.49,22.55
106091,SAN PABLO,2005,1,49.4,33.51,22.05
106091,SAN PABLO,2005,2,85.9,32.27,22.27
106091,SAN PABLO,2005,3,89.2,32.84,22.46
106091,SAN PABLO,2005,4,201.9,31.42,22.28
106091,SAN PABLO,2005,5,38.3,31.92,21.79
106091,SAN PABLO,2005,6,48.9,32.22,20.76
106091,SAN PABLO,2005,7,36.0,31.84,19.09
106091,SAN PABLO,2005,8,37.5,33.31,19.54
106091,SAN PABLO,2005,9,24.0,34.09,20.63
106091,SAN PABLO,2005,10,113.3,32.8,22.08
106091,SAN PABLO,2005,11,244.9,32.32,21.89
106091,SAN PABLO,2005,12,161.1,32.3,22.04
106091,SAN PABLO,2006,1,70.5,32.11,22.04
106091,SAN PABLO,2006,2,106.0,31.93,21.87
106091,SAN PABLO,2006,3,186.6,31.89,21.93
106091,SAN PABLO,2006,4,111.9,31.5,21.69
106091,SAN PABLO,2006,5,34.7,31.52,19.97
106091,SAN PABLO,2006,6,121.0,31.87,20.56
106091,SAN PABLO,2006,7,66.1,32.15,19.23
106091,SAN PABLO,2006,8,41.5,32.86,19.97
106091,SAN PABLO,2006,9,130.3,33.57,20.25
106091,SAN PABLO,2006,10,128.8,33.64,22.35
106091,SAN PABLO,2006,11,101.2,33.14,22.58
106091,SAN PABLO,2006,12,47.7,33.27,22.47
106091,SAN PABLO,2007,1,28.9,33.86,22.23
106091,SAN PABLO,2007,2,20.8,34.28,22.0
106091,SAN PABLO,2007,3,283.1,31.85,21.86
106091,SAN PABLO,2007,4,74.0,31.61,22.14
106091,SAN PABLO,2007,5,186.9,31.28,20.88
106091,SAN PABLO,2007,6,29.5,32.16,20.56
106091,SAN PABLO,2007,7,28.1,32.17,19.33
106091,SAN PABLO,2007,8,51.7,33.3,19.75
106091,SAN PABLO,2007,9,93.6,32.81,20.16
106091,SAN PABLO,2007,10,185.5,32.78,21.31
106091,SAN PABLO,2007,11,151.6,32.36,22.07
106091,SAN PABLO,2007,12,64.2,33.1,22.36
106091,SAN PABLO,2008,1,86.4,32.52,21.91
106091,SAN PABLO,2008,2,79.8,32.38,21.66
106091,SAN PABLO,2008,3,142.4,31.27,21.81
106091,SAN PABLO,2008,4,101.1,31.92,21.67
106091,SAN PABLO,2008,5,62.0,31.3,21.03
106091,SAN PABLO,2008,6,27.2,31.71,20.72
106091,SAN PABLO,2008,7,32.3,32.44,19.75
106091,SAN PABLO,2008,8,91.7,33.65,20.36
106091,SAN PABLO,2008,9,106.8,32.87,20.49
106091,SAN PABLO,2008,10,113.1,32.72,21.55
106091,SAN PABLO,2008,11,96.8,32.89,22.01
106091,SAN PABLO,2008,12,172.1,33.59,21.95
106091,SAN PABLO,2009,1,159.4,31.57,21.8
106091,SAN PABLO,2009,2,81.4,32.23,21.58
106091,SAN PABLO,2009,3,164.9,31.3,21.74
106091,SAN PABLO,2009,4,299.2,30.95,21.72
106091,SAN PABLO,2009,5,130.6,31.66,21.52
106091,SAN PABLO,2009,6,82.6,31.17,19.91
106091,SAN PABLO,2009,7,32.7,32.7,20.48
106091,SAN PABLO,2009,8,37.9,33.39,20.32
106091,SAN PABLO,2009,9,139.2,32.95,20.8
106091,SAN PABLO,2009,10,104.8,33.99,22.07
106091,SAN PABLO,2009,11,84.7,34.47,22.7
106091,SAN PABLO,2009,12,40.7,34.71,22.31
106091,SAN PABLO,2010,1,23.3,34.58,21.37
106091,SAN PABLO,2010,2,110.7,33.77,22.61
106091,SAN PABLO,2010,3,112.3,33.43,22.54
106091,SAN PABLO,2010,4,94.5,32.51,22.99
106091,SAN PABLO,2010,5,46.8,32.52,22.05
106091,SAN PABLO,2010,6,50.6,32.58,20.52
106091,SAN PABLO,2010,7,33.5,32.41,19.83
106091,SAN PABLO,2010,8,41.1,33.83,19.32
106091,SAN PABLO,2010,9,140.4,34.13,21.1
106091,SAN PABLO,2010,10,57.8,34.29,21.81
106091,SAN PABLO,2010,11,157.5,33.15,21.73
106091,SAN PABLO,2010,12,103.3,32.8,21.84
106091,SAN PABLO,2011,1,57.4,34.09,21.9
106091,SAN PABLO,2011,2,36.0,32.77,21.49
106091,SAN PABLO,2011,3,184.8,31.5,21.96
106091,SAN PABLO,2011,4,162.1,31.93,21.56
106091,SAN PABLO,2011,5,159.7,31.39,21.65
106091,SAN PABLO,2011,6,85.9,31.14,21.11
106091,SAN PABLO,2011,7,42.5,31.72,20.33
106091,SAN PABLO,2011,8,24.1,33.92,19.88
106091,SAN PABLO,2011,9,225.4,33.62,21.19
106091,SAN PABLO,2011,10,76.4,32.95,22.36
106091,SAN PABLO,2011,11,138.4,33.59,21.87
106091,SAN PABLO,2011,12,156.3,32.23,22.49
106091,SAN PABLO,2012,1,134.5,33.68,21.54
106091,SAN PABLO,2012,2,100.8,32.31,21.3
106091,SAN PABLO,2012,3,184.6,32.14,21.38
106091,SAN PABLO,2012,4,175.9,31.49,21.62
106091,SAN PABLO,2012,5,33.7,32.49,-999.0
106091,SAN PABLO,2012,6,92.0,32.03,-999.0
106091,SAN PABLO,2012,7,23.5,32.54,-999.0
106091,SAN PABLO,2012,8,26.6,34.34,-999.0
106091,SAN PABLO,2012,9,14.0,35.08,-999.0
106091,SAN PABLO,2012,10,179.7,34.41,-999.0
106091,SAN PABLO,2012,11,155.6,34.91,-999.0
106091,SAN PABLO,2012,12,176.8,33.42,-999.0
106091,SAN PABLO,2013,1,165.0,33.55,-999.0
106091,SAN PABLO,2013,2,168.1,33.24,-999.0
106091,SAN PABLO,2013,3,274.6,32.88,-999.0
106091,SAN PABLO,2013,4,126.6,33.94,-999.0
106091,SAN PABLO,2013,5,111.1,33.25,-999.0
106091,SAN PABLO,2013,6,100.5,32.6,-999.0
106091,SAN PABLO,2013,7,26.6,33.15,-999.0
106091,SAN PABLO,2013,8,176.0,33.14,-999.0
106091,SAN PABLO,2013,9,144.8,34.79,-999.0
106091,SAN PABLO,2013,10,157.6,34.15,-999.0
106091,SAN PABLO,2013,11,100.4,33.65,-999.0
106091,SAN PABLO,2013,12,70.0,34.17,-999.0
106091,SAN PABLO,2014,1,58.9,33.65,-999.0
106091,SAN PABLO,2014,2,141.1,33.0,-999.0
106091,SAN PABLO,2014,3,151.1,31.63,-999.0
106091,SAN PABLO,2014,4,168.0,31.63,-999.0
106091,SAN PABLO,2014,5,16.4,32.88,-999.0
106091,SAN PABLO,2014,6,14.7,32.56,-999.0
106091,SAN PABLO,2014,7,81.9,32.56,-999.0
106091,SAN PABLO,2014,8,58.2,33.09,-999.0
106091,SAN PABLO,2014,9,132.6,33.17,-999.0
106091,SAN PABLO,2014,10,188.0,32.46,-999.0
106091,SAN PABLO,2014,11,125.8,33.89,-999.0
106091,SAN PABLO,2014,12,46.3,33.94,-999.0
106091,SAN PABLO,2015,1,142.4,32.57,-999.0
106091,SAN PABLO,2015,2,162.1,32.31,-999.0
106091,SAN PABLO,2015,3,118.5,32.46,-999.0
106091,SAN PABLO,2015,4,232.8,31.89,-999.0
106091,SAN PABLO,2015,5,126.4,31.78,-999.0
106091,SAN PABLO,2015,6,62.7,32.29,-999.0
106091,SAN PABLO,2015,7,58.0,32.45,-999.0
106091,SAN PABLO,2015,8,37.5,34.47,-999.0
106091,SAN PABLO,2015,9,27.7,35.51,-999.0
106091,SAN PABLO,2015,10,188.7,34.96,-999.0
106091,SAN PABLO,2015,11,169.9,34.87,-999.0
106091,SAN PABLO,2015,12,78.6,33.74,-999.0
106091,SAN PABLO,2016,1,36.0,36.96,-999.0
106091,SAN PABLO,2016,2,162.8,32.97,-999.0
106091,SAN PABLO,2016,3,190.2,32.7,-999.0
106091,SAN PABLO,2016,4,109.4,33.12,-999.0
106091,SAN PABLO,2016,5,103.7,32.87,-999.0
106091,SAN PABLO,2016,6,26.8,32.77,-999.0
106091,SAN PABLO,2016,7,24.4,33.64,-999.0
106091,SAN PABLO,2016,8,40.2,34.54,-999.0
106091,SAN PABLO,2016,9,155.4,34.43,-999.0
106091,SAN PABLO,2016,10,112.7,34.14,-999.0
106091,SAN PABLO,2016,11,63.9,35.73,-999.0
106091,SAN PABLO,2016,12,18.6,35.24,-999.0
106091,SAN PABLO,2017,1,94.3,33.06,-999.0
106091,SAN PABLO,2017,2,207.9,-999.0,-999.0
106091,SAN PABLO,2017,3,172.9,-999.0,-999.0
106091,SAN PABLO,2017,4,60.0,-999.0,-999.0
106091,SAN PABLO,2017,5,230.3,-999.0,-999.0
106091,SAN PABLO,2017,6,29.6,-999.0,-999.0
106091,SAN PABLO,2017,7,51.2,-999.0,-999.0
106091,SAN PABLO,2017,8,83.0,-999.0,-999.0
106091,SAN PABLO,2017,9,153.9,-999.0,-999.0
106091,SAN PABLO,2017,10,98.1,-999.0,-999.0
106091,SAN PABLO,2017,11,147.7,-999.0,-999.0
106091,SAN PABLO,2017,12,64.4,-999.0,-999.0
106091,SAN PABLO,2018,1,342.5,-999.0,-999.0
106091,SAN PABLO,2018,2,156.7,-999.0,-999.0
106091,SAN PABLO,2018,3,127.7,-999.0,-999.0
106091,SAN PABLO,2018,4,206.6,-999.0,-999.0
106091,SAN PABLO,2018,5,81.2,-999.0,-999.0
106091,SAN PABLO,2018,6,35.5,-999.0,-999.0
106091,SAN PABLO,2018,7,47.1,-999.0,-999.0
106091,SAN PABLO,2018,8,80.8,-999.0,-999.0
106091,SAN PABLO,2018,9,113.4,-999.0,-999.0
106091,SAN PABLO,2018,10,143.5,-999.0,-999.0
106091,SAN PABLO,2018,11,126.6,-999.0,-999.0
106091,SAN PABLO,2018,12,143.0,-999.0,-999.0
106091,SAN PABLO,2019,1,62.3,-999.0,-999.0
106091,SAN PABLO,2019,2,118.2,-999.0,-999.0
106091,SAN PABLO,2019,3,167.4,-999.0,-999.0
106091,SAN PABLO,2019,4,155.8,-999.0,-999.0
106091,SAN PABLO,2019,5,51.4,-999.0,-999.0
106091,SAN PABLO,2019,6,47.8,-999.0,-999.0
106091,SAN PABLO,2019,7,89.6,-999.0,-999.0
106091,SAN PABLO,2019,8,35.7,-999.0,-999.0
106091,SAN PABLO,2019,9,169.8,-999.0,-999.0
106091,SAN PABLO,2019,10,138.5,-999.0,-999.0
106091,SAN PABLO,2019,11,204.9,-999.0,-999.0
106091,SAN PABLO,2019,12,109.0,-999.0,-999.0
106091,SAN PABLO,2020,1,57.1,-999.0,-999.0
106091,SAN PABLO,2020,2,36.4,-999.0,-999.0
106091,SAN PABLO,2020,3,-999.0,-999.0,-999.0
106091,SAN PABLO,2020,4,-999.0,-999.0,-999.0
106091,SAN PABLO,2020,5,-999.0,-999.0,-999.0
106091,SAN PABLO,2020,6,-999.0,-999.0,-999.0
106091,SAN PABLO,2020,7,-999.0,-999.0,-999.0
106091,SAN PABLO,2020,8,-999.0,-999.0,-999.0
106091,SAN PABLO,2020,9,-999.0,-999.0,-999.0
106091,SAN PABLO,2020,10,-999.0,-999.0,-999.0
106091,SAN PABLO,2020,11,-999.0,-999.0,-999.0
106091,SAN PABLO,2020,12,-999.0,-999.0,-999.0
106091,SAN PABLO,2021,1,-999.0,-999.0,-999.0
106091,SAN PABLO,2021,2,-999.0,-999.0,-999.0
106091,SAN PABLO,2021,3,225.4,33.17,-999.0
106091,SAN PABLO,2021,4,89.2,32.92,-999.0
106091,SAN PABLO,2021,5,51.2,33.72,-999.0
106091,SAN PABLO,2021,6,75.7,33.47,-999.0
106091,SAN PABLO,2021,7,88.7,33.86,-999.0
106091,SAN PABLO,2021,8,53.4,34.68,-999.0
106091,SAN PABLO,2021,9,102.2,34.8,-999.0
106091,SAN PABLO,2021,10,160.8,35.46,-999.0
106091,SAN PABLO,2021,11,90.6,34.56,-999.0
106091,SAN PABLO,2021,12,183.4,34.95,-999.0
106091,SAN PABLO,2022,1,72.0,35.38,-999.0
106091,SAN PABLO,2022,2,134.2,33.13,-999.0
106091,SAN PABLO,2022,3,129.2,33.11,-999.0
106091,SAN PABLO,2022,4,67.9,33.22,-999.0
106091,SAN PABLO,2022,5,97.8,33.88,-999.0
106091,SAN PABLO,2022,6,68.0,33.26,-999.0
106091,SAN PABLO,2022,7,121.0,34.92,-999.0
106091,SAN PABLO,2022,8,87.5,34.67,-999.0
106091,SAN PABLO,2022,9,-999.0,-999.0,-999.0
106091,SAN PABLO,2022,10,78.1,34.22,-999.0
106091,SAN PABLO,2022,11,59.4,34.36,-999.0
106091,SAN PABLO,2022,12,67.4,33.83,-999.0
106091,SAN PABLO,2023,1,85.5,33.88,-999.0
106091,SAN PABLO,2023,2,92.3,33.56,-999.0
106091,SAN PABLO,2023,3,323.2,32.41,-999.0
106091,SAN PABLO,2023,4,164.0,33.02,-999.0
106091,SAN PABLO,2023,5,54.2,33.78,-999.0
106091,SAN PABLO,2023,6,20.3,34.88,-999.0
106091,SAN PABLO,2023,7,16.6,35.42,-999.0
106091,SAN PABLO,2023,8,67.4,35.62,-999.0
106091,SAN PABLO,2023,9,31.0,35.51,-999.0
106091,SAN PABLO,2023,10,15.2,35.23,-999.0
106091,SAN PABLO,2023,11,88.2,34.49,-999.0
106091,SAN PABLO,2023,12,121.3,34.74,-999.0
106091,SAN PABLO,2024,1,84.6,35.14,-999.0
106091,SAN PABLO,2024,2,93.2,35.03,-999.0
106091,SAN PABLO,2024,3,82.0,34.3,-999.0
106091,SAN PABLO,2024,4,52.1,34.54,-999.0
106091,SAN PABLO,2024,5,107.6,34.18,-999.0
106091,SAN PABLO,2024,6,26.0,35.09,-999.0
106091,SAN PABLO,2024,7,14.4,35.21,-999.0
106091,SAN PABLO,2024,8,27.4,35.93,-999.0
106091,SAN PABLO,2024,9,11.6,36.0,-999.0
106091,SAN PABLO,2024,10,213.2,35.7,-999.0
106091,SAN PABLO,2024,11,138.8,35.14,-999.0
106091,SAN PABLO,2024,12,18.6,35.43,-999.0
106091,SAN PABLO,2025,1,82.3,35.39,-999.0
106091,SAN PABLO,2025,2,228.2,34.89,-999.0
106091,SAN PABLO,2025,3,34.4,35.07,19.44
106091,SAN PABLO,2025,4,88.5,34.45,20.97
106091,SAN PABLO,2025,5,76.0,35.34,21.15
106091,SAN PABLO,2025,6,44.3,35.11,20.88
106091,SAN PABLO,2025,7,75.7,34.54,19.91
106091,SAN PABLO,2025,8,22.2,34.94,20.55
106091,SAN PABLO,2025,9,150.5,34.33,20.95
106091,SAN PABLO,2025,10,199.2,34.85,21.19
106091,SAN PABLO,2025,11,187.7,35.51,21.21
106091,SAN PABLO,2025,12,0.6,36.39,21.54
