CODIGO,ESTACION,YEAR,MONTH,PP,TMAX,TMIN
106094,CUÑUMBUQUE,1990,1,115.0,-999.0,-999.0
106094,CUÑUMBUQUE,1990,2,134.0,-999.0,-999.0
106094,CUÑUMBUQUE,1990,3,174.0,-999.0,-999.0
106094,CUÑUMBUQUE,1990,4,151.0,-999.0,-999.0
106094,CUÑUMBUQUE,1990,5,70.5,-999.0,-999.0
106094,CUÑUMBUQUE,1990,6,139.0,-999.0,-999.0
106094,CUÑUMBUQUE,1990,7,124.0,-999.0,-999.0
106094,CUÑUMBUQUE,1990,8,38.5,-999.0,-999.0
106094,CUÑUMBUQUE,1990,9,60.5,-999.0,-999.0
106094,CUÑUMBUQUE,1990,10,169.5,-999.0,-999.0
106094,CUÑUMBUQUE,1990,11,117.0,-999.0,-999.0
106094,CUÑUMBUQUE,1990,12,53.0,-999.0,-999.0
106094,CUÑUMBUQUE,1991,1,28.0,-999.0,-999.0
106094,CUÑUMBUQUE,1991,2,135.5,-999.0,-999.0
106094,CUÑUMBUQUE,1991,3,87.0,-999.0,-999.0
106094,CUÑUMBUQUE,1991,4,67.5,-999.0,-999.0
106094,CUÑUMBUQUE,1991,5,69.0,-999.0,-999.0
106094,CUÑUMBUQUE,1991,6,52.0,-999.0,-999.0
106094,CUÑUMBUQUE,1991,7,18.0,-999.0,-999.0
106094,CUÑUMBUQUE,1991,8,26.5,-999.0,-999.0
106094,CUÑUMBUQUE,1991,9,136.0,-999.0,-999.0
106094,CUÑUMBUQUE,1991,10,66.0,-999.0,-999.0
106094,CUÑUMBUQUE,1991,11,108.0,-999.0,-999.0
106094,CUÑUMBUQUE,1991,12,32.0,-999.0,-999.0
106094,CUÑUMBUQUE,1992,1,34.5,-999.0,-999.0
106094,CUÑUMBUQUE,1992,2,83.0,-999.0,-999.0
106094,CUÑUMBUQUE,1992,3,166.5,-999.0,-999.0
106094,CUÑUMBUQUE,1992,4,61.5,-999.0,-999.0
106094,CUÑUMBUQUE,1992,5,8.0,-999.0,-999.0
106094,CUÑUMBUQUE,1992,6,43.0,-999.0,-999.0
106094,CUÑUMBUQUE,1992,7,64.0,-999.0,-999.0
106094,CUÑUMBUQUE,1992,8,114.0,-999.0,-999.0
106094,CUÑUMBUQUE,1992,9,105.0,-999.0,-999.0
106094,CUÑUMBUQUE,1992,10,155.0,-999.0,-999.0
106094,CUÑUMBUQUE,1992,11,43.0,-999.0,-999.0
106094,CUÑUMBUQUE,1992,12,73.5,-999.0,-999.0
106094,CUÑUMBUQUE,1993,1,118.0,-999.0,-999.0
106094,CUÑUMBUQUE,1993,2,217.5,-999.0,-999.0
106094,CUÑUMBUQUE,1993,3,257.5,-999.0,-999.0
106094,CUÑUMBUQUE,1993,4,47.3,-999.0,-999.0
106094,CUÑUMBUQUE,1993,5,111.1,-999.0,-999.0
106094,CUÑUMBUQUE,1993,6,127.4,-999.0,-999.0
106094,CUÑUMBUQUE,1993,7,86.0,-999.0,-999.0
106094,CUÑUMBUQUE,1993,8,41.9,-999.0,-999.0
106094,CUÑUMBUQUE,1993,9,20.7,-999.0,-999.0
106094,CUÑUMBUQUE,1993,10,26.5,-999.0,-999.0
106094,CUÑUMBUQUE,1993,11,65.6,-999.0,-999.0
106094,CUÑUMBUQUE,1993,12,28.1,-999.0,-999.0
106094,CUÑUMBUQUE,1994,1,66.8,-999.0,-999.0
106094,CUÑUMBUQUE,1994,2,45.8,-999.0,-999.0
106094,CUÑUMBUQUE,1994,3,174.8,-999.0,-999.0
106094,CUÑUMBUQUE,1994,4,140.9,-999.0,-999.0
106094,CUÑUMBUQUE,1994,5,21.5,-999.0,-999.0
106094,CUÑUMBUQUE,1994,6,199.8,-999.0,-999.0
106094,CUÑUMBUQUE,1994,7,93.5,-999.0,-999.0
106094,CUÑUMBUQUE,1994,8,45.3,-999.0,-999.0
106094,CUÑUMBUQUE,1994,9,121.1,-999.0,-999.0
106094,CUÑUMBUQUE,1994,10,86.0,-999.0,-999.0
106094,CUÑUMBUQUE,1994,11,113.5,-999.0,-999.0
106094,CUÑUMBUQUE,1994,12,133.0,-999.0,-999.0
106094,CUÑUMBUQUE,1995,1,43.0,-999.0,-999.0
106094,CUÑUMBUQUE,1995,2,54.0,-999.0,-999.0
106094,CUÑUMBUQUE,1995,3,176.3,-999.0,-999.0
106094,CUÑUMBUQUE,1995,4,78.5,-999.0,-999.0
106094,CUÑUMBUQUE,1995,5,59.1,-999.0,-999.0
106094,CUÑUMBUQUE,1995,6,40.5,-999.0,-999.0
106094,CUÑUMBUQUE,1995,7,46.1,-999.0,-999.0
106094,CUÑUMBUQUE,1995,8,72.2,-999.0,-999.0
106094,CUÑUMBUQUE,1995,9,106.5,-999.0,-999.0
106094,CUÑUMBUQUE,1995,10,72.3,-999.0,-999.0
106094,CUÑUMBUQUE,1995,11,125.9,-999.0,-999.0
106094,CUÑUMBUQUE,1995,12,159.8,-999.0,-999.0
106094,CUÑUMBUQUE,1996,1,171.9,-999.0,-999.0
106094,CUÑUMBUQUE,1996,2,56.6,-999.0,-999.0
106094,CUÑUMBUQUE,1996,3,127.9,-999.0,-999.0
106094,CUÑUMBUQUE,1996,4,78.4,-999.0,-999.0
106094,CUÑUMBUQUE,1996,5,35.0,-999.0,-999.0
106094,CUÑUMBUQUE,1996,6,44.4,-999.0,-999.0
106094,CUÑUMBUQUE,1996,7,49.3,-999.0,-999.0
106094,CUÑUMBUQUE,1996,8,46.9,-999.0,-999.0
106094,CUÑUMBUQUE,1996,9,48.5,-999.0,-999.0
106094,CUÑUMBUQUE,1996,10,47.0,-999.0,-999.0
106094,CUÑUMBUQUE,1996,11,96.3,-999.0,-999.0
106094,CUÑUMBUQUE,1996,12,122.5,-999.0,-999.0
106094,CUÑUMBUQUE,1997,1,77.2,-999.0,-999.0
106094,CUÑUMBUQUE,1997,2,176.8,-999.0,-999.0
106094,CUÑUMBUQUE,1997,3,85.2,-999.0,-999.0
106094,CUÑUMBUQUE,1997,4,53.1,-999.0,-999.0
106094,CUÑUMBUQUE,1997,5,183.1,-999.0,-999.0
106094,CUÑUMBUQUE,1997,6,8.4,-999.0,-999.0
106094,CUÑUMBUQUE,1997,7,18.8,-999.0,-999.0
106094,CUÑUMBUQUE,1997,8,71.0,-999.0,-999.0
106094,CUÑUMBUQUE,1997,9,176.4,-999.0,-999.0
106094,CUÑUMBUQUE,1997,10,37.4,-999.0,-999.0
106094,CUÑUMBUQUE,1997,11,39.7,-999.0,-999.0
106094,CUÑUMBUQUE,1997,12,95.3,-999.0,-999.0
106094,CUÑUMBUQUE,1998,1,70.5,-999.0,-999.0
106094,CUÑUMBUQUE,1998,2,51.1,-999.0,-999.0
106094,CUÑUMBUQUE,1998,3,99.3,-999.0,-999.0
106094,CUÑUMBUQUE,1998,4,95.1,-999.0,-999.0
106094,CUÑUMBUQUE,1998,5,64.7,-999.0,-999.0
106094,CUÑUMBUQUE,1998,6,109.9,-999.0,-999.0
106094,CUÑUMBUQUE,1998,7,14.4,-999.0,-999.0
106094,CUÑUMBUQUE,1998,8,21.5,-999.0,-999.0
106094,CUÑUMBUQUE,1998,9,88.8,-999.0,-999.0
106094,CUÑUMBUQUE,1998,10,103.1,-999.0,-999.0
106094,CUÑUMBUQUE,1998,11,79.7,-999.0,-999.0
106094,CUÑUMBUQUE,1998,12,47.6,-999.0,-999.0
106094,CUÑUMBUQUE,1999,1,108.9,-999.0,-999.0
106094,CUÑUMBUQUE,1999,2,112.1,-999.0,-999.0
106094,CUÑUMBUQUE,1999,3,136.1,-999.0,-999.0
106094,CUÑUMBUQUE,1999,4,61.2,-999.0,-999.0
106094,CUÑUMBUQUE,1999,5,203.5,-999.0,-999.0
106094,CUÑUMBUQUE,1999,6,36.5,-999.0,-999.0
106094,CUÑUMBUQUE,1999,7,39.9,-999.0,-999.0
106094,CUÑUMBUQUE,1999,8,41.6,-999.0,-999.0
106094,CUÑUMBUQUE,1999,9,71.7,-999.0,-999.0
106094,CUÑUMBUQUE,1999,10,28.5,-999.0,-999.0
106094,CUÑUMBUQUE,1999,11,82.5,-999.0,-999.0
106094,CUÑUMBUQUE,1999,12,33.6,-999.0,-999.0
106094,CUÑUMBUQUE,2000,1,61.5,-999.0,-999.0
106094,CUÑUMBUQUE,2000,2,127.6,-999.0,-999.0
106094,CUÑUMBUQUE,2000,3,94.3,-999.0,-999.0
106094,CUÑUMBUQUE,2000,4,174.4,-999.0,-999.0
106094,CUÑUMBUQUE,2000,5,29.5,-999.0,-999.0
106094,CUÑUMBUQUE,2000,6,55.8,-999.0,-999.0
106094,CUÑUMBUQUE,2000,7,39.1,-999.0,-999.0
106094,CUÑUMBUQUE,2000,8,84.7,-999.0,-999.0
106094,CUÑUMBUQUE,2000,9,116.0,-999.0,-999.0
106094,CUÑUMBUQUE,2000,10,35.9,-999.0,-999.0
106094,CUÑUMBUQUE,2000,11,61.8,-999.0,-999.0
106094,CUÑUMBUQUE,2000,12,121.8,-999.0,-999.0
106094,CUÑUMBUQUE,2001,1,53.1,-999.0,-999.0
106094,CUÑUMBUQUE,2001,2,105.1,-999.0,-999.0
106094,CUÑUMBUQUE,2001,3,194.9,-999.0,-999.0
106094,CUÑUMBUQUE,2001,4,248.1,-999.0,-999.0
106094,CUÑUMBUQUE,2001,5,136.5,-999.0,-999.0
106094,CUÑUMBUQUE,2001,6,30.8,-999.0,-999.0
106094,CUÑUMBUQUE,2001,7,175.1,-999.0,-999.0
106094,CUÑUMBUQUE,2001,8,112.8,-999.0,-999.0
106094,CUÑUMBUQUE,2001,9,76.2,-999.0,-999.0
106094,CUÑUMBUQUE,2001,10,90.3,-999.0,-999.0
106094,CUÑUMBUQUE,2001,11,110.1,-999.0,-999.0
106094,CUÑUMBUQUE,2001,12,193.3,-999.0,-999.0
106094,CUÑUMBUQUE,2002,1,23.5,-999.0,-999.0
106094,CUÑUMBUQUE,2002,2,30.9,-999.0,-999.0
106094,CUÑUMBUQUE,2002,3,57.4,-999.0,-999.0
106094,CUÑUMBUQUE,2002,4,146.0,-999.0,-999.0
106094,CUÑUMBUQUE,2002,5,58.6,-999.0,-999.0
106094,CUÑUMBUQUE,2002,6,32.3,-999.0,-999.0
106094,CUÑUMBUQUE,2002,7,125.4,-999.0,-999.0
106094,CUÑUMBUQUE,2002,8,85.8,-999.0,-999.0
106094,CUÑUMBUQUE,2002,9,35.2,-999.0,-999.0
106094,CUÑUMBUQUE,2002,10,117.5,-999.0,-999.0
106094,CUÑUMBUQUE,2002,11,54.7,-999.0,-999.0
106094,CUÑUMBUQUE,2002,12,45.3,-999.0,-999.0
106094,CUÑUMBUQUE,2003,1,110.0,-999.0,-999.0
106094,CUÑUMBUQUE,2003,2,79.3,-999.0,-999.0
106094,CUÑUMBUQUE,2003,3,121.7,-999.0,-999.0
106094,CUÑUMBUQUE,2003,4,92.9,-999.0,-999.0
106094,CUÑUMBUQUE,2003,5,78.9,-999.0,-999.0
106094,CUÑUMBUQUE,2003,6,78.0,-999.0,-999.0
106094,CUÑUMBUQUE,2003,7,54.8,-999.0,-999.0
106094,CUÑUMBUQUE,2003,8,65.6,-999.0,-999.0
106094,CUÑUMBUQUE,2003,9,93.4,-999.0,-999.0
106094,CUÑUMBUQUE,2003,10,68.1,-999.0,-999.0
106094,CUÑUMBUQUE,2003,11,105.0,-999.0,-999.0
106094,CUÑUMBUQUE,2003,12,208.4,-999.0,-999.0
106094,CUÑUMBUQUE,2004,1,25.6,-999.0,-999.0
106094,CUÑUMBUQUE,2004,2,100.4,-999.0,-999.0
106094,CUÑUMBUQUE,2004,3,87.1,-999.0,-999.0
106094,CUÑUMBUQUE,2004,4,58.0,-999.0,-999.0
106094,CUÑUMBUQUE,2004,5,69.2,-999.0,-999.0
106094,CUÑUMBUQUE,2004,6,59.7,-999.0,-999.0
106094,CUÑUMBUQUE,2004,7,58.7,-999.0,-999.0
106094,CUÑUMBUQUE,2004,8,73.5,-999.0,-999.0
106094,CUÑUMBUQUE,2004,9,108.3,-999.0,-999.0
106094,CUÑUMBUQUE,2004,10,114.0,-999.0,-999.0
106094,CUÑUMBUQUE,2004,11,56.4,-999.0,-999.0
106094,CUÑUMBUQUE,2004,12,137.3,-999.0,-999.0
106094,CUÑUMBUQUE,2005,1,35.5,-999.0,-999.0
106094,CUÑUMBUQUE,2005,2,77.0,-999.0,-999.0
106094,CUÑUMBUQUE,2005,3,107.7,-999.0,-999.0
106094,CUÑUMBUQUE,2005,4,125.7,-999.0,-999.0
106094,CUÑUMBUQUE,2005,5,53.2,-999.0,-999.0
106094,CUÑUMBUQUE,2005,6,54.7,-999.0,-999.0
106094,CUÑUMBUQUE,2005,7,24.6,-999.0,-999.0
106094,CUÑUMBUQUE,2005,8,57.2,-999.0,-999.0
106094,CUÑUMBUQUE,2005,9,68.6,-999.0,-999.0
106094,CUÑUMBUQUE,2005,10,96.2,-999.0,-999.0
106094,CUÑUMBUQUE,2005,11,109.4,-999.0,-999.0
106094,CUÑUMBUQUE,2005,12,28.4,-999.0,-999.0
106094,CUÑUMBUQUE,2006,1,88.9,-999.0,-999.0
106094,CUÑUMBUQUE,2006,2,76.9,-999.0,-999.0
106094,CUÑUMBUQUE,2006,3,97.8,-999.0,-999.0
106094,CUÑUMBUQUE,2006,4,84.3,-999.0,-999.0
106094,CUÑUMBUQUE,2006,5,63.9,-999.0,-999.0
106094,CUÑUMBUQUE,2006,6,54.6,-999.0,-999.0
106094,CUÑUMBUQUE,2006,7,83.9,-999.0,-999.0
106094,CUÑUMBUQUE,2006,8,24.9,-999.0,-999.0
106094,CUÑUMBUQUE,2006,9,88.5,-999.0,-999.0
106094,CUÑUMBUQUE,2006,10,93.1,-999.0,-999.0
106094,CUÑUMBUQUE,2006,11,151.0,-999.0,-999.0
106094,CUÑUMBUQUE,2006,12,40.4,-999.0,-999.0
106094,CUÑUMBUQUE,2007,1,67.8,-999.0,-999.0
106094,CUÑUMBUQUE,2007,2,16.4,-999.0,-999.0
106094,CUÑUMBUQUE,2007,3,162.7,-999.0,-999.0
106094,CUÑUMBUQUE,2007,4,62.6,-999.0,-999.0
106094,CUÑUMBUQUE,2007,5,84.8,-999.0,-999.0
106094,CUÑUMBUQUE,2007,6,4.7,-999.0,-999.0
106094,CUÑUMBUQUE,2007,7,35.9,-999.0,-999.0
106094,CUÑUMBUQUE,2007,8,50.7,-999.0,-999.0
106094,CUÑUMBUQUE,2007,9,126.6,-999.0,-999.0
106094,CUÑUMBUQUE,2007,10,62.7,-999.0,-999.0
106094,CUÑUMBUQUE,2007,11,153.1,-999.0,-999.0
106094,CUÑUMBUQUE,2007,12,40.5,-999.0,-999.0
106094,CUÑUMBUQUE,2008,1,46.2,-999.0,-999.0
106094,CUÑUMBUQUE,2008,2,142.1,-999.0,-999.0
106094,CUÑUMBUQUE,2008,3,142.1,-999.0,-999.0
106094,CUÑUMBUQUE,2008,4,79.8,-999.0,-999.0
106094,CUÑUMBUQUE,2008,5,46.7,-999.0,-999.0
106094,CUÑUMBUQUE,2008,6,62.7,-999.0,-999.0
106094,CUÑUMBUQUE,2008,7,84.5,-999.0,-999.0
106094,CUÑUMBUQUE,2008,8,36.7,-999.0,-999.0
106094,CUÑUMBUQUE,2008,9,82.8,-999.0,-999.0
106094,CUÑUMBUQUE,2008,10,65.8,-999.0,-999.0
106094,CUÑUMBUQUE,2008,11,130.6,-999.0,-999.0
106094,CUÑUMBUQUE,2008,12,61.0,-999.0,-999.0
106094,CUÑUMBUQUE,2009,1,111.5,-999.0,-999.0
106094,CUÑUMBUQUE,2009,2,60.9,-999.0,-999.0
106094,CUÑUMBUQUE,2009,3,120.9,-999.0,-999.0
106094,CUÑUMBUQUE,2009,4,242.0,-999.0,-999.0
106094,CUÑUMBUQUE,2009,5,71.8,-999.0,-999.0
106094,CUÑUMBUQUE,2009,6,108.0,-999.0,-999.0
106094,CUÑUMBUQUE,2009,7,34.6,-999.0,-999.0
106094,CUÑUMBUQUE,2009,8,43.0,-999.0,-999.0
106094,CUÑUMBUQUE,2009,9,181.7,-999.0,-999.0
106094,CUÑUMBUQUE,2009,10,44.6,-999.0,-999.0
106094,CUÑUMBUQUE,2009,11,27.0,-999.0,-999.0
106094,CUÑUMBUQUE,2009,12,20.0,-999.0,-999.0
106094,CUÑUMBUQUE,2010,1,45.6,-999.0,-999.0
106094,CUÑUMBUQUE,2010,2,110.3,-999.0,-999.0
106094,CUÑUMBUQUE,2010,3,76.1,-999.0,-999.0
106094,CUÑUMBUQUE,2010,4,155.5,-999.0,-999.0
106094,CUÑUMBUQUE,2010,5,94.2,-999.0,-999.0
106094,CUÑUMBUQUE,2010,6,67.5,-999.0,-999.0
106094,CUÑUMBUQUE,2010,7,23.9,-999.0,-999.0
106094,CUÑUMBUQUE,2010,8,93.5,-999.0,-999.0
106094,CUÑUMBUQUE,2010,9,36.5,-999.0,-999.0
106094,CUÑUMBUQUE,2010,10,40.2,-999.0,-999.0
106094,CUÑUMBUQUE,2010,11,107.0,-999.0,-999.0
106094,CUÑUMBUQUE,2010,12,71.0,-999.0,-999.0
106094,CUÑUMBUQUE,2011,1,29.7,-999.0,-999.0
106094,CUÑUMBUQUE,2011,2,12.6,-999.0,-999.0
106094,CUÑUMBUQUE,2011,3,168.9,-999.0,-999.0
106094,CUÑUMBUQUE,2011,4,147.5,-999.0,-999.0
106094,CUÑUMBUQUE,2011,5,97.1,-999.0,-999.0
106094,CUÑUMBUQUE,2011,6,97.2,-999.0,-999.0
106094,CUÑUMBUQUE,2011,7,48.0,-999.0,-999.0
106094,CUÑUMBUQUE,2011,8,17.8,-999.0,-999.0
106094,CUÑUMBUQUE,2011,9,72.5,-999.0,-999.0
106094,CUÑUMBUQUE,2011,10,87.3,-999.0,-999.0
106094,CUÑUMBUQUE,2011,11,237.5,-999.0,-999.0
106094,CUÑUMBUQUE,2011,12,88.5,-999.0,-999.0
106094,CUÑUMBUQUE,2012,1,184.4,-999.0,-999.0
106094,CUÑUMBUQUE,2012,2,68.9,-999.0,-999.0
106094,CUÑUMBUQUE,2012,3,143.1,-999.0,-999.0
106094,CUÑUMBUQUE,2012,4,237.1,-999.0,-999.0
106094,CUÑUMBUQUE,2012,5,120.4,-999.0,-999.0
106094,CUÑUMBUQUE,2012,6,54.0,-999.0,-999.0
106094,CUÑUMBUQUE,2012,7,49.0,-999.0,-999.0
106094,CUÑUMBUQUE,2012,8,15.9,-999.0,-999.0
106094,CUÑUMBUQUE,2012,9,70.9,-999.0,-999.0
106094,CUÑUMBUQUE,2012,10,136.1,-999.0,-999.0
106094,CUÑUMBUQUE,2012,11,59.8,-999.0,-999.0
106094,CUÑUMBUQUE,2012,12,120.3,-999.0,-999.0
106094,CUÑUMBUQUE,2013,1,84.8,-999.0,-999.0
106094,CUÑUMBUQUE,2013,2,62.2,-999.0,-999.0
106094,CUÑUMBUQUE,2013,3,112.4,-999.0,-999.0
106094,CUÑUMBUQUE,2013,4,61.9,-999.0,-999.0
106094,CUÑUMBUQUE,2013,5,107.2,-999.0,-999.0
106094,CUÑUMBUQUE,2013,6,94.1,-999.0,-999.0
106094,CUÑUMBUQUE,2013,7,56.2,-999.0,-999.0
106094,CUÑUMBUQUE,2013,8,69.1,-999.0,-999.0
106094,CUÑUMBUQUE,2013,9,54.4,-999.0,-999.0
106094,CUÑUMBUQUE,2013,10,46.2,-999.0,-999.0
106094,CUÑUMBUQUE,2013,11,149.5,-999.0,-999.0
106094,CUÑUMBUQUE,2013,12,72.0,-999.0,-999.0
106094,CUÑUMBUQUE,2014,1,46.1,-999.0,-999.0
106094,CUÑUMBUQUE,2014,2,57.8,-999.0,-999.0
106094,CUÑUMBUQUE,2014,3,157.3,-999.0,-999.0
106094,CUÑUMBUQUE,2014,4,145.5,-999.0,-999.0
106094,CUÑUMBUQUE,2014,5,66.4,-999.0,-999.0
106094,CUÑUMBUQUE,2014,6,39.8,-999.0,-999.0
106094,CUÑUMBUQUE,2014,7,79.9,-999.0,-999.0
106094,CUÑUMBUQUE,2014,8,21.8,-999.0,-999.0
106094,CUÑUMBUQUE,2014,9,71.8,-999.0,-999.0
106094,CUÑUMBUQUE,2014,10,156.8,-999.0,-999.0
106094,CUÑUMBUQUE,2014,11,103.3,-999.0,-999.0
106094,CUÑUMBUQUE,2014,12,94.1,-999.0,-999.0
106094,CUÑUMBUQUE,2015,1,121.8,-999.0,-999.0
106094,CUÑUMBUQUE,2015,2,127.5,-999.0,-999.0
106094,CUÑUMBUQUE,2015,3,130.3,-999.0,-999.0
106094,CUÑUMBUQUE,2015,4,202.6,-999.0,-999.0
106094,CUÑUMBUQUE,2015,5,87.6,-999.0,-999.0
106094,CUÑUMBUQUE,2015,6,38.9,-999.0,-999.0
106094,CUÑUMBUQUE,2015,7,57.1,-999.0,-999.0
106094,CUÑUMBUQUE,2015,8,51.2,-999.0,-999.0
106094,CUÑUMBUQUE,2015,9,28.5,-999.0,-999.0
106094,CUÑUMBUQUE,2015,10,21.6,-999.0,-999.0
106094,CUÑUMBUQUE,2015,11,68.0,-999.0,-999.0
106094,CUÑUMBUQUE,2015,12,109.0,-999.0,-999.0
106094,CUÑUMBUQUE,2016,1,22.6,-999.0,-999.0
106094,CUÑUMBUQUE,2016,2,75.0,-999.0,-999.0
106094,CUÑUMBUQUE,2016,3,143.0,-999.0,-999.0
106094,CUÑUMBUQUE,2016,4,78.7,-999.0,-999.0
106094,CUÑUMBUQUE,2016,5,89.2,-999.0,-999.0
106094,CUÑUMBUQUE,2016,6,71.2,-999.0,-999.0
106094,CUÑUMBUQUE,2016,7,23.6,-999.0,-999.0
106094,CUÑUMBUQUE,2016,8,32.2,-999.0,-999.0
106094,CUÑUMBUQUE,2016,9,89.1,-999.0,-999.0
106094,CUÑUMBUQUE,2016,10,43.2,-999.0,-999.0
106094,CUÑUMBUQUE,2016,11,39.7,-999.0,-999.0
106094,CUÑUMBUQUE,2016,12,138.8,-999.0,-999.0
106094,CUÑUMBUQUE,2017,1,159.1,-999.0,-999.0
106094,CUÑUMBUQUE,2017,2,139.5,-999.0,-999.0
106094,CUÑUMBUQUE,2017,3,141.0,-999.0,-999.0
106094,CUÑUMBUQUE,2017,4,78.1,-999.0,-999.0
106094,CUÑUMBUQUE,2017,5,129.0,-999.0,-999.0
106094,CUÑUMBUQUE,2017,6,75.9,-999.0,-999.0
106094,CUÑUMBUQUE,2017,7,27.4,-999.0,-999.0
106094,CUÑUMBUQUE,2017,8,67.2,-999.0,-999.0
106094,CUÑUMBUQUE,2017,9,110.2,-999.0,-999.0
106094,CUÑUMBUQUE,2017,10,37.2,-999.0,-999.0
106094,CUÑUMBUQUE,2017,11,127.1,-999.0,-999.0
106094,CUÑUMBUQUE,2017,12,123.6,-999.0,-999.0
106094,CUÑUMBUQUE,2018,1,114.8,-999.0,-999.0
106094,CUÑUMBUQUE,2018,2,105.1,-999.0,-999.0
106094,CUÑUMBUQUE,2018,3,182.1,-999.0,-999.0
106094,CUÑUMBUQUE,2018,4,116.3,-999.0,-999.0
106094,CUÑUMBUQUE,2018,5,92.9,-999.0,-999.0
106094,CUÑUMBUQUE,2018,6,44.8,-999.0,-999.0
106094,CUÑUMBUQUE,2018,7,29.4,-999.0,-999.0
106094,CUÑUMBUQUE,2018,8,58.5,-999.0,-999.0
106094,CUÑUMBUQUE,2018,9,52.1,-999.0,-999.0
106094,CUÑUMBUQUE,2018,10,76.1,-999.0,-999.0
106094,CUÑUMBUQUE,2018,11,71.8,-999.0,-999.0
106094,CUÑUMBUQUE,2018,12,102.4,-999.0,-999.0
106094,CUÑUMBUQUE,2019,1,88.8,-999.0,-999.0
106094,CUÑUMBUQUE,2019,2,137.6,-999.0,-999.0
106094,CUÑUMBUQUE,2019,3,94.8,-999.0,-999.0
106094,CUÑUMBUQUE,2019,4,130.6,-999.0,-999.0
106094,CUÑUMBUQUE,2019,5,71.6,-999.0,-999.0
106094,CUÑUMBUQUE,2019,6,37.2,-999.0,-999.0
106094,CUÑUMBUQUE,2019,7,147.6,-999.0,-999.0
106094,CUÑUMBUQUE,2019,8,52.4,-999.0,-999.0
106094,CUÑUMBUQUE,2019,9,141.3,-999.0,-999.0
106094,CUÑUMBUQUE,2019,10,160.3,-999.0,-999.0
106094,CUÑUMBUQUE,2019,11,125.6,-999.0,-999.0
106094,CUÑUMBUQUE,2019,12,110.1,-999.0,-999.0
106094,CUÑUMBUQUE,2020,1,91.6,-999.0,-999.0
106094,CUÑUMBUQUE,2020,2,80.0,-999.0,-999.0
106094,CUÑUMBUQUE,2020,3,-999.0,-999.0,-999.0
106094,CUÑUMBUQUE,2020,4,-999.0,-999.0,-999.0
106094,CUÑUMBUQUE,2020,5,-999.0,-999.0,-999.0
106094,CUÑUMBUQUE,2020,6,-999.0,-999.0,-999.0
106094,CUÑUMBUQUE,2020,7,-999.0,-999.0,-999.0
106094,CUÑUMBUQUE,2020,8,51.4,-999.0,-999.0
106094,CUÑUMBUQUE,2020,9,106.4,-999.0,-999.0
106094,CUÑUMBUQUE,2020,10,153.5,-999.0,-999.0
106094,CUÑUMBUQUE,2020,11,84.8,-999.0,-999.0
106094,CUÑUMBUQUE,2020,12,37.5,-999.0,-999.0
106094,CUÑUMBUQUE,2021,1,109.7,-999.0,-999.0
106094,CUÑUMBUQUE,2021,2,114.1,-999.0,-999.0
106094,CUÑUMBUQUE,2021,3,219.7,-999.0,-999.0
106094,CUÑUMBUQUE,2021,4,126.5,-999.0,-999.0
106094,CUÑUMBUQUE,2021,5,33.6,-999.0,-999.0
106094,CUÑUMBUQUE,2021,6,86.8,-999.0,-999.0
106094,CUÑUMBUQUE,2021,7,96.9,-999.0,-999.0
106094,CUÑUMBUQUE,2021,8,19.6,-999.0,-999.0
106094,CUÑUMBUQUE,2021,9,127.9,-999.0,-999.0
106094,CUÑUMBUQUE,2021,10,63.4,-999.0,-999.0
106094,CUÑUMBUQUE,2021,11,75.9,-999.0,-999.0
106094,CUÑUMBUQUE,2021,12,98.3,-999.0,-999.0
106094,CUÑUMBUQUE,2022,1,178.3,-999.0,-999.0
106094,CUÑUMBUQUE,2022,2,219.7,-999.0,-999.0
106094,CUÑUMBUQUE,2022,3,173.1,-999.0,-999.0
106094,CUÑUMBUQUE,2022,4,62.4,-999.0,-999.0
106094,CUÑUMBUQUE,2022,5,159.9,-999.0,-999.0
106094,CUÑUMBUQUE,2022,6,37.0,-999.0,-999.0
106094,CUÑUMBUQUE,2022,7,50.4,-999.0,-999.0
106094,CUÑUMBUQUE,2022,8,45.2,-999.0,-999.0
106094,CUÑUMBUQUE,2022,9,118.1,-999.0,-999.0
106094,CUÑUMBUQUE,2022,10,80.7,-999.0,-999.0
106094,CUÑUMBUQUE,2022,11,142.7,-999.0,-999.0
106094,CUÑUMBUQUE,2022,12,79.9,-999.0,-999.0
106094,CUÑUMBUQUE,2023,1,212.6,-999.0,-999.0
106094,CUÑUMBUQUE,2023,2,111.4,-999.0,-999.0
106094,CUÑUMBUQUE,2023,3,163.9,-999.0,-999.0
106094,CUÑUMBUQUE,2023,4,154.0,-999.0,-999.0
106094,CUÑUMBUQUE,2023,5,116.0,-999.0,-999.0
106094,CUÑUMBUQUE,2023,6,19.3,-999.0,-999.0
106094,CUÑUMBUQUE,2023,7,63.5,-999.0,-999.0
106094,CUÑUMBUQUE,2023,8,65.5,-999.0,-999.0
106094,CUÑUMBUQUE,2023,9,39.4,-999.0,-999.0
106094,CUÑUMBUQUE,2023,10,38.9,-999.0,-999.0
106094,CUÑUMBUQUE,2023,11,170.3,-999.0,-999.0
106094,CUÑUMBUQUE,2023,12,160.4,-999.0,-999.0
106094,CUÑUMBUQUE,2024,1,114.2,-999.0,-999.0
106094,CUÑUMBUQUE,2024,2,170.1,-999.0,-999.0
106094,CUÑUMBUQUE,2024,3,92.1,-999.0,-999.0
106094,CUÑUMBUQUE,2024,4,56.3,-999.0,-999.0
106094,CUÑUMBUQUE,2024,5,77.6,-999.0,-999.0
106094,CUÑUMBUQUE,2024,6,30.6,-999.0,-999.0
106094,CUÑUMBUQUE,2024,7,39.6,-999.0,-999.0
106094,CUÑUMBUQUE,2024,8,3.9,-999.0,-999.0
106094,CUÑUMBUQUE,2024,9,57.4,-999.0,-999.0
106094,CUÑUMBUQUE,2024,10,187.1,-999.0,-999.0
106094,CUÑUMBUQUE,2024,11,119.0,-999.0,-999.0
106094,CUÑUMBUQUE,2024,12,73.8,-999.0,-999.0
106094,CUÑUMBUQUE,2025,1,52.8,-999.0,-999.0
106094,CUÑUMBUQUE,2025,2,170.0,-999.0,-999.0
106094,CUÑUMBUQUE,2025,3,114.0,-999.0,-999.0
106094,CUÑUMBUQUE,2025,4,147.7,-999.0,-999.0
106094,CUÑUMBUQUE,2025,5,89.4,-999.0,-999.0
106094,CUÑUMBUQUE,2025,6,80.4,-999.0,-999.0
106094,CUÑUMBUQUE,2025,7,28.1,-999.0,-999.0
106094,CUÑUMBUQUE,2025,8,25.2,-999.0,-999.0
106094,CUÑUMBUQUE,2025,9,42.4,-999.0,-999.0
106094,CUÑUMBUQUE,2025,10,144.6,-999.0,-999.0
106094,CUÑUMBUQUE,2025,11,120.9,-999.0,-999.0
106094,CUÑUMBUQUE,2025,12,3.5,-999.0,-999.0
