CODIGO,ESTACION,YEAR,MONTH,PP,TMAX,TMIN
106022,CHANCAY BAÑOS,1990,1,18.6,26.62,-999.0
106022,CHANCAY BAÑOS,1990,2,82.7,27.09,13.44
106022,CHANCAY BAÑOS,1990,3,-999.0,28.11,13.37
106022,CHANCAY BAÑOS,1990,4,69.9,28.32,14.15
106022,CHANCAY BAÑOS,1990,5,-999.0,28.42,14.31
106022,CHANCAY BAÑOS,1990,6,41.3,26.79,12.85
106022,CHANCAY BAÑOS,1990,7,1.0,27.19,10.18
106022,CHANCAY BAÑOS,1990,8,12.0,27.71,11.41
106022,CHANCAY BAÑOS,1990,9,7.2,28.62,12.02
106022,CHANCAY BAÑOS,1990,10,100.2,27.27,11.04
106022,CHANCAY BAÑOS,1990,11,81.4,27.44,11.16
106022,CHANCAY BAÑOS,1990,12,13.7,27.89,10.54
106022,CHANCAY BAÑOS,1991,1,2.3,27.92,10.47
106022,CHANCAY BAÑOS,1991,2,21.0,28.14,12.2
106022,CHANCAY BAÑOS,1991,3,85.9,27.91,13.08
106022,CHANCAY BAÑOS,1991,4,170.0,27.71,12.99
106022,CHANCAY BAÑOS,1991,5,27.5,27.61,12.57
106022,CHANCAY BAÑOS,1991,6,3.6,28.63,-999.0
106022,CHANCAY BAÑOS,1991,7,2.6,27.82,-999.0
106022,CHANCAY BAÑOS,1991,8,0.0,27.74,-999.0
106022,CHANCAY BAÑOS,1991,9,12.8,27.89,-999.0
106022,CHANCAY BAÑOS,1991,10,79.0,27.37,-999.0
106022,CHANCAY BAÑOS,1991,11,40.4,27.67,-999.0
106022,CHANCAY BAÑOS,1991,12,52.9,27.52,-999.0
106022,CHANCAY BAÑOS,1992,1,39.5,28.16,-999.0
106022,CHANCAY BAÑOS,1992,2,36.5,28.04,-999.0
106022,CHANCAY BAÑOS,1992,3,96.9,27.79,13.3
106022,CHANCAY BAÑOS,1992,4,105.0,27.0,12.9
106022,CHANCAY BAÑOS,1992,5,29.4,27.03,13.93
106022,CHANCAY BAÑOS,1992,6,21.9,27.27,13.55
106022,CHANCAY BAÑOS,1992,7,3.5,27.03,11.15
106022,CHANCAY BAÑOS,1992,8,4.0,27.98,11.65
106022,CHANCAY BAÑOS,1992,9,82.4,27.66,12.94
106022,CHANCAY BAÑOS,1992,10,64.2,28.23,13.11
106022,CHANCAY BAÑOS,1992,11,46.7,29.34,13.85
106022,CHANCAY BAÑOS,1992,12,13.3,29.35,13.49
106022,CHANCAY BAÑOS,1993,1,-999.0,27.32,13.97
106022,CHANCAY BAÑOS,1993,2,134.0,26.49,14.71
106022,CHANCAY BAÑOS,1993,3,201.0,25.27,14.18
106022,CHANCAY BAÑOS,1993,4,261.5,25.82,14.98
106022,CHANCAY BAÑOS,1993,5,84.4,26.99,12.93
106022,CHANCAY BAÑOS,1993,6,12.8,25.84,12.29
106022,CHANCAY BAÑOS,1993,7,22.8,26.68,12.29
106022,CHANCAY BAÑOS,1993,8,20.0,27.55,12.51
106022,CHANCAY BAÑOS,1993,9,72.8,28.37,13.05
106022,CHANCAY BAÑOS,1993,10,89.6,28.43,13.14
106022,CHANCAY BAÑOS,1993,11,49.3,28.03,11.95
106022,CHANCAY BAÑOS,1993,12,54.8,27.9,13.4
106022,CHANCAY BAÑOS,1994,1,88.0,26.86,14.66
106022,CHANCAY BAÑOS,1994,2,142.9,26.27,14.57
106022,CHANCAY BAÑOS,1994,3,-999.0,26.1,12.95
106022,CHANCAY BAÑOS,1994,4,95.7,26.22,12.47
106022,CHANCAY BAÑOS,1994,5,44.0,27.24,13.13
106022,CHANCAY BAÑOS,1994,6,19.2,27.68,11.66
106022,CHANCAY BAÑOS,1994,7,29.1,27.73,11.46
106022,CHANCAY BAÑOS,1994,8,0.0,28.86,11.02
106022,CHANCAY BAÑOS,1994,9,143.0,28.67,13.16
106022,CHANCAY BAÑOS,1994,10,66.9,29.35,12.37
106022,CHANCAY BAÑOS,1994,11,196.4,28.54,13.36
106022,CHANCAY BAÑOS,1994,12,32.4,28.4,14.25
106022,CHANCAY BAÑOS,1995,1,41.0,28.99,14.47
106022,CHANCAY BAÑOS,1995,2,95.0,27.98,14.6
106022,CHANCAY BAÑOS,1995,3,53.0,28.05,13.95
106022,CHANCAY BAÑOS,1995,4,118.3,28.24,14.78
106022,CHANCAY BAÑOS,1995,5,102.9,27.85,14.22
106022,CHANCAY BAÑOS,1995,6,2.5,28.54,13.75
106022,CHANCAY BAÑOS,1995,7,46.6,28.4,13.76
106022,CHANCAY BAÑOS,1995,8,29.1,29.09,13.57
106022,CHANCAY BAÑOS,1995,9,16.6,29.51,12.88
106022,CHANCAY BAÑOS,1995,10,115.3,28.31,13.79
106022,CHANCAY BAÑOS,1995,11,71.4,28.11,14.41
106022,CHANCAY BAÑOS,1995,12,154.7,26.34,13.82
106022,CHANCAY BAÑOS,1996,1,33.8,25.39,13.76
106022,CHANCAY BAÑOS,1996,2,136.9,25.7,14.42
106022,CHANCAY BAÑOS,1996,3,105.7,25.18,15.36
106022,CHANCAY BAÑOS,1996,4,179.4,25.3,14.79
106022,CHANCAY BAÑOS,1996,5,105.6,26.15,13.85
106022,CHANCAY BAÑOS,1996,6,13.0,26.28,12.71
106022,CHANCAY BAÑOS,1996,7,3.0,27.1,11.45
106022,CHANCAY BAÑOS,1996,8,47.5,27.48,12.65
106022,CHANCAY BAÑOS,1996,9,44.1,28.39,14.06
106022,CHANCAY BAÑOS,1996,10,248.3,26.38,13.88
106022,CHANCAY BAÑOS,1996,11,44.0,27.5,12.37
106022,CHANCAY BAÑOS,1996,12,10.7,27.51,13.45
106022,CHANCAY BAÑOS,1997,1,32.8,27.54,12.93
106022,CHANCAY BAÑOS,1997,2,165.3,26.01,14.64
106022,CHANCAY BAÑOS,1997,3,14.9,27.4,13.88
106022,CHANCAY BAÑOS,1997,4,122.5,26.95,14.86
106022,CHANCAY BAÑOS,1997,5,9.9,27.35,13.59
106022,CHANCAY BAÑOS,1997,6,40.6,27.91,11.61
106022,CHANCAY BAÑOS,1997,7,0.0,27.05,11.31
106022,CHANCAY BAÑOS,1997,8,0.0,27.96,12.2
106022,CHANCAY BAÑOS,1997,9,34.4,28.94,13.5
106022,CHANCAY BAÑOS,1997,10,29.9,29.13,13.59
106022,CHANCAY BAÑOS,1997,11,73.7,27.93,14.95
106022,CHANCAY BAÑOS,1997,12,120.0,26.79,16.32
106022,CHANCAY BAÑOS,1998,1,111.3,27.34,14.43
106022,CHANCAY BAÑOS,1998,2,102.5,27.56,16.97
106022,CHANCAY BAÑOS,1998,3,268.1,26.28,16.64
106022,CHANCAY BAÑOS,1998,4,339.2,26.83,16.37
106022,CHANCAY BAÑOS,1998,5,38.9,26.44,14.23
106022,CHANCAY BAÑOS,1998,6,24.0,26.45,12.92
106022,CHANCAY BAÑOS,1998,7,13.5,27.56,12.7
106022,CHANCAY BAÑOS,1998,8,7.3,28.24,13.17
106022,CHANCAY BAÑOS,1998,9,83.9,27.82,13.62
106022,CHANCAY BAÑOS,1998,10,93.3,27.7,14.03
106022,CHANCAY BAÑOS,1998,11,56.5,27.09,12.36
106022,CHANCAY BAÑOS,1998,12,35.9,28.17,11.57
106022,CHANCAY BAÑOS,1999,1,74.0,27.2,13.59
106022,CHANCAY BAÑOS,1999,2,217.7,24.7,14.86
106022,CHANCAY BAÑOS,1999,3,113.5,25.47,14.19
106022,CHANCAY BAÑOS,1999,4,207.6,24.54,14.5
106022,CHANCAY BAÑOS,1999,5,118.6,24.49,13.59
106022,CHANCAY BAÑOS,1999,6,116.4,25.33,13.67
106022,CHANCAY BAÑOS,1999,7,28.7,24.95,12.15
106022,CHANCAY BAÑOS,1999,8,30.9,26.17,12.1
106022,CHANCAY BAÑOS,1999,9,94.3,26.05,13.37
106022,CHANCAY BAÑOS,1999,10,59.3,26.7,13.13
106022,CHANCAY BAÑOS,1999,11,16.3,27.51,12.72
106022,CHANCAY BAÑOS,1999,12,76.4,25.46,14.01
106022,CHANCAY BAÑOS,2000,1,23.1,25.8,12.69
106022,CHANCAY BAÑOS,2000,2,139.7,24.7,14.34
106022,CHANCAY BAÑOS,2000,3,71.4,25.33,14.93
106022,CHANCAY BAÑOS,2000,4,203.7,24.91,14.44
106022,CHANCAY BAÑOS,2000,5,143.5,25.46,13.39
106022,CHANCAY BAÑOS,2000,6,33.7,25.72,13.84
106022,CHANCAY BAÑOS,2000,7,0.0,25.96,11.46
106022,CHANCAY BAÑOS,2000,8,19.1,27.22,11.7
106022,CHANCAY BAÑOS,2000,9,92.4,26.74,13.7
106022,CHANCAY BAÑOS,2000,10,80.9,27.75,13.01
106022,CHANCAY BAÑOS,2000,11,33.2,27.94,9.71
106022,CHANCAY BAÑOS,2000,12,80.0,26.37,14.27
106022,CHANCAY BAÑOS,2001,1,68.7,25.15,14.61
106022,CHANCAY BAÑOS,2001,2,35.3,25.29,14.38
106022,CHANCAY BAÑOS,2001,3,269.3,25.45,15.0
106022,CHANCAY BAÑOS,2001,4,182.1,26.29,14.44
106022,CHANCAY BAÑOS,2001,5,67.1,26.26,13.92
106022,CHANCAY BAÑOS,2001,6,10.5,25.9,12.62
106022,CHANCAY BAÑOS,2001,7,19.1,26.87,12.83
106022,CHANCAY BAÑOS,2001,8,0.0,28.07,11.69
106022,CHANCAY BAÑOS,2001,9,95.1,26.82,14.08
106022,CHANCAY BAÑOS,2001,10,80.6,28.05,14.25
106022,CHANCAY BAÑOS,2001,11,51.7,26.45,14.22
106022,CHANCAY BAÑOS,2001,12,88.7,28.03,14.54
106022,CHANCAY BAÑOS,2002,1,17.1,27.39,13.8
106022,CHANCAY BAÑOS,2002,2,52.7,26.25,14.76
106022,CHANCAY BAÑOS,2002,3,211.0,26.05,15.3
106022,CHANCAY BAÑOS,2002,4,178.7,25.67,14.77
106022,CHANCAY BAÑOS,2002,5,46.5,26.44,13.1
106022,CHANCAY BAÑOS,2002,6,3.1,25.9,11.38
106022,CHANCAY BAÑOS,2002,7,8.5,26.42,12.18
106022,CHANCAY BAÑOS,2002,8,0.0,27.9,11.44
106022,CHANCAY BAÑOS,2002,9,27.8,28.95,12.86
106022,CHANCAY BAÑOS,2002,10,84.2,27.23,14.16
106022,CHANCAY BAÑOS,2002,11,79.2,26.96,14.36
106022,CHANCAY BAÑOS,2002,12,54.4,26.57,15.03
106022,CHANCAY BAÑOS,2003,1,72.9,27.11,14.82
106022,CHANCAY BAÑOS,2003,2,63.8,27.11,14.6
106022,CHANCAY BAÑOS,2003,3,58.0,26.26,14.09
106022,CHANCAY BAÑOS,2003,4,148.2,26.91,15.0
106022,CHANCAY BAÑOS,2003,5,27.8,27.11,14.15
106022,CHANCAY BAÑOS,2003,6,86.9,26.91,13.06
106022,CHANCAY BAÑOS,2003,7,20.4,26.28,11.31
106022,CHANCAY BAÑOS,2003,8,0.0,27.68,11.97
106022,CHANCAY BAÑOS,2003,9,80.4,28.64,13.08
106022,CHANCAY BAÑOS,2003,10,58.7,28.4,13.93
106022,CHANCAY BAÑOS,2003,11,98.3,28.03,14.09
106022,CHANCAY BAÑOS,2003,12,106.1,27.12,13.54
106022,CHANCAY BAÑOS,2004,1,50.7,27.37,12.23
106022,CHANCAY BAÑOS,2004,2,27.7,26.47,13.97
106022,CHANCAY BAÑOS,2004,3,54.3,26.92,13.86
106022,CHANCAY BAÑOS,2004,4,94.8,26.89,14.01
106022,CHANCAY BAÑOS,2004,5,102.2,27.2,13.34
106022,CHANCAY BAÑOS,2004,6,0.0,26.44,10.06
106022,CHANCAY BAÑOS,2004,7,53.0,26.36,12.34
106022,CHANCAY BAÑOS,2004,8,0.0,27.43,10.94
106022,CHANCAY BAÑOS,2004,9,39.7,27.93,12.36
106022,CHANCAY BAÑOS,2004,10,77.0,26.47,14.36
106022,CHANCAY BAÑOS,2004,11,78.7,27.04,13.39
106022,CHANCAY BAÑOS,2004,12,71.5,26.85,14.41
106022,CHANCAY BAÑOS,2005,1,18.2,27.11,11.95
106022,CHANCAY BAÑOS,2005,2,67.1,26.93,14.13
106022,CHANCAY BAÑOS,2005,3,242.7,25.62,14.85
106022,CHANCAY BAÑOS,2005,4,37.8,27.51,13.28
106022,CHANCAY BAÑOS,2005,5,4.6,28.31,10.59
106022,CHANCAY BAÑOS,2005,6,23.2,27.94,12.02
106022,CHANCAY BAÑOS,2005,7,0.0,26.99,9.4
106022,CHANCAY BAÑOS,2005,8,12.2,27.8,10.33
106022,CHANCAY BAÑOS,2005,9,12.6,28.36,11.92
106022,CHANCAY BAÑOS,2005,10,126.3,26.61,12.61
106022,CHANCAY BAÑOS,2005,11,21.4,27.25,10.01
106022,CHANCAY BAÑOS,2005,12,71.7,26.81,11.55
106022,CHANCAY BAÑOS,2006,1,103.6,26.33,13.01
106022,CHANCAY BAÑOS,2006,2,90.3,25.49,15.04
106022,CHANCAY BAÑOS,2006,3,195.4,24.99,14.49
106022,CHANCAY BAÑOS,2006,4,134.7,26.11,13.99
106022,CHANCAY BAÑOS,2006,5,19.0,27.0,11.59
106022,CHANCAY BAÑOS,2006,6,70.9,25.96,12.41
106022,CHANCAY BAÑOS,2006,7,24.6,26.59,10.16
106022,CHANCAY BAÑOS,2006,8,30.3,27.66,11.12
106022,CHANCAY BAÑOS,2006,9,48.8,28.37,12.09
106022,CHANCAY BAÑOS,2006,10,30.2,28.92,10.99
106022,CHANCAY BAÑOS,2006,11,119.2,27.44,11.4
106022,CHANCAY BAÑOS,2006,12,28.4,27.64,12.75
106022,CHANCAY BAÑOS,2007,1,51.4,26.64,13.02
106022,CHANCAY BAÑOS,2007,2,23.0,27.01,12.1
106022,CHANCAY BAÑOS,2007,3,260.2,26.13,13.14
106022,CHANCAY BAÑOS,2007,4,190.3,26.11,13.96
106022,CHANCAY BAÑOS,2007,5,82.3,27.0,12.59
106022,CHANCAY BAÑOS,2007,6,1.5,27.05,10.63
106022,CHANCAY BAÑOS,2007,7,11.8,26.63,10.37
106022,CHANCAY BAÑOS,2007,8,14.3,27.88,10.79
106022,CHANCAY BAÑOS,2007,9,32.5,28.94,10.69
106022,CHANCAY BAÑOS,2007,10,101.2,26.89,12.83
106022,CHANCAY BAÑOS,2007,11,106.5,25.92,13.07
106022,CHANCAY BAÑOS,2007,12,33.9,26.64,10.71
106022,CHANCAY BAÑOS,2008,1,60.4,25.49,12.49
106022,CHANCAY BAÑOS,2008,2,214.5,25.96,11.92
106022,CHANCAY BAÑOS,2008,3,253.5,24.95,11.69
106022,CHANCAY BAÑOS,2008,4,166.8,24.92,11.67
106022,CHANCAY BAÑOS,2008,5,59.8,25.1,10.89
106022,CHANCAY BAÑOS,2008,6,28.6,26.09,9.61
106022,CHANCAY BAÑOS,2008,7,47.9,26.72,9.59
106022,CHANCAY BAÑOS,2008,8,43.5,27.36,10.76
106022,CHANCAY BAÑOS,2008,9,141.3,27.44,11.07
106022,CHANCAY BAÑOS,2008,10,160.4,26.08,13.22
106022,CHANCAY BAÑOS,2008,11,81.5,26.3,13.51
106022,CHANCAY BAÑOS,2008,12,10.4,28.43,12.38
106022,CHANCAY BAÑOS,2009,1,136.6,25.84,13.86
106022,CHANCAY BAÑOS,2009,2,97.7,24.88,13.4
106022,CHANCAY BAÑOS,2009,3,222.9,25.67,13.05
106022,CHANCAY BAÑOS,2009,4,93.1,26.2,12.91
106022,CHANCAY BAÑOS,2009,5,120.4,26.17,12.15
106022,CHANCAY BAÑOS,2009,6,49.4,26.98,10.55
106022,CHANCAY BAÑOS,2009,7,18.5,27.11,10.37
106022,CHANCAY BAÑOS,2009,8,6.5,28.52,10.79
106022,CHANCAY BAÑOS,2009,9,53.5,28.66,11.49
106022,CHANCAY BAÑOS,2009,10,45.5,28.58,13.22
106022,CHANCAY BAÑOS,2009,11,75.3,28.05,12.01
106022,CHANCAY BAÑOS,2009,12,42.9,27.66,14.87
106022,CHANCAY BAÑOS,2010,1,34.9,27.51,13.66
106022,CHANCAY BAÑOS,2010,2,129.8,26.94,14.26
106022,CHANCAY BAÑOS,2010,3,151.3,27.7,14.94
106022,CHANCAY BAÑOS,2010,4,232.5,27.38,-999.0
106022,CHANCAY BAÑOS,2010,5,37.4,27.45,-999.0
106022,CHANCAY BAÑOS,2010,6,9.8,27.43,-999.0
106022,CHANCAY BAÑOS,2010,7,25.3,28.27,-999.0
106022,CHANCAY BAÑOS,2010,8,9.6,28.9,-999.0
106022,CHANCAY BAÑOS,2010,9,52.6,28.19,-999.0
106022,CHANCAY BAÑOS,2010,10,52.7,28.1,-999.0
106022,CHANCAY BAÑOS,2010,11,28.2,27.88,-999.0
106022,CHANCAY BAÑOS,2010,12,31.1,26.92,-999.0
106022,CHANCAY BAÑOS,2011,1,84.9,26.39,-999.0
106022,CHANCAY BAÑOS,2011,2,91.6,26.36,-999.0
106022,CHANCAY BAÑOS,2011,3,104.9,26.37,-999.0
106022,CHANCAY BAÑOS,2011,4,280.6,25.41,-999.0
106022,CHANCAY BAÑOS,2011,5,47.8,26.91,-999.0
106022,CHANCAY BAÑOS,2011,6,11.1,27.29,-999.0
106022,CHANCAY BAÑOS,2011,7,20.8,27.18,-999.0
106022,CHANCAY BAÑOS,2011,8,16.4,28.54,-999.0
106022,CHANCAY BAÑOS,2011,9,145.1,27.6,-999.0
106022,CHANCAY BAÑOS,2011,10,67.2,26.64,-999.0
106022,CHANCAY BAÑOS,2011,11,34.7,27.77,-999.0
106022,CHANCAY BAÑOS,2011,12,86.2,25.83,-999.0
106022,CHANCAY BAÑOS,2012,1,167.4,24.91,-999.0
106022,CHANCAY BAÑOS,2012,2,173.9,24.87,-999.0
106022,CHANCAY BAÑOS,2012,3,302.0,25.98,-999.0
106022,CHANCAY BAÑOS,2012,4,259.3,26.26,-999.0
106022,CHANCAY BAÑOS,2012,5,98.6,26.05,-999.0
106022,CHANCAY BAÑOS,2012,6,26.8,26.52,-999.0
106022,CHANCAY BAÑOS,2012,7,3.5,26.91,-999.0
106022,CHANCAY BAÑOS,2012,8,3.4,28.16,-999.0
106022,CHANCAY BAÑOS,2012,9,5.5,28.96,-999.0
106022,CHANCAY BAÑOS,2012,10,122.0,27.52,-999.0
106022,CHANCAY BAÑOS,2012,11,93.1,27.57,-999.0
106022,CHANCAY BAÑOS,2012,12,67.2,27.28,-999.0
106022,CHANCAY BAÑOS,2013,1,77.8,26.23,-999.0
106022,CHANCAY BAÑOS,2013,2,76.1,26.33,-999.0
106022,CHANCAY BAÑOS,2013,3,189.8,26.09,-999.0
106022,CHANCAY BAÑOS,2013,4,136.0,26.83,-999.0
106022,CHANCAY BAÑOS,2013,5,184.7,26.11,-999.0
106022,CHANCAY BAÑOS,2013,6,25.4,26.0,-999.0
106022,CHANCAY BAÑOS,2013,7,0.0,26.41,-999.0
106022,CHANCAY BAÑOS,2013,8,16.9,27.86,-999.0
106022,CHANCAY BAÑOS,2013,9,16.4,29.09,-999.0
106022,CHANCAY BAÑOS,2013,10,115.7,27.13,-999.0
106022,CHANCAY BAÑOS,2013,11,5.8,28.6,-999.0
106022,CHANCAY BAÑOS,2013,12,55.5,27.34,-999.0
106022,CHANCAY BAÑOS,2014,1,15.6,27.42,-999.0
106022,CHANCAY BAÑOS,2014,2,94.0,26.92,-999.0
106022,CHANCAY BAÑOS,2014,3,153.2,25.51,-999.0
106022,CHANCAY BAÑOS,2014,4,70.6,27.06,-999.0
106022,CHANCAY BAÑOS,2014,5,191.6,26.11,-999.0
106022,CHANCAY BAÑOS,2014,6,9.6,27.04,-999.0
106022,CHANCAY BAÑOS,2014,7,4.5,27.31,-999.0
106022,CHANCAY BAÑOS,2014,8,32.2,27.5,-999.0
106022,CHANCAY BAÑOS,2014,9,90.0,27.83,-999.0
106022,CHANCAY BAÑOS,2014,10,88.1,27.57,-999.0
106022,CHANCAY BAÑOS,2014,11,91.0,27.1,-999.0
106022,CHANCAY BAÑOS,2014,12,162.5,26.85,-999.0
106022,CHANCAY BAÑOS,2015,1,198.7,24.94,-999.0
106022,CHANCAY BAÑOS,2015,2,57.5,26.25,-999.0
106022,CHANCAY BAÑOS,2015,3,204.2,25.4,-999.0
106022,CHANCAY BAÑOS,2015,4,111.5,26.25,-999.0
106022,CHANCAY BAÑOS,2015,5,89.5,27.36,-999.0
106022,CHANCAY BAÑOS,2015,6,3.4,26.74,-999.0
106022,CHANCAY BAÑOS,2015,7,3.6,27.75,-999.0
106022,CHANCAY BAÑOS,2015,8,1.3,28.96,-999.0
106022,CHANCAY BAÑOS,2015,9,7.4,30.37,-999.0
106022,CHANCAY BAÑOS,2015,10,154.3,29.08,-999.0
106022,CHANCAY BAÑOS,2015,11,187.6,27.66,-999.0
106022,CHANCAY BAÑOS,2015,12,8.7,28.06,-999.0
106022,CHANCAY BAÑOS,2016,1,74.3,28.96,15.61
106022,CHANCAY BAÑOS,2016,2,67.1,27.5,-999.0
106022,CHANCAY BAÑOS,2016,3,142.2,27.61,15.2
106022,CHANCAY BAÑOS,2016,4,150.8,27.5,14.76
106022,CHANCAY BAÑOS,2016,5,36.3,28.54,12.97
106022,CHANCAY BAÑOS,2016,6,72.4,27.23,13.54
106022,CHANCAY BAÑOS,2016,7,0.0,28.44,13.01
106022,CHANCAY BAÑOS,2016,8,0.5,29.0,14.37
106022,CHANCAY BAÑOS,2016,9,67.3,28.43,15.32
106022,CHANCAY BAÑOS,2016,10,79.8,28.34,14.06
106022,CHANCAY BAÑOS,2016,11,38.2,29.75,12.57
106022,CHANCAY BAÑOS,2016,12,56.8,27.45,15.32
106022,CHANCAY BAÑOS,2017,1,105.0,26.36,15.39
106022,CHANCAY BAÑOS,2017,2,75.4,26.86,15.06
106022,CHANCAY BAÑOS,2017,3,355.2,25.86,16.04
106022,CHANCAY BAÑOS,2017,4,99.3,26.73,15.86
106022,CHANCAY BAÑOS,2017,5,95.2,26.75,15.59
106022,CHANCAY BAÑOS,2017,6,96.4,27.2,14.03
106022,CHANCAY BAÑOS,2017,7,0.0,26.75,12.79
106022,CHANCAY BAÑOS,2017,8,68.0,28.25,14.18
106022,CHANCAY BAÑOS,2017,9,69.2,28.52,15.19
106022,CHANCAY BAÑOS,2017,10,72.2,28.3,14.91
106022,CHANCAY BAÑOS,2017,11,45.4,28.71,13.19
106022,CHANCAY BAÑOS,2017,12,25.7,27.72,15.08
106022,CHANCAY BAÑOS,2018,1,119.5,26.52,14.9
106022,CHANCAY BAÑOS,2018,2,33.8,26.58,15.04
106022,CHANCAY BAÑOS,2018,3,87.2,26.25,15.91
106022,CHANCAY BAÑOS,2018,4,188.2,25.99,15.04
106022,CHANCAY BAÑOS,2018,5,141.9,26.14,15.19
106022,CHANCAY BAÑOS,2018,6,9.4,26.63,13.49
106022,CHANCAY BAÑOS,2018,7,2.7,27.19,13.42
106022,CHANCAY BAÑOS,2018,8,0.0,28.25,14.11
106022,CHANCAY BAÑOS,2018,9,29.6,29.69,14.53
106022,CHANCAY BAÑOS,2018,10,51.2,28.3,14.24
106022,CHANCAY BAÑOS,2018,11,156.5,27.31,14.7
106022,CHANCAY BAÑOS,2018,12,36.7,26.99,14.44
106022,CHANCAY BAÑOS,2019,1,23.1,27.9,15.49
106022,CHANCAY BAÑOS,2019,2,177.9,27.09,16.3
106022,CHANCAY BAÑOS,2019,3,228.3,26.09,16.2
106022,CHANCAY BAÑOS,2019,4,110.0,26.36,15.5
106022,CHANCAY BAÑOS,2019,5,71.0,26.97,15.01
106022,CHANCAY BAÑOS,2019,6,5.8,28.01,14.13
106022,CHANCAY BAÑOS,2019,7,28.3,27.81,13.78
106022,CHANCAY BAÑOS,2019,8,0.0,28.61,13.27
106022,CHANCAY BAÑOS,2019,9,7.4,29.18,14.89
106022,CHANCAY BAÑOS,2019,10,115.7,27.32,15.46
106022,CHANCAY BAÑOS,2019,11,66.9,27.44,14.67
106022,CHANCAY BAÑOS,2019,12,113.8,27.96,15.37
106022,CHANCAY BAÑOS,2020,1,27.9,27.61,14.89
106022,CHANCAY BAÑOS,2020,2,24.9,27.98,16.0
106022,CHANCAY BAÑOS,2020,3,134.3,27.42,15.95
106022,CHANCAY BAÑOS,2020,4,194.8,26.81,15.78
106022,CHANCAY BAÑOS,2020,5,34.9,27.98,15.19
106022,CHANCAY BAÑOS,2020,6,42.0,27.93,14.38
106022,CHANCAY BAÑOS,2020,7,79.5,27.15,14.56
106022,CHANCAY BAÑOS,2020,8,12.7,28.19,13.65
106022,CHANCAY BAÑOS,2020,9,39.2,28.07,15.0
106022,CHANCAY BAÑOS,2020,10,65.8,28.55,14.9
106022,CHANCAY BAÑOS,2020,11,83.1,28.61,14.11
106022,CHANCAY BAÑOS,2020,12,186.4,25.1,15.43
106022,CHANCAY BAÑOS,2021,1,65.2,25.57,15.7
106022,CHANCAY BAÑOS,2021,2,69.7,27.43,15.23
106022,CHANCAY BAÑOS,2021,3,263.2,25.18,15.2
106022,CHANCAY BAÑOS,2021,4,241.4,26.2,15.61
106022,CHANCAY BAÑOS,2021,5,124.5,26.1,14.81
106022,CHANCAY BAÑOS,2021,6,89.4,26.04,14.21
106022,CHANCAY BAÑOS,2021,7,11.1,26.23,12.95
106022,CHANCAY BAÑOS,2021,8,64.6,27.28,13.89
106022,CHANCAY BAÑOS,2021,9,30.9,27.79,14.77
106022,CHANCAY BAÑOS,2021,10,170.2,27.1,15.38
106022,CHANCAY BAÑOS,2021,11,45.0,27.54,14.32
106022,CHANCAY BAÑOS,2021,12,70.4,27.44,14.79
106022,CHANCAY BAÑOS,2022,1,37.8,27.23,14.82
106022,CHANCAY BAÑOS,2022,2,155.5,25.81,15.17
106022,CHANCAY BAÑOS,2022,3,277.1,25.64,15.33
106022,CHANCAY BAÑOS,2022,4,71.4,25.83,15.49
106022,CHANCAY BAÑOS,2022,5,94.1,26.41,15.01
106022,CHANCAY BAÑOS,2022,6,50.1,26.14,13.67
106022,CHANCAY BAÑOS,2022,7,24.9,27.75,13.77
106022,CHANCAY BAÑOS,2022,8,38.0,27.73,13.86
106022,CHANCAY BAÑOS,2022,9,119.4,28.23,14.15
106022,CHANCAY BAÑOS,2022,10,34.1,28.07,13.8
106022,CHANCAY BAÑOS,2022,11,4.6,28.63,13.54
106022,CHANCAY BAÑOS,2022,12,84.8,27.09,14.21
106022,CHANCAY BAÑOS,2023,1,112.2,26.32,14.83
106022,CHANCAY BAÑOS,2023,2,106.5,26.21,16.26
106022,CHANCAY BAÑOS,2023,3,209.3,26.06,15.14
106022,CHANCAY BAÑOS,2023,4,303.0,25.67,15.9
106022,CHANCAY BAÑOS,2023,5,45.0,27.18,15.99
106022,CHANCAY BAÑOS,2023,6,1.0,27.3,14.28
106022,CHANCAY BAÑOS,2023,7,7.8,28.62,13.83
106022,CHANCAY BAÑOS,2023,8,4.2,29.26,14.61
106022,CHANCAY BAÑOS,2023,9,34.9,29.91,15.67
106022,CHANCAY BAÑOS,2023,10,95.7,28.3,16.24
106022,CHANCAY BAÑOS,2023,11,71.6,28.24,15.08
106022,CHANCAY BAÑOS,2023,12,189.8,26.69,16.84
106022,CHANCAY BAÑOS,2024,1,100.1,27.11,16.35
106022,CHANCAY BAÑOS,2024,2,98.1,27.86,16.45
106022,CHANCAY BAÑOS,2024,3,32.3,29.11,16.3
106022,CHANCAY BAÑOS,2024,4,88.5,28.32,16.75
106022,CHANCAY BAÑOS,2024,5,122.9,28.26,16.07
106022,CHANCAY BAÑOS,2024,6,52.0,27.92,14.62
106022,CHANCAY BAÑOS,2024,7,1.2,27.97,13.68
106022,CHANCAY BAÑOS,2024,8,1.1,29.76,14.34
106022,CHANCAY BAÑOS,2024,9,20.7,30.16,15.2
106022,CHANCAY BAÑOS,2024,10,35.8,28.91,15.91
106022,CHANCAY BAÑOS,2024,11,10.7,28.96,13.57
106022,CHANCAY BAÑOS,2024,12,153.5,27.07,16.18
106022,CHANCAY BAÑOS,2025,1,81.2,26.03,15.77
106022,CHANCAY BAÑOS,2025,2,364.3,26.03,16.69
106022,CHANCAY BAÑOS,2025,3,220.2,26.49,15.92
106022,CHANCAY BAÑOS,2025,4,224.3,26.37,16.03
106022,CHANCAY BAÑOS,2025,5,159.7,27.0,15.15
106022,CHANCAY BAÑOS,2025,6,23.0,27.19,14.48
106022,CHANCAY BAÑOS,2025,7,0.9,27.73,12.94
106022,CHANCAY BAÑOS,2025,8,18.6,28.56,14.41
106022,CHANCAY BAÑOS,2025,9,82.6,28.29,15.13
106022,CHANCAY BAÑOS,2025,10,183.0,27.25,15.77
106022,CHANCAY BAÑOS,2025,11,103.7,26.78,15.77
106022,CHANCAY BAÑOS,2025,12,31.7,28.1,12.71
