CODIGO,ESTACION,YEAR,MONTH,PP,TMAX,TMIN
106115,SHANAO,1990,1,-999.0,-999.0,-999.0
106115,SHANAO,1990,2,-999.0,-999.0,-999.0
106115,SHANAO,1990,3,-999.0,-999.0,-999.0
106115,SHANAO,1990,4,-999.0,-999.0,-999.0
106115,SHANAO,1990,5,-999.0,-999.0,-999.0
106115,SHANAO,1990,6,-999.0,-999.0,-999.0
106115,SHANAO,1990,7,-999.0,-999.0,-999.0
106115,SHANAO,1990,8,-999.0,-999.0,-999.0
106115,SHANAO,1990,9,-999.0,-999.0,-999.0
106115,SHANAO,1990,10,-999.0,-999.0,-999.0
106115,SHANAO,1990,11,-999.0,-999.0,-999.0
106115,SHANAO,1990,12,-999.0,-999.0,-999.0
106115,SHANAO,1991,1,-999.0,-999.0,-999.0
106115,SHANAO,1991,2,-999.0,-999.0,-999.0
106115,SHANAO,1991,3,-999.0,-999.0,-999.0
106115,SHANAO,1991,4,-999.0,-999.0,-999.0
106115,SHANAO,1991,5,-999.0,-999.0,-999.0
106115,SHANAO,1991,6,-999.0,-999.0,-999.0
106115,SHANAO,1991,7,-999.0,-999.0,-999.0
106115,SHANAO,1991,8,-999.0,-999.0,-999.0
106115,SHANAO,1991,9,-999.0,-999.0,-999.0
106115,SHANAO,1991,10,-999.0,-999.0,-999.0
106115,SHANAO,1991,11,-999.0,-999.0,-999.0
106115,SHANAO,1991,12,-999.0,-999.0,-999.0
106115,SHANAO,1992,1,-999.0,-999.0,-999.0
106115,SHANAO,1992,2,-999.0,-999.0,-999.0
106115,SHANAO,1992,3,-999.0,-999.0,-999.0
106115,SHANAO,1992,4,-999.0,-999.0,-999.0
106115,SHANAO,1992,5,-999.0,-999.0,-999.0
106115,SHANAO,1992,6,-999.0,-999.0,-999.0
106115,SHANAO,1992,7,-999.0,-999.0,-999.0
106115,SHANAO,1992,8,-999.0,-999.0,-999.0
106115,SHANAO,1992,9,-999.0,-999.0,-999.0
106115,SHANAO,1992,10,-999.0,-999.0,-999.0
106115,SHANAO,1992,11,-999.0,-999.0,-999.0
106115,SHANAO,1992,12,-999.0,-999.0,-999.0
106115,SHANAO,1993,1,-999.0,-999.0,-999.0
106115,SHANAO,1993,2,-999.0,-999.0,-999.0
106115,SHANAO,1993,3,-999.0,-999.0,-999.0
106115,SHANAO,1993,4,-999.0,-999.0,-999.0
106115,SHANAO,1993,5,-999.0,-999.0,-999.0
106115,SHANAO,1993,6,-999.0,-999.0,-999.0
106115,SHANAO,1993,7,-999.0,-999.0,-999.0
106115,SHANAO,1993,8,-999.0,-999.0,-999.0
106115,SHANAO,1993,9,-999.0,-999.0,-999.0
106115,SHANAO,1993,10,-999.0,-999.0,-999.0
106115,SHANAO,1993,11,-999.0,-999.0,-999.0
106115,SHANAO,1993,12,-999.0,-999.0,-999.0
106115,SHANAO,1994,1,-999.0,-999.0,-999.0
106115,SHANAO,1994,2,-999.0,-999.0,-999.0
106115,SHANAO,1994,3,-999.0,-999.0,-999.0
106115,SHANAO,1994,4,-999.0,-999.0,-999.0
106115,SHANAO,1994,5,-999.0,-999.0,-999.0
106115,SHANAO,1994,6,-999.0,-999.0,-999.0
106115,SHANAO,1994,7,-999.0,-999.0,-999.0
106115,SHANAO,1994,8,-999.0,-999.0,-999.0
106115,SHANAO,1994,9,-999.0,-999.0,-999.0
106115,SHANAO,1994,10,-999.0,-999.0,-999.0
106115,SHANAO,1994,11,-999.0,-999.0,-999.0
106115,SHANAO,1994,12,-999.0,-999.0,-999.0
106115,SHANAO,1995,1,-999.0,-999.0,-999.0
106115,SHANAO,1995,2,-999.0,-999.0,-999.0
106115,SHANAO,1995,3,-999.0,-999.0,-999.0
106115,SHANAO,1995,4,-999.0,-999.0,-999.0
106115,SHANAO,1995,5,-999.0,-999.0,-999.0
106115,SHANAO,1995,6,-999.0,-999.0,-999.0
106115,SHANAO,1995,7,-999.0,-999.0,-999.0
106115,SHANAO,1995,8,-999.0,-999.0,-999.0
106115,SHANAO,1995,9,-999.0,-999.0,-999.0
106115,SHANAO,1995,10,-999.0,-999.0,-999.0
106115,SHANAO,1995,11,-999.0,-999.0,-999.0
106115,SHANAO,1995,12,-999.0,-999.0,-999.0
106115,SHANAO,1996,1,-999.0,-999.0,-999.0
106115,SHANAO,1996,2,-999.0,-999.0,-999.0
106115,SHANAO,1996,3,-999.0,-999.0,-999.0
106115,SHANAO,1996,4,-999.0,-999.0,-999.0
106115,SHANAO,1996,5,-999.0,-999.0,-999.0
106115,SHANAO,1996,6,-999.0,-999.0,-999.0
106115,SHANAO,1996,7,-999.0,-999.0,-999.0
106115,SHANAO,1996,8,-999.0,-999.0,-999.0
106115,SHANAO,1996,9,-999.0,-999.0,-999.0
106115,SHANAO,1996,10,-999.0,-999.0,-999.0
106115,SHANAO,1996,11,-999.0,-999.0,-999.0
106115,SHANAO,1996,12,-999.0,-999.0,-999.0
106115,SHANAO,1997,1,-999.0,-999.0,-999.0
106115,SHANAO,1997,2,-999.0,-999.0,-999.0
106115,SHANAO,1997,3,-999.0,-999.0,-999.0
106115,SHANAO,1997,4,-999.0,-999.0,-999.0
106115,SHANAO,1997,5,-999.0,-999.0,-999.0
106115,SHANAO,1997,6,-999.0,-999.0,-999.0
106115,SHANAO,1997,7,-999.0,-999.0,-999.0
106115,SHANAO,1997,8,-999.0,-999.0,-999.0
106115,SHANAO,1997,9,-999.0,-999.0,-999.0
106115,SHANAO,1997,10,-999.0,-999.0,-999.0
106115,SHANAO,1997,11,-999.0,-999.0,-999.0
106115,SHANAO,1997,12,-999.0,-999.0,-999.0
106115,SHANAO,1998,1,-999.0,-999.0,-999.0
106115,SHANAO,1998,2,-999.0,-999.0,-999.0
106115,SHANAO,1998,3,-999.0,-999.0,-999.0
106115,SHANAO,1998,4,-999.0,-999.0,-999.0
106115,SHANAO,1998,5,-999.0,-999.0,-999.0
106115,SHANAO,1998,6,-999.0,-999.0,-999.0
106115,SHANAO,1998,7,-999.0,-999.0,-999.0
106115,SHANAO,1998,8,-999.0,-999.0,-999.0
106115,SHANAO,1998,9,-999.0,-999.0,-999.0
106115,SHANAO,1998,10,-999.0,-999.0,-999.0
106115,SHANAO,1998,11,-999.0,-999.0,-999.0
106115,SHANAO,1998,12,-999.0,-999.0,-999.0
106115,SHANAO,1999,1,-999.0,-999.0,-999.0
106115,SHANAO,1999,2,-999.0,-999.0,-999.0
106115,SHANAO,1999,3,-999.0,-999.0,-999.0
106115,SHANAO,1999,4,-999.0,-999.0,-999.0
106115,SHANAO,1999,5,-999.0,-999.0,-999.0
106115,SHANAO,1999,6,-999.0,-999.0,-999.0
106115,SHANAO,1999,7,-999.0,-999.0,-999.0
106115,SHANAO,1999,8,-999.0,-999.0,-999.0
106115,SHANAO,1999,9,-999.0,-999.0,-999.0
106115,SHANAO,1999,10,-999.0,-999.0,-999.0
106115,SHANAO,1999,11,-999.0,-999.0,-999.0
106115,SHANAO,1999,12,-999.0,-999.0,-999.0
106115,SHANAO,2000,1,-999.0,-999.0,-999.0
106115,SHANAO,2000,2,-999.0,-999.0,-999.0
106115,SHANAO,2000,3,-999.0,-999.0,-999.0
106115,SHANAO,2000,4,-999.0,-999.0,-999.0
106115,SHANAO,2000,5,-999.0,-999.0,-999.0
106115,SHANAO,2000,6,-999.0,-999.0,-999.0
106115,SHANAO,2000,7,-999.0,-999.0,-999.0
106115,SHANAO,2000,8,-999.0,-999.0,-999.0
106115,SHANAO,2000,9,-999.0,-999.0,-999.0
106115,SHANAO,2000,10,-999.0,-999.0,-999.0
106115,SHANAO,2000,11,-999.0,-999.0,-999.0
106115,SHANAO,2000,12,-999.0,-999.0,-999.0
106115,SHANAO,2001,1,-999.0,-999.0,-999.0
106115,SHANAO,2001,2,-999.0,-999.0,-999.0
106115,SHANAO,2001,3,-999.0,-999.0,-999.0
106115,SHANAO,2001,4,-999.0,-999.0,-999.0
106115,SHANAO,2001,5,-999.0,-999.0,-999.0
106115,SHANAO,2001,6,-999.0,-999.0,-999.0
106115,SHANAO,2001,7,-999.0,-999.0,-999.0
106115,SHANAO,2001,8,-999.0,-999.0,-999.0
106115,SHANAO,2001,9,-999.0,-999.0,-999.0
106115,SHANAO,2001,10,-999.0,-999.0,-999.0
106115,SHANAO,2001,11,-999.0,-999.0,-999.0
106115,SHANAO,2001,12,-999.0,-999.0,-999.0
106115,SHANAO,2002,1,-999.0,-999.0,-999.0
106115,SHANAO,2002,2,-999.0,-999.0,-999.0
106115,SHANAO,2002,3,-999.0,-999.0,-999.0
106115,SHANAO,2002,4,-999.0,-999.0,-999.0
106115,SHANAO,2002,5,-999.0,-999.0,-999.0
106115,SHANAO,2002,6,-999.0,-999.0,-999.0
106115,SHANAO,2002,7,-999.0,-999.0,-999.0
106115,SHANAO,2002,8,-999.0,-999.0,-999.0
106115,SHANAO,2002,9,-999.0,-999.0,-999.0
106115,SHANAO,2002,10,186.3,-999.0,-999.0
106115,SHANAO,2002,11,134.6,-999.0,-999.0
106115,SHANAO,2002,12,25.4,-999.0,-999.0
106115,SHANAO,2003,1,70.3,-999.0,-999.0
106115,SHANAO,2003,2,52.7,-999.0,-999.0
106115,SHANAO,2003,3,181.9,-999.0,-999.0
106115,SHANAO,2003,4,148.3,-999.0,-999.0
106115,SHANAO,2003,5,75.4,-999.0,-999.0
106115,SHANAO,2003,6,93.9,-999.0,-999.0
106115,SHANAO,2003,7,49.8,-999.0,-999.0
106115,SHANAO,2003,8,52.3,-999.0,-999.0
106115,SHANAO,2003,9,145.6,-999.0,-999.0
106115,SHANAO,2003,10,139.7,-999.0,-999.0
106115,SHANAO,2003,11,115.4,-999.0,-999.0
106115,SHANAO,2003,12,213.8,-999.0,-999.0
106115,SHANAO,2004,1,38.2,-999.0,-999.0
106115,SHANAO,2004,2,188.1,-999.0,-999.0
106115,SHANAO,2004,3,130.2,-999.0,-999.0
106115,SHANAO,2004,4,89.4,-999.0,-999.0
106115,SHANAO,2004,5,159.7,-999.0,-999.0
106115,SHANAO,2004,6,73.6,-999.0,-999.0
106115,SHANAO,2004,7,99.8,-999.0,-999.0
106115,SHANAO,2004,8,60.4,-999.0,-999.0
106115,SHANAO,2004,9,76.4,-999.0,-999.0
106115,SHANAO,2004,10,74.0,-999.0,-999.0
106115,SHANAO,2004,11,85.8,-999.0,-999.0
106115,SHANAO,2004,12,125.0,-999.0,-999.0
106115,SHANAO,2005,1,-999.0,-999.0,-999.0
106115,SHANAO,2005,2,250.2,-999.0,-999.0
106115,SHANAO,2005,3,95.9,-999.0,-999.0
106115,SHANAO,2005,4,190.5,-999.0,-999.0
106115,SHANAO,2005,5,50.3,-999.0,-999.0
106115,SHANAO,2005,6,38.6,-999.0,-999.0
106115,SHANAO,2005,7,42.6,-999.0,-999.0
106115,SHANAO,2005,8,33.3,-999.0,-999.0
106115,SHANAO,2005,9,56.5,-999.0,-999.0
106115,SHANAO,2005,10,145.6,-999.0,-999.0
106115,SHANAO,2005,11,181.1,-999.0,-999.0
106115,SHANAO,2005,12,41.3,-999.0,-999.0
106115,SHANAO,2006,1,92.1,-999.0,-999.0
106115,SHANAO,2006,2,68.3,-999.0,-999.0
106115,SHANAO,2006,3,88.1,-999.0,-999.0
106115,SHANAO,2006,4,102.6,-999.0,-999.0
106115,SHANAO,2006,5,102.9,-999.0,-999.0
106115,SHANAO,2006,6,39.3,-999.0,-999.0
106115,SHANAO,2006,7,79.7,-999.0,-999.0
106115,SHANAO,2006,8,45.3,-999.0,-999.0
106115,SHANAO,2006,9,162.3,-999.0,-999.0
106115,SHANAO,2006,10,127.1,-999.0,-999.0
106115,SHANAO,2006,11,130.1,-999.0,-999.0
106115,SHANAO,2006,12,78.1,-999.0,-999.0
106115,SHANAO,2007,1,49.6,-999.0,-999.0
106115,SHANAO,2007,2,5.4,-999.0,-999.0
106115,SHANAO,2007,3,170.7,-999.0,-999.0
106115,SHANAO,2007,4,79.3,-999.0,-999.0
106115,SHANAO,2007,5,164.1,-999.0,-999.0
106115,SHANAO,2007,6,18.1,-999.0,-999.0
106115,SHANAO,2007,7,39.0,-999.0,-999.0
106115,SHANAO,2007,8,70.0,-999.0,-999.0
106115,SHANAO,2007,9,157.9,-999.0,-999.0
106115,SHANAO,2007,10,121.6,-999.0,-999.0
106115,SHANAO,2007,11,199.2,-999.0,-999.0
106115,SHANAO,2007,12,49.3,-999.0,-999.0
106115,SHANAO,2008,1,43.8,-999.0,-999.0
106115,SHANAO,2008,2,178.8,-999.0,-999.0
106115,SHANAO,2008,3,146.2,-999.0,-999.0
106115,SHANAO,2008,4,71.9,-999.0,-999.0
106115,SHANAO,2008,5,28.6,-999.0,-999.0
106115,SHANAO,2008,6,115.3,-999.0,-999.0
106115,SHANAO,2008,7,50.5,-999.0,-999.0
106115,SHANAO,2008,8,55.1,-999.0,-999.0
106115,SHANAO,2008,9,158.5,-999.0,-999.0
106115,SHANAO,2008,10,94.6,-999.0,-999.0
106115,SHANAO,2008,11,156.3,-999.0,-999.0
106115,SHANAO,2008,12,65.7,-999.0,-999.0
106115,SHANAO,2009,1,149.8,-999.0,-999.0
106115,SHANAO,2009,2,81.7,-999.0,-999.0
106115,SHANAO,2009,3,140.4,-999.0,-999.0
106115,SHANAO,2009,4,224.3,-999.0,-999.0
106115,SHANAO,2009,5,91.0,-999.0,-999.0
106115,SHANAO,2009,6,145.7,-999.0,-999.0
106115,SHANAO,2009,7,81.5,-999.0,-999.0
106115,SHANAO,2009,8,100.2,-999.0,-999.0
106115,SHANAO,2009,9,173.8,-999.0,-999.0
106115,SHANAO,2009,10,76.1,-999.0,-999.0
106115,SHANAO,2009,11,52.7,-999.0,-999.0
106115,SHANAO,2009,12,9.8,-999.0,-999.0
106115,SHANAO,2010,1,29.9,-999.0,-999.0
106115,SHANAO,2010,2,156.9,-999.0,-999.0
106115,SHANAO,2010,3,98.5,-999.0,-999.0
106115,SHANAO,2010,4,140.3,-999.0,-999.0
106115,SHANAO,2010,5,111.9,-999.0,-999.0
106115,SHANAO,2010,6,31.6,-999.0,-999.0
106115,SHANAO,2010,7,91.6,-999.0,-999.0
106115,SHANAO,2010,8,43.4,-999.0,-999.0
106115,SHANAO,2010,9,28.2,-999.0,-999.0
106115,SHANAO,2010,10,47.0,-999.0,-999.0
106115,SHANAO,2010,11,87.1,-999.0,-999.0
106115,SHANAO,2010,12,127.2,-999.0,-999.0
106115,SHANAO,2011,1,46.1,-999.0,-999.0
106115,SHANAO,2011,2,57.6,-999.0,-999.0
106115,SHANAO,2011,3,113.7,-999.0,-999.0
106115,SHANAO,2011,4,198.8,-999.0,-999.0
106115,SHANAO,2011,5,124.8,-999.0,-999.0
106115,SHANAO,2011,6,46.2,-999.0,-999.0
106115,SHANAO,2011,7,69.1,-999.0,-999.0
106115,SHANAO,2011,8,29.3,-999.0,-999.0
106115,SHANAO,2011,9,113.1,-999.0,-999.0
106115,SHANAO,2011,10,92.6,-999.0,-999.0
106115,SHANAO,2011,11,158.7,-999.0,-999.0
106115,SHANAO,2011,12,137.7,-999.0,-999.0
106115,SHANAO,2012,1,124.7,-999.0,-999.0
106115,SHANAO,2012,2,59.3,-999.0,-999.0
106115,SHANAO,2012,3,214.1,-999.0,-999.0
106115,SHANAO,2012,4,168.4,-999.0,-999.0
106115,SHANAO,2012,5,197.1,-999.0,-999.0
106115,SHANAO,2012,6,71.7,-999.0,-999.0
106115,SHANAO,2012,7,19.5,-999.0,-999.0
106115,SHANAO,2012,8,6.9,-999.0,-999.0
106115,SHANAO,2012,9,56.3,-999.0,-999.0
106115,SHANAO,2012,10,150.5,-999.0,-999.0
106115,SHANAO,2012,11,96.4,-999.0,-999.0
106115,SHANAO,2012,12,81.5,-999.0,-999.0
106115,SHANAO,2013,1,171.8,-999.0,-999.0
106115,SHANAO,2013,2,68.3,-999.0,-999.0
106115,SHANAO,2013,3,193.7,-999.0,-999.0
106115,SHANAO,2013,4,76.3,-999.0,-999.0
106115,SHANAO,2013,5,94.0,-999.0,-999.0
106115,SHANAO,2013,6,57.0,-999.0,-999.0
106115,SHANAO,2013,7,97.0,-999.0,-999.0
106115,SHANAO,2013,8,89.2,-999.0,-999.0
106115,SHANAO,2013,9,92.3,-999.0,-999.0
106115,SHANAO,2013,10,72.9,-999.0,-999.0
106115,SHANAO,2013,11,120.9,-999.0,-999.0
106115,SHANAO,2013,12,29.0,-999.0,-999.0
106115,SHANAO,2014,1,89.3,-999.0,-999.0
106115,SHANAO,2014,2,61.9,-999.0,-999.0
106115,SHANAO,2014,3,194.9,-999.0,-999.0
106115,SHANAO,2014,4,128.2,-999.0,-999.0
106115,SHANAO,2014,5,147.0,-999.0,-999.0
106115,SHANAO,2014,6,64.2,-999.0,-999.0
106115,SHANAO,2014,7,101.9,-999.0,-999.0
106115,SHANAO,2014,8,43.8,-999.0,-999.0
106115,SHANAO,2014,9,126.4,-999.0,-999.0
106115,SHANAO,2014,10,208.8,-999.0,-999.0
106115,SHANAO,2014,11,125.4,-999.0,-999.0
106115,SHANAO,2014,12,34.1,-999.0,-999.0
106115,SHANAO,2015,1,205.2,-999.0,-999.0
106115,SHANAO,2015,2,151.7,-999.0,-999.0
106115,SHANAO,2015,3,112.1,-999.0,-999.0
106115,SHANAO,2015,4,165.4,-999.0,-999.0
106115,SHANAO,2015,5,155.6,-999.0,-999.0
106115,SHANAO,2015,6,92.5,-999.0,-999.0
106115,SHANAO,2015,7,64.3,-999.0,-999.0
106115,SHANAO,2015,8,99.6,-999.0,-999.0
106115,SHANAO,2015,9,54.9,-999.0,-999.0
106115,SHANAO,2015,10,155.7,-999.0,-999.0
106115,SHANAO,2015,11,126.1,-999.0,-999.0
106115,SHANAO,2015,12,136.8,-999.0,-999.0
106115,SHANAO,2016,1,66.3,-999.0,-999.0
106115,SHANAO,2016,2,156.1,-999.0,-999.0
106115,SHANAO,2016,3,208.9,-999.0,-999.0
106115,SHANAO,2016,4,171.3,-999.0,-999.0
106115,SHANAO,2016,5,122.2,-999.0,-999.0
106115,SHANAO,2016,6,39.1,-999.0,-999.0
106115,SHANAO,2016,7,35.6,-999.0,-999.0
106115,SHANAO,2016,8,44.8,-999.0,-999.0
106115,SHANAO,2016,9,100.7,-999.0,-999.0
106115,SHANAO,2016,10,121.8,-999.0,-999.0
106115,SHANAO,2016,11,33.1,-999.0,-999.0
106115,SHANAO,2016,12,141.2,-999.0,-999.0
106115,SHANAO,2017,1,138.8,-999.0,-999.0
106115,SHANAO,2017,2,180.4,-999.0,-999.0
106115,SHANAO,2017,3,151.4,-999.0,-999.0
106115,SHANAO,2017,4,128.9,-999.0,-999.0
106115,SHANAO,2017,5,184.6,-999.0,-999.0
106115,SHANAO,2017,6,55.2,-999.0,-999.0
106115,SHANAO,2017,7,69.6,-999.0,-999.0
106115,SHANAO,2017,8,80.8,-999.0,-999.0
106115,SHANAO,2017,9,89.3,-999.0,-999.0
106115,SHANAO,2017,10,56.8,-999.0,-999.0
106115,SHANAO,2017,11,211.8,-999.0,-999.0
106115,SHANAO,2017,12,56.7,-999.0,-999.0
106115,SHANAO,2018,1,170.2,-999.0,-999.0
106115,SHANAO,2018,2,98.8,-999.0,-999.0
106115,SHANAO,2018,3,136.2,-999.0,-999.0
106115,SHANAO,2018,4,135.8,-999.0,-999.0
106115,SHANAO,2018,5,82.9,-999.0,-999.0
106115,SHANAO,2018,6,44.0,-999.0,-999.0
106115,SHANAO,2018,7,61.9,-999.0,-999.0
106115,SHANAO,2018,8,75.1,-999.0,-999.0
106115,SHANAO,2018,9,66.6,-999.0,-999.0
106115,SHANAO,2018,10,199.2,-999.0,-999.0
106115,SHANAO,2018,11,69.9,-999.0,-999.0
106115,SHANAO,2018,12,80.8,-999.0,-999.0
106115,SHANAO,2019,1,160.9,-999.0,-999.0
106115,SHANAO,2019,2,223.2,-999.0,-999.0
106115,SHANAO,2019,3,84.0,-999.0,-999.0
106115,SHANAO,2019,4,98.1,-999.0,-999.0
106115,SHANAO,2019,5,47.8,-999.0,-999.0
106115,SHANAO,2019,6,-999.0,-999.0,-999.0
106115,SHANAO,2019,7,135.5,-999.0,-999.0
106115,SHANAO,2019,8,30.4,-999.0,-999.0
106115,SHANAO,2019,9,102.6,-999.0,-999.0
106115,SHANAO,2019,10,189.6,-999.0,-999.0
106115,SHANAO,2019,11,114.7,-999.0,-999.0
106115,SHANAO,2019,12,128.2,-999.0,-999.0
106115,SHANAO,2020,1,45.3,-999.0,-999.0
106115,SHANAO,2020,2,100.3,-999.0,-999.0
106115,SHANAO,2020,3,-999.0,-999.0,-999.0
106115,SHANAO,2020,4,-999.0,-999.0,-999.0
106115,SHANAO,2020,5,-999.0,-999.0,-999.0
106115,SHANAO,2020,6,-999.0,-999.0,-999.0
106115,SHANAO,2020,7,-999.0,-999.0,-999.0
106115,SHANAO,2020,8,-999.0,-999.0,-999.0
106115,SHANAO,2020,9,-999.0,-999.0,-999.0
106115,SHANAO,2020,10,-999.0,-999.0,-999.0
106115,SHANAO,2020,11,-999.0,-999.0,-999.0
106115,SHANAO,2020,12,-999.0,-999.0,-999.0
106115,SHANAO,2021,1,-999.0,-999.0,-999.0
106115,SHANAO,2021,2,-999.0,-999.0,-999.0
106115,SHANAO,2021,3,-999.0,-999.0,-999.0
106115,SHANAO,2021,4,-999.0,-999.0,-999.0
106115,SHANAO,2021,5,-999.0,-999.0,-999.0
106115,SHANAO,2021,6,-999.0,-999.0,-999.0
106115,SHANAO,2021,7,-999.0,-999.0,-999.0
106115,SHANAO,2021,8,-999.0,-999.0,-999.0
106115,SHANAO,2021,9,-999.0,-999.0,-999.0
106115,SHANAO,2021,10,-999.0,-999.0,-999.0
106115,SHANAO,2021,11,-999.0,-999.0,-999.0
106115,SHANAO,2021,12,-999.0,-999.0,-999.0
106115,SHANAO,2022,1,-999.0,-999.0,-999.0
106115,SHANAO,2022,2,-999.0,-999.0,-999.0
106115,SHANAO,2022,3,-999.0,-999.0,-999.0
106115,SHANAO,2022,4,-999.0,-999.0,-999.0
106115,SHANAO,2022,5,-999.0,-999.0,-999.0
106115,SHANAO,2022,6,-999.0,-999.0,-999.0
106115,SHANAO,2022,7,-999.0,-999.0,-999.0
106115,SHANAO,2022,8,94.4,-999.0,-999.0
106115,SHANAO,2022,9,126.6,-999.0,-999.0
106115,SHANAO,2022,10,40.6,-999.0,-999.0
106115,SHANAO,2022,11,135.5,-999.0,-999.0
106115,SHANAO,2022,12,-999.0,-999.0,-999.0
106115,SHANAO,2023,1,191.7,-999.0,-999.0
106115,SHANAO,2023,2,222.2,-999.0,-999.0
106115,SHANAO,2023,3,305.9,-999.0,-999.0
106115,SHANAO,2023,4,149.5,-999.0,-999.0
106115,SHANAO,2023,5,48.3,-999.0,-999.0
106115,SHANAO,2023,6,20.8,-999.0,-999.0
106115,SHANAO,2023,7,60.3,-999.0,-999.0
106115,SHANAO,2023,8,64.6,-999.0,-999.0
106115,SHANAO,2023,9,62.0,-999.0,-999.0
106115,SHANAO,2023,10,88.4,-999.0,-999.0
106115,SHANAO,2023,11,154.8,-999.0,-999.0
106115,SHANAO,2023,12,170.3,-999.0,-999.0
106115,SHANAO,2024,1,90.5,-999.0,-999.0
106115,SHANAO,2024,2,260.6,-999.0,-999.0
106115,SHANAO,2024,3,203.2,-999.0,-999.0
106115,SHANAO,2024,4,51.5,-999.0,-999.0
106115,SHANAO,2024,5,124.9,-999.0,-999.0
106115,SHANAO,2024,6,27.7,-999.0,-999.0
106115,SHANAO,2024,7,15.5,-999.0,-999.0
106115,SHANAO,2024,8,2.6,-999.0,-999.0
106115,SHANAO,2024,9,100.8,-999.0,-999.0
106115,SHANAO,2024,10,109.0,-999.0,-999.0
106115,SHANAO,2024,11,88.4,-999.0,-999.0
106115,SHANAO,2024,12,67.8,-999.0,-999.0
106115,SHANAO,2025,1,88.0,-999.0,-999.0
106115,SHANAO,2025,2,174.3,-999.0,-999.0
106115,SHANAO,2025,3,122.8,-999.0,-999.0
106115,SHANAO,2025,4,158.4,-999.0,-999.0
106115,SHANAO,2025,5,178.1,-999.0,-999.0
106115,SHANAO,2025,6,137.0,-999.0,-999.0
106115,SHANAO,2025,7,27.5,-999.0,-999.0
106115,SHANAO,2025,8,28.5,-999.0,-999.0
106115,SHANAO,2025,9,75.9,-999.0,-999.0
106115,SHANAO,2025,10,131.0,-999.0,-999.0
106115,SHANAO,2025,11,110.8,-999.0,-999.0
106115,SHANAO,2025,12,27.0,-999.0,-999.0
