CODIGO,ESTACION,YEAR,MONTH,PP,TMAX,TMIN
106108,LAMBAYEQUE,1990,1,2.1,27.8,19.76
106108,LAMBAYEQUE,1990,2,0.1,29.96,21.38
106108,LAMBAYEQUE,1990,3,2.3,29.97,21.46
106108,LAMBAYEQUE,1990,4,0.0,28.08,19.63
106108,LAMBAYEQUE,1990,5,0.0,26.3,19.74
106108,LAMBAYEQUE,1990,6,0.0,23.79,17.28
106108,LAMBAYEQUE,1990,7,0.0,22.12,15.92
106108,LAMBAYEQUE,1990,8,0.0,21.94,-999.0
106108,LAMBAYEQUE,1990,9,0.0,22.38,15.42
106108,LAMBAYEQUE,1990,10,0.6,22.69,16.25
106108,LAMBAYEQUE,1990,11,3.2,23.68,16.8
106108,LAMBAYEQUE,1990,12,0.1,25.84,18.56
106108,LAMBAYEQUE,1991,1,0.9,27.74,19.87
106108,LAMBAYEQUE,1991,2,1.0,29.16,21.7
106108,LAMBAYEQUE,1991,3,1.7,29.94,22.68
106108,LAMBAYEQUE,1991,4,0.8,-999.0,20.74
106108,LAMBAYEQUE,1991,5,0.0,26.9,19.19
106108,LAMBAYEQUE,1991,6,0.1,24.49,18.02
106108,LAMBAYEQUE,1991,7,0.0,22.29,16.68
106108,LAMBAYEQUE,1991,8,0.0,21.36,16.52
106108,LAMBAYEQUE,1991,9,0.1,21.88,17.37
106108,LAMBAYEQUE,1991,10,0.0,23.23,18.16
106108,LAMBAYEQUE,1991,11,0.1,24.25,18.3
106108,LAMBAYEQUE,1991,12,0.2,25.91,20.95
106108,LAMBAYEQUE,1992,1,0.7,29.37,23.8
106108,LAMBAYEQUE,1992,2,0.0,30.2,-999.0
106108,LAMBAYEQUE,1992,3,23.8,30.85,25.03
106108,LAMBAYEQUE,1992,4,16.1,29.92,24.74
106108,LAMBAYEQUE,1992,5,0.0,28.2,22.24
106108,LAMBAYEQUE,1992,6,0.0,24.44,18.8
106108,LAMBAYEQUE,1992,7,0.0,22.71,16.34
106108,LAMBAYEQUE,1992,8,0.0,22.6,16.65
106108,LAMBAYEQUE,1992,9,0.0,23.08,16.64
106108,LAMBAYEQUE,1992,10,2.3,23.47,17.2
106108,LAMBAYEQUE,1992,11,0.1,24.89,18.49
106108,LAMBAYEQUE,1992,12,0.5,25.2,18.27
106108,LAMBAYEQUE,1993,1,0.0,27.2,20.37
106108,LAMBAYEQUE,1993,2,3.3,28.91,23.05
106108,LAMBAYEQUE,1993,3,6.7,29.02,22.89
106108,LAMBAYEQUE,1993,4,3.3,29.03,22.16
106108,LAMBAYEQUE,1993,5,-999.0,26.85,20.85
106108,LAMBAYEQUE,1993,6,0.0,25.22,20.17
106108,LAMBAYEQUE,1993,7,0.0,23.54,18.33
106108,LAMBAYEQUE,1993,8,0.0,23.49,17.86
106108,LAMBAYEQUE,1993,9,0.0,23.37,17.16
106108,LAMBAYEQUE,1993,10,1.5,24.23,18.11
106108,LAMBAYEQUE,1993,11,1.4,24.44,18.06
106108,LAMBAYEQUE,1993,12,0.0,25.87,19.64
106108,LAMBAYEQUE,1994,1,0.3,27.77,21.28
106108,LAMBAYEQUE,1994,2,4.7,28.89,21.92
106108,LAMBAYEQUE,1994,3,20.2,28.91,21.58
106108,LAMBAYEQUE,1994,4,13.2,27.39,20.22
106108,LAMBAYEQUE,1994,5,0.2,26.0,19.51
106108,LAMBAYEQUE,1994,6,0.0,22.81,17.64
106108,LAMBAYEQUE,1994,7,0.0,22.6,16.86
106108,LAMBAYEQUE,1994,8,0.0,21.49,16.13
106108,LAMBAYEQUE,1994,9,0.0,22.03,16.5
106108,LAMBAYEQUE,1994,10,0.0,23.27,17.25
106108,LAMBAYEQUE,1994,11,0.6,23.9,18.43
106108,LAMBAYEQUE,1994,12,1.9,25.03,20.38
106108,LAMBAYEQUE,1995,1,5.8,27.06,21.57
106108,LAMBAYEQUE,1995,2,0.0,28.88,23.56
106108,LAMBAYEQUE,1995,3,0.4,27.68,21.95
106108,LAMBAYEQUE,1995,4,0.1,26.19,-999.0
106108,LAMBAYEQUE,1995,5,0.2,24.07,-999.0
106108,LAMBAYEQUE,1995,6,0.0,24.05,18.4
106108,LAMBAYEQUE,1995,7,0.1,23.01,-999.0
106108,LAMBAYEQUE,1995,8,0.0,22.78,18.3
106108,LAMBAYEQUE,1995,9,0.1,22.97,18.14
106108,LAMBAYEQUE,1995,10,0.7,23.44,16.36
106108,LAMBAYEQUE,1995,11,0.6,25.08,16.65
106108,LAMBAYEQUE,1995,12,0.2,26.02,17.0
106108,LAMBAYEQUE,1996,1,0.0,27.87,18.5
106108,LAMBAYEQUE,1996,2,1.7,29.04,19.92
106108,LAMBAYEQUE,1996,3,6.2,28.02,20.03
106108,LAMBAYEQUE,1996,4,0.7,25.82,17.58
106108,LAMBAYEQUE,1996,5,2.5,24.13,15.8
106108,LAMBAYEQUE,1996,6,0.0,21.98,14.84
106108,LAMBAYEQUE,1996,7,0.0,21.29,14.11
106108,LAMBAYEQUE,1996,8,0.0,21.95,14.31
106108,LAMBAYEQUE,1996,9,0.0,22.3,14.6
106108,LAMBAYEQUE,1996,10,1.5,23.15,15.2
106108,LAMBAYEQUE,1996,11,0.0,23.94,14.74
106108,LAMBAYEQUE,1996,12,0.0,25.67,16.82
106108,LAMBAYEQUE,1997,1,0.3,27.81,18.08
106108,LAMBAYEQUE,1997,2,-999.0,29.66,20.24
106108,LAMBAYEQUE,1997,3,0.0,30.6,21.33
106108,LAMBAYEQUE,1997,4,-999.0,29.04,20.73
106108,LAMBAYEQUE,1997,5,0.0,29.64,20.92
106108,LAMBAYEQUE,1997,6,0.0,29.11,21.44
106108,LAMBAYEQUE,1997,7,0.0,28.23,20.14
106108,LAMBAYEQUE,1997,8,0.0,28.03,20.6
106108,LAMBAYEQUE,1997,9,0.1,28.74,20.54
106108,LAMBAYEQUE,1997,10,0.8,28.1,19.52
106108,LAMBAYEQUE,1997,11,4.4,29.06,21.36
106108,LAMBAYEQUE,1997,12,28.0,30.66,23.68
106108,LAMBAYEQUE,1998,1,42.1,32.35,24.89
106108,LAMBAYEQUE,1998,2,110.0,32.37,25.1
106108,LAMBAYEQUE,1998,3,116.2,31.4,24.53
106108,LAMBAYEQUE,1998,4,7.2,29.59,22.78
106108,LAMBAYEQUE,1998,5,2.0,28.29,21.33
106108,LAMBAYEQUE,1998,6,0.0,26.38,18.36
106108,LAMBAYEQUE,1998,7,0.0,24.81,16.66
106108,LAMBAYEQUE,1998,8,0.0,23.58,15.68
106108,LAMBAYEQUE,1998,9,0.0,24.06,15.6
106108,LAMBAYEQUE,1998,10,0.5,24.71,16.4
106108,LAMBAYEQUE,1998,11,0.2,25.09,16.51
106108,LAMBAYEQUE,1998,12,1.2,26.53,16.03
106108,LAMBAYEQUE,1999,1,2.3,27.07,18.48
106108,LAMBAYEQUE,1999,2,31.9,29.22,21.5
106108,LAMBAYEQUE,1999,3,1.2,29.42,20.17
106108,LAMBAYEQUE,1999,4,10.9,27.1,18.33
106108,LAMBAYEQUE,1999,5,1.6,24.8,16.67
106108,LAMBAYEQUE,1999,6,1.5,23.32,15.64
106108,LAMBAYEQUE,1999,7,0.4,22.4,15.0
106108,LAMBAYEQUE,1999,8,0.0,22.79,14.95
106108,LAMBAYEQUE,1999,9,1.6,22.92,15.29
106108,LAMBAYEQUE,1999,10,2.9,23.69,15.22
106108,LAMBAYEQUE,1999,11,0.0,24.88,15.42
106108,LAMBAYEQUE,1999,12,2.1,26.48,17.26
106108,LAMBAYEQUE,2000,1,0.6,27.76,18.4
106108,LAMBAYEQUE,2000,2,-999.0,29.11,20.69
106108,LAMBAYEQUE,2000,3,3.6,28.56,19.97
106108,LAMBAYEQUE,2000,4,3.8,27.67,19.41
106108,LAMBAYEQUE,2000,5,0.5,25.15,17.41
106108,LAMBAYEQUE,2000,6,5.8,22.96,17.24
106108,LAMBAYEQUE,2000,7,0.0,21.99,16.18
106108,LAMBAYEQUE,2000,8,0.0,23.26,15.94
106108,LAMBAYEQUE,2000,9,3.1,23.6,15.44
106108,LAMBAYEQUE,2000,10,0.0,24.28,15.7
106108,LAMBAYEQUE,2000,11,0.5,24.65,15.04
106108,LAMBAYEQUE,2000,12,1.8,26.9,17.76
106108,LAMBAYEQUE,2001,1,0.1,28.77,18.9
106108,LAMBAYEQUE,2001,2,1.6,30.05,20.74
106108,LAMBAYEQUE,2001,3,58.1,29.78,21.52
106108,LAMBAYEQUE,2001,4,11.2,27.48,19.65
106108,LAMBAYEQUE,2001,5,0.2,24.08,16.83
106108,LAMBAYEQUE,2001,6,2.1,21.55,16.5
106108,LAMBAYEQUE,2001,7,0.0,22.34,16.17
106108,LAMBAYEQUE,2001,8,0.0,21.9,15.33
106108,LAMBAYEQUE,2001,9,0.0,22.19,14.48
106108,LAMBAYEQUE,2001,10,0.7,22.91,15.28
106108,LAMBAYEQUE,2001,11,0.0,24.48,16.23
106108,LAMBAYEQUE,2001,12,2.8,25.9,17.41
106108,LAMBAYEQUE,2002,1,0.0,27.55,18.22
106108,LAMBAYEQUE,2002,2,16.0,29.73,21.47
106108,LAMBAYEQUE,2002,3,17.8,31.13,23.05
106108,LAMBAYEQUE,2002,4,6.2,29.44,20.94
106108,LAMBAYEQUE,2002,5,0.0,27.89,18.17
106108,LAMBAYEQUE,2002,6,0.0,24.75,15.95
106108,LAMBAYEQUE,2002,7,0.2,23.26,15.61
106108,LAMBAYEQUE,2002,8,0.0,22.98,15.84
106108,LAMBAYEQUE,2002,9,0.0,23.15,15.0
106108,LAMBAYEQUE,2002,10,1.2,24.71,16.9
106108,LAMBAYEQUE,2002,11,2.1,25.5,17.63
106108,LAMBAYEQUE,2002,12,1.9,27.52,19.38
106108,LAMBAYEQUE,2003,1,1.5,28.91,20.67
106108,LAMBAYEQUE,2003,2,4.8,29.64,21.33
106108,LAMBAYEQUE,2003,3,0.1,28.98,19.86
106108,LAMBAYEQUE,2003,4,0.0,26.66,18.07
106108,LAMBAYEQUE,2003,5,0.0,24.54,16.59
106108,LAMBAYEQUE,2003,6,2.2,23.63,15.76
106108,LAMBAYEQUE,2003,7,0.0,23.23,15.01
106108,LAMBAYEQUE,2003,8,0.0,22.59,14.91
106108,LAMBAYEQUE,2003,9,0.0,22.4,15.47
106108,LAMBAYEQUE,2003,10,0.0,23.82,15.51
106108,LAMBAYEQUE,2003,11,14.7,24.52,16.72
106108,LAMBAYEQUE,2003,12,0.0,27.02,18.6
106108,LAMBAYEQUE,2004,1,0.0,29.13,19.69
106108,LAMBAYEQUE,2004,2,2.3,30.77,21.1
106108,LAMBAYEQUE,2004,3,12.1,30.82,20.2
106108,LAMBAYEQUE,2004,4,0.0,33.4,21.2
106108,LAMBAYEQUE,2004,5,0.8,24.65,16.4
106108,LAMBAYEQUE,2004,6,0.0,22.59,15.26
106108,LAMBAYEQUE,2004,7,0.4,22.4,15.62
106108,LAMBAYEQUE,2004,8,0.0,22.51,14.39
106108,LAMBAYEQUE,2004,9,1.3,23.49,15.65
106108,LAMBAYEQUE,2004,10,2.2,24.46,16.33
106108,LAMBAYEQUE,2004,11,0.0,25.37,17.27
106108,LAMBAYEQUE,2004,12,0.8,27.03,18.27
106108,LAMBAYEQUE,2005,1,0.3,29.04,20.17
106108,LAMBAYEQUE,2005,2,3.3,29.28,20.65
106108,LAMBAYEQUE,2005,3,-999.0,28.75,20.23
106108,LAMBAYEQUE,2005,4,0.0,27.97,18.74
106108,LAMBAYEQUE,2005,5,0.0,24.66,17.2
106108,LAMBAYEQUE,2005,6,0.0,23.76,15.86
106108,LAMBAYEQUE,2005,7,-999.0,-999.0,-999.0
106108,LAMBAYEQUE,2005,8,-999.0,-999.0,-999.0
106108,LAMBAYEQUE,2005,9,-999.0,-999.0,-999.0
106108,LAMBAYEQUE,2005,10,-999.0,-999.0,-999.0
106108,LAMBAYEQUE,2005,11,-999.0,-999.0,-999.0
106108,LAMBAYEQUE,2005,12,-999.0,-999.0,-999.0
106108,LAMBAYEQUE,2006,1,-999.0,-999.0,-999.0
106108,LAMBAYEQUE,2006,2,-999.0,-999.0,-999.0
106108,LAMBAYEQUE,2006,3,-999.0,-999.0,-999.0
106108,LAMBAYEQUE,2006,4,-999.0,-999.0,-999.0
106108,LAMBAYEQUE,2006,5,-999.0,-999.0,-999.0
106108,LAMBAYEQUE,2006,6,-999.0,-999.0,-999.0
106108,LAMBAYEQUE,2006,7,-999.0,-999.0,-999.0
106108,LAMBAYEQUE,2006,8,-999.0,-999.0,-999.0
106108,LAMBAYEQUE,2006,9,-999.0,-999.0,-999.0
106108,LAMBAYEQUE,2006,10,-999.0,-999.0,-999.0
106108,LAMBAYEQUE,2006,11,-999.0,-999.0,-999.0
106108,LAMBAYEQUE,2006,12,-999.0,26.18,17.54
106108,LAMBAYEQUE,2007,1,-999.0,-999.0,20.9
106108,LAMBAYEQUE,2007,2,0.0,28.5,21.06
106108,LAMBAYEQUE,2007,3,2.5,28.16,20.08
106108,LAMBAYEQUE,2007,4,0.0,26.28,18.08
106108,LAMBAYEQUE,2007,5,0.0,23.11,15.69
106108,LAMBAYEQUE,2007,6,0.0,21.16,14.46
106108,LAMBAYEQUE,2007,7,0.0,-999.0,14.53
106108,LAMBAYEQUE,2007,8,0.0,20.83,14.19
106108,LAMBAYEQUE,2007,9,0.0,20.57,14.17
106108,LAMBAYEQUE,2007,10,0.0,20.77,14.37
106108,LAMBAYEQUE,2007,11,0.0,23.05,15.55
106108,LAMBAYEQUE,2007,12,0.0,24.18,16.3
106108,LAMBAYEQUE,2008,1,2.1,27.6,19.53
106108,LAMBAYEQUE,2008,2,9.3,29.47,21.29
106108,LAMBAYEQUE,2008,3,23.3,29.05,21.96
106108,LAMBAYEQUE,2008,4,5.1,26.24,18.59
106108,LAMBAYEQUE,2008,5,0.0,23.51,17.12
106108,LAMBAYEQUE,2008,6,0.0,23.03,17.7
106108,LAMBAYEQUE,2008,7,0.0,22.96,17.18
106108,LAMBAYEQUE,2008,8,0.0,22.74,17.26
106108,LAMBAYEQUE,2008,9,0.0,23.1,16.36
106108,LAMBAYEQUE,2008,10,0.0,23.05,16.01
106108,LAMBAYEQUE,2008,11,0.0,23.89,16.18
106108,LAMBAYEQUE,2008,12,0.0,25.42,16.77
106108,LAMBAYEQUE,2009,1,8.6,27.55,19.68
106108,LAMBAYEQUE,2009,2,3.1,28.65,20.57
106108,LAMBAYEQUE,2009,3,4.4,28.23,-999.0
106108,LAMBAYEQUE,2009,4,0.0,27.1,19.03
106108,LAMBAYEQUE,2009,5,0.5,25.19,17.35
106108,LAMBAYEQUE,2009,6,0.0,23.64,17.47
106108,LAMBAYEQUE,2009,7,0.0,22.87,16.3
106108,LAMBAYEQUE,2009,8,0.0,22.15,15.95
106108,LAMBAYEQUE,2009,9,0.0,22.82,16.29
106108,LAMBAYEQUE,2009,10,0.0,22.99,16.1
106108,LAMBAYEQUE,2009,11,0.7,23.8,17.17
106108,LAMBAYEQUE,2009,12,5.7,26.18,19.49
106108,LAMBAYEQUE,2010,1,0.0,28.38,21.67
106108,LAMBAYEQUE,2010,2,20.9,28.95,21.99
106108,LAMBAYEQUE,2010,3,15.0,27.94,21.08
106108,LAMBAYEQUE,2010,4,0.7,26.75,19.53
106108,LAMBAYEQUE,2010,5,0.0,24.84,17.8
106108,LAMBAYEQUE,2010,6,0.0,23.29,16.26
106108,LAMBAYEQUE,2010,7,0.0,21.63,14.72
106108,LAMBAYEQUE,2010,8,0.0,21.17,14.45
106108,LAMBAYEQUE,2010,9,0.0,21.43,14.33
106108,LAMBAYEQUE,2010,10,4.9,21.77,14.5
106108,LAMBAYEQUE,2010,11,3.2,22.62,14.62
106108,LAMBAYEQUE,2010,12,0.0,25.15,16.8
106108,LAMBAYEQUE,2011,1,3.7,26.84,18.38
106108,LAMBAYEQUE,2011,2,0.0,28.5,20.2
106108,LAMBAYEQUE,2011,3,0.0,27.6,18.95
106108,LAMBAYEQUE,2011,4,8.5,26.44,18.57
106108,LAMBAYEQUE,2011,5,0.0,25.43,18.68
106108,LAMBAYEQUE,2011,6,0.0,24.66,17.88
106108,LAMBAYEQUE,2011,7,0.0,23.0,16.35
106108,LAMBAYEQUE,2011,8,0.0,22.36,15.56
106108,LAMBAYEQUE,2011,9,0.0,22.1,15.01
106108,LAMBAYEQUE,2011,10,0.0,23.09,15.09
106108,LAMBAYEQUE,2011,11,0.0,24.42,16.61
106108,LAMBAYEQUE,2011,12,7.5,26.45,17.73
106108,LAMBAYEQUE,2012,1,0.0,28.29,19.73
106108,LAMBAYEQUE,2012,2,26.4,29.45,20.69
106108,LAMBAYEQUE,2012,3,31.4,29.3,20.78
106108,LAMBAYEQUE,2012,4,0.0,28.63,20.69
106108,LAMBAYEQUE,2012,5,0.0,26.98,19.41
106108,LAMBAYEQUE,2012,6,0.0,26.52,19.25
106108,LAMBAYEQUE,2012,7,0.0,24.92,17.54
106108,LAMBAYEQUE,2012,8,0.0,23.82,15.84
106108,LAMBAYEQUE,2012,9,0.0,24.21,16.09
106108,LAMBAYEQUE,2012,10,0.0,24.13,16.75
106108,LAMBAYEQUE,2012,11,0.9,25.22,17.35
106108,LAMBAYEQUE,2012,12,0.5,26.34,18.09
106108,LAMBAYEQUE,2013,1,0.0,28.29,20.08
106108,LAMBAYEQUE,2013,2,2.1,29.19,20.35
106108,LAMBAYEQUE,2013,3,19.8,28.16,20.21
106108,LAMBAYEQUE,2013,4,2.2,24.62,17.16
106108,LAMBAYEQUE,2013,5,3.6,24.32,17.42
106108,LAMBAYEQUE,2013,6,0.0,22.62,15.78
106108,LAMBAYEQUE,2013,7,0.0,21.75,14.75
106108,LAMBAYEQUE,2013,8,0.0,21.63,14.61
106108,LAMBAYEQUE,2013,9,0.0,22.64,15.06
106108,LAMBAYEQUE,2013,10,3.4,22.56,15.57
106108,LAMBAYEQUE,2013,11,0.0,23.49,15.64
106108,LAMBAYEQUE,2013,12,0.0,26.75,18.06
106108,LAMBAYEQUE,2014,1,0.0,29.51,21.04
106108,LAMBAYEQUE,2014,2,0.0,28.62,20.57
106108,LAMBAYEQUE,2014,3,0.4,28.53,20.38
106108,LAMBAYEQUE,2014,4,0.0,27.14,18.57
106108,LAMBAYEQUE,2014,5,3.7,26.74,20.6
106108,LAMBAYEQUE,2014,6,0.0,26.11,19.65
106108,LAMBAYEQUE,2014,7,0.0,24.11,16.32
106108,LAMBAYEQUE,2014,8,0.0,23.56,15.84
106108,LAMBAYEQUE,2014,9,2.6,23.65,15.77
106108,LAMBAYEQUE,2014,10,0.0,23.92,16.86
106108,LAMBAYEQUE,2014,11,1.5,25.31,17.29
106108,LAMBAYEQUE,2014,12,2.4,26.91,18.41
106108,LAMBAYEQUE,2015,1,0.0,28.03,20.02
106108,LAMBAYEQUE,2015,2,0.5,28.95,21.56
106108,LAMBAYEQUE,2015,3,31.7,29.41,21.44
106108,LAMBAYEQUE,2015,4,0.7,28.05,20.23
106108,LAMBAYEQUE,2015,5,0.4,27.87,21.04
106108,LAMBAYEQUE,2015,6,0.0,27.01,19.73
106108,LAMBAYEQUE,2015,7,0.0,25.47,18.24
106108,LAMBAYEQUE,2015,8,0.0,24.44,16.98
106108,LAMBAYEQUE,2015,9,0.0,25.84,18.02
106108,LAMBAYEQUE,2015,10,0.9,25.95,18.69
106108,LAMBAYEQUE,2015,11,0.0,26.59,19.36
106108,LAMBAYEQUE,2015,12,0.8,27.87,20.96
106108,LAMBAYEQUE,2016,1,4.9,29.59,22.05
106108,LAMBAYEQUE,2016,2,1.8,30.6,23.07
106108,LAMBAYEQUE,2016,3,0.9,30.76,22.45
106108,LAMBAYEQUE,2016,4,7.7,27.71,20.35
106108,LAMBAYEQUE,2016,5,0.0,26.51,18.2
106108,LAMBAYEQUE,2016,6,0.0,25.29,16.86
106108,LAMBAYEQUE,2016,7,0.0,24.94,15.82
106108,LAMBAYEQUE,2016,8,0.0,24.76,-999.0
106108,LAMBAYEQUE,2016,9,0.0,24.76,-999.0
106108,LAMBAYEQUE,2016,10,0.0,25.41,-999.0
106108,LAMBAYEQUE,2016,11,0.0,25.5,16.09
106108,LAMBAYEQUE,2016,12,0.9,27.62,18.26
106108,LAMBAYEQUE,2017,1,2.2,30.48,21.04
106108,LAMBAYEQUE,2017,2,69.5,31.66,22.77
106108,LAMBAYEQUE,2017,3,124.6,31.58,23.53
106108,LAMBAYEQUE,2017,4,0.0,28.34,20.62
106108,LAMBAYEQUE,2017,5,0.0,26.95,18.84
106108,LAMBAYEQUE,2017,6,0.3,24.68,17.71
106108,LAMBAYEQUE,2017,7,0.0,23.2,16.32
106108,LAMBAYEQUE,2017,8,0.0,22.95,16.0
106108,LAMBAYEQUE,2017,9,5.4,23.13,15.73
106108,LAMBAYEQUE,2017,10,0.3,23.06,15.54
106108,LAMBAYEQUE,2017,11,0.0,23.52,14.93
106108,LAMBAYEQUE,2017,12,0.3,26.51,16.46
106108,LAMBAYEQUE,2018,1,4.9,27.77,18.66
106108,LAMBAYEQUE,2018,2,0.3,28.53,20.24
106108,LAMBAYEQUE,2018,3,1.3,27.13,19.21
106108,LAMBAYEQUE,2018,4,2.3,27.12,18.85
106108,LAMBAYEQUE,2018,5,0.5,24.47,17.44
106108,LAMBAYEQUE,2018,6,0.0,22.44,16.69
106108,LAMBAYEQUE,2018,7,0.0,22.72,16.34
106108,LAMBAYEQUE,2018,8,0.0,22.56,16.01
106108,LAMBAYEQUE,2018,9,0.0,22.95,15.87
106108,LAMBAYEQUE,2018,10,0.5,24.16,16.51
106108,LAMBAYEQUE,2018,11,1.0,25.61,18.33
106108,LAMBAYEQUE,2018,12,5.4,27.61,19.66
106108,LAMBAYEQUE,2019,1,0.0,29.89,21.84
106108,LAMBAYEQUE,2019,2,19.7,30.35,23.13
106108,LAMBAYEQUE,2019,3,3.1,29.02,21.23
106108,LAMBAYEQUE,2019,4,1.6,27.17,19.81
106108,LAMBAYEQUE,2019,5,0.1,26.91,19.13
106108,LAMBAYEQUE,2019,6,0.0,24.54,17.07
106108,LAMBAYEQUE,2019,7,0.3,22.31,15.91
106108,LAMBAYEQUE,2019,8,0.0,21.49,15.22
106108,LAMBAYEQUE,2019,9,0.0,22.35,15.59
106108,LAMBAYEQUE,2019,10,0.9,23.23,16.02
106108,LAMBAYEQUE,2019,11,0.0,24.5,17.67
106108,LAMBAYEQUE,2019,12,2.1,26.95,19.82
106108,LAMBAYEQUE,2020,1,0.0,28.46,20.9
106108,LAMBAYEQUE,2020,2,0.2,28.83,21.49
106108,LAMBAYEQUE,2020,3,-999.0,-999.0,-999.0
106108,LAMBAYEQUE,2020,4,-999.0,-999.0,-999.0
106108,LAMBAYEQUE,2020,5,-999.0,-999.0,-999.0
106108,LAMBAYEQUE,2020,6,-999.0,-999.0,-999.0
106108,LAMBAYEQUE,2020,7,1.6,21.74,15.1
106108,LAMBAYEQUE,2020,8,-999.0,-999.0,-999.0
106108,LAMBAYEQUE,2020,9,0.3,22.16,14.95
106108,LAMBAYEQUE,2020,10,1.4,23.1,15.78
106108,LAMBAYEQUE,2020,11,3.2,23.89,15.79
106108,LAMBAYEQUE,2020,12,5.3,26.12,18.09
106108,LAMBAYEQUE,2021,1,3.7,27.48,18.98
106108,LAMBAYEQUE,2021,2,0.0,28.94,19.95
106108,LAMBAYEQUE,2021,3,11.6,29.09,20.79
106108,LAMBAYEQUE,2021,4,7.1,25.96,17.95
106108,LAMBAYEQUE,2021,5,4.0,23.73,17.4
106108,LAMBAYEQUE,2021,6,0.3,23.15,17.33
106108,LAMBAYEQUE,2021,7,0.0,23.11,16.36
106108,LAMBAYEQUE,2021,8,0.0,22.74,15.17
106108,LAMBAYEQUE,2021,9,0.2,22.24,14.8
106108,LAMBAYEQUE,2021,10,8.4,22.13,14.76
106108,LAMBAYEQUE,2021,11,2.5,23.7,15.68
106108,LAMBAYEQUE,2021,12,4.8,25.09,17.0
106108,LAMBAYEQUE,2022,1,-999.0,-999.0,-999.0
106108,LAMBAYEQUE,2022,2,2.1,27.88,18.71
106108,LAMBAYEQUE,2022,3,16.1,28.11,19.02
106108,LAMBAYEQUE,2022,4,0.0,24.73,17.01
106108,LAMBAYEQUE,2022,5,0.9,23.51,15.69
106108,LAMBAYEQUE,2022,6,0.2,22.61,14.72
106108,LAMBAYEQUE,2022,7,0.4,21.65,14.28
106108,LAMBAYEQUE,2022,8,1.5,21.39,14.17
106108,LAMBAYEQUE,2022,9,0.3,21.7,14.24
106108,LAMBAYEQUE,2022,10,0.0,21.74,13.94
106108,LAMBAYEQUE,2022,11,0.0,23.97,15.12
106108,LAMBAYEQUE,2022,12,1.6,27.0,17.8
106108,LAMBAYEQUE,2023,1,1.0,27.7,17.83
106108,LAMBAYEQUE,2023,2,6.3,29.85,21.09
106108,LAMBAYEQUE,2023,3,38.7,31.06,22.42
106108,LAMBAYEQUE,2023,4,22.3,31.61,22.78
106108,LAMBAYEQUE,2023,5,0.0,29.81,21.27
106108,LAMBAYEQUE,2023,6,0.0,28.36,19.85
106108,LAMBAYEQUE,2023,7,0.0,27.31,19.25
106108,LAMBAYEQUE,2023,8,0.0,27.32,18.67
106108,LAMBAYEQUE,2023,9,0.0,27.25,17.76
106108,LAMBAYEQUE,2023,10,12.2,26.64,17.9
106108,LAMBAYEQUE,2023,11,1.7,26.92,17.53
106108,LAMBAYEQUE,2023,12,6.1,27.79,20.06
106108,LAMBAYEQUE,2024,1,-999.0,-999.0,22.09
106108,LAMBAYEQUE,2024,2,1.2,31.11,23.15
106108,LAMBAYEQUE,2024,3,0.0,29.85,21.59
106108,LAMBAYEQUE,2024,4,0.2,28.55,19.82
106108,LAMBAYEQUE,2024,5,1.5,24.8,17.31
106108,LAMBAYEQUE,2024,6,0.0,24.31,16.64
106108,LAMBAYEQUE,2024,7,0.0,22.85,15.63
106108,LAMBAYEQUE,2024,8,0.0,22.7,15.49
106108,LAMBAYEQUE,2024,9,0.0,23.22,15.74
106108,LAMBAYEQUE,2024,10,0.0,24.12,16.5
106108,LAMBAYEQUE,2024,11,0.0,25.47,17.03
106108,LAMBAYEQUE,2024,12,5.1,27.37,18.53
106108,LAMBAYEQUE,2025,1,4.5,28.34,19.26
106108,LAMBAYEQUE,2025,2,21.5,30.88,22.25
106108,LAMBAYEQUE,2025,3,11.2,29.44,21.48
106108,LAMBAYEQUE,2025,4,3.0,26.72,19.47
106108,LAMBAYEQUE,2025,5,1.4,24.9,17.82
106108,LAMBAYEQUE,2025,6,0.0,24.24,18.69
106108,LAMBAYEQUE,2025,7,0.0,23.74,16.73
106108,LAMBAYEQUE,2025,8,0.0,23.33,16.41
106108,LAMBAYEQUE,2025,9,0.0,23.51,15.91
106108,LAMBAYEQUE,2025,10,3.9,24.25,16.73
106108,LAMBAYEQUE,2025,11,7.8,25.34,17.29
106108,LAMBAYEQUE,2025,12,0.8,25.87,17.17
