CODIGO,ESTACION,YEAR,MONTH,PP,TMAX,TMIN
107009,HUAMACHUCO,1990,1,160.4,18.27,8.11
107009,HUAMACHUCO,1990,2,119.3,18.5,6.91
107009,HUAMACHUCO,1990,3,-999.0,19.18,7.87
107009,HUAMACHUCO,1990,4,102.3,18.99,7.63
107009,HUAMACHUCO,1990,5,24.0,18.77,6.34
107009,HUAMACHUCO,1990,6,49.8,17.19,7.03
107009,HUAMACHUCO,1990,7,1.2,18.32,5.07
107009,HUAMACHUCO,1990,8,0.0,18.81,5.79
107009,HUAMACHUCO,1990,9,78.7,19.27,6.56
107009,HUAMACHUCO,1990,10,216.4,18.17,7.31
107009,HUAMACHUCO,1990,11,100.1,18.21,-999.0
107009,HUAMACHUCO,1990,12,50.6,18.98,6.15
107009,HUAMACHUCO,1991,1,53.0,18.92,6.5
107009,HUAMACHUCO,1991,2,-999.0,-999.0,-999.0
107009,HUAMACHUCO,1991,3,-999.0,-999.0,-999.0
107009,HUAMACHUCO,1991,4,-999.0,-999.0,-999.0
107009,HUAMACHUCO,1991,5,-999.0,-999.0,-999.0
107009,HUAMACHUCO,1991,6,-999.0,-999.0,-999.0
107009,HUAMACHUCO,1991,7,-999.0,-999.0,-999.0
107009,HUAMACHUCO,1991,8,-999.0,-999.0,-999.0
107009,HUAMACHUCO,1991,9,-999.0,-999.0,-999.0
107009,HUAMACHUCO,1991,10,-999.0,-999.0,-999.0
107009,HUAMACHUCO,1991,11,-999.0,-999.0,-999.0
107009,HUAMACHUCO,1991,12,-999.0,-999.0,-999.0
107009,HUAMACHUCO,1992,1,-999.0,-999.0,-999.0
107009,HUAMACHUCO,1992,2,-999.0,-999.0,-999.0
107009,HUAMACHUCO,1992,3,-999.0,-999.0,-999.0
107009,HUAMACHUCO,1992,4,-999.0,-999.0,-999.0
107009,HUAMACHUCO,1992,5,19.1,-999.0,-999.0
107009,HUAMACHUCO,1992,6,32.9,-999.0,-999.0
107009,HUAMACHUCO,1992,7,-999.0,-999.0,-999.0
107009,HUAMACHUCO,1992,8,29.3,-999.0,-999.0
107009,HUAMACHUCO,1992,9,79.1,-999.0,-999.0
107009,HUAMACHUCO,1992,10,81.6,-999.0,-999.0
107009,HUAMACHUCO,1992,11,31.6,-999.0,-999.0
107009,HUAMACHUCO,1992,12,67.3,-999.0,-999.0
107009,HUAMACHUCO,1993,1,104.7,-999.0,-999.0
107009,HUAMACHUCO,1993,2,185.1,-999.0,-999.0
107009,HUAMACHUCO,1993,3,224.7,-999.0,-999.0
107009,HUAMACHUCO,1993,4,106.2,-999.0,-999.0
107009,HUAMACHUCO,1993,5,41.3,-999.0,-999.0
107009,HUAMACHUCO,1993,6,0.0,-999.0,-999.0
107009,HUAMACHUCO,1993,7,11.5,-999.0,-999.0
107009,HUAMACHUCO,1993,8,1.2,-999.0,-999.0
107009,HUAMACHUCO,1993,9,82.5,18.4,-999.0
107009,HUAMACHUCO,1993,10,117.6,17.65,-999.0
107009,HUAMACHUCO,1993,11,159.6,17.49,-999.0
107009,HUAMACHUCO,1993,12,197.3,-999.0,-999.0
107009,HUAMACHUCO,1994,1,129.7,-999.0,-999.0
107009,HUAMACHUCO,1994,2,300.5,-999.0,-999.0
107009,HUAMACHUCO,1994,3,150.7,-999.0,-999.0
107009,HUAMACHUCO,1994,4,138.9,-999.0,-999.0
107009,HUAMACHUCO,1994,5,38.8,-999.0,-999.0
107009,HUAMACHUCO,1994,6,5.5,-999.0,-999.0
107009,HUAMACHUCO,1994,7,2.5,-999.0,-999.0
107009,HUAMACHUCO,1994,8,12.6,-999.0,-999.0
107009,HUAMACHUCO,1994,9,26.9,-999.0,-999.0
107009,HUAMACHUCO,1994,10,99.9,18.57,-999.0
107009,HUAMACHUCO,1994,11,143.2,18.46,-999.0
107009,HUAMACHUCO,1994,12,108.9,18.07,-999.0
107009,HUAMACHUCO,1995,1,57.4,18.68,-999.0
107009,HUAMACHUCO,1995,2,142.6,17.63,-999.0
107009,HUAMACHUCO,1995,3,114.1,17.05,-999.0
107009,HUAMACHUCO,1995,4,97.4,18.87,-999.0
107009,HUAMACHUCO,1995,5,60.9,18.72,-999.0
107009,HUAMACHUCO,1995,6,29.5,19.0,-999.0
107009,HUAMACHUCO,1995,7,4.1,18.58,-999.0
107009,HUAMACHUCO,1995,8,1.4,19.46,-999.0
107009,HUAMACHUCO,1995,9,12.2,18.91,-999.0
107009,HUAMACHUCO,1995,10,115.8,18.93,-999.0
107009,HUAMACHUCO,1995,11,98.9,18.36,-999.0
107009,HUAMACHUCO,1995,12,95.0,18.4,-999.0
107009,HUAMACHUCO,1996,1,80.8,16.74,-999.0
107009,HUAMACHUCO,1996,2,177.9,17.1,-999.0
107009,HUAMACHUCO,1996,3,195.7,17.01,-999.0
107009,HUAMACHUCO,1996,4,110.3,17.46,-999.0
107009,HUAMACHUCO,1996,5,32.9,18.1,-999.0
107009,HUAMACHUCO,1996,6,6.4,18.54,-999.0
107009,HUAMACHUCO,1996,7,1.9,18.35,-999.0
107009,HUAMACHUCO,1996,8,10.6,18.46,-999.0
107009,HUAMACHUCO,1996,9,26.6,19.32,-999.0
107009,HUAMACHUCO,1996,10,159.7,17.65,-999.0
107009,HUAMACHUCO,1996,11,68.9,19.12,-999.0
107009,HUAMACHUCO,1996,12,53.7,18.77,-999.0
107009,HUAMACHUCO,1997,1,107.4,17.95,-999.0
107009,HUAMACHUCO,1997,2,128.3,17.38,-999.0
107009,HUAMACHUCO,1997,3,100.2,18.83,-999.0
107009,HUAMACHUCO,1997,4,59.5,18.6,-999.0
107009,HUAMACHUCO,1997,5,52.5,19.05,-999.0
107009,HUAMACHUCO,1997,6,26.1,18.79,-999.0
107009,HUAMACHUCO,1997,7,0.0,18.62,-999.0
107009,HUAMACHUCO,1997,8,13.6,18.31,-999.0
107009,HUAMACHUCO,1997,9,68.9,19.71,-999.0
107009,HUAMACHUCO,1997,10,102.4,19.35,-999.0
107009,HUAMACHUCO,1997,11,87.6,18.67,-999.0
107009,HUAMACHUCO,1997,12,200.8,17.99,-999.0
107009,HUAMACHUCO,1998,1,168.4,18.58,-999.0
107009,HUAMACHUCO,1998,2,227.7,18.56,-999.0
107009,HUAMACHUCO,1998,3,204.1,18.17,-999.0
107009,HUAMACHUCO,1998,4,130.3,19.1,-999.0
107009,HUAMACHUCO,1998,5,21.0,19.43,-999.0
107009,HUAMACHUCO,1998,6,18.8,18.65,-999.0
107009,HUAMACHUCO,1998,7,0.8,18.94,-999.0
107009,HUAMACHUCO,1998,8,6.2,19.15,-999.0
107009,HUAMACHUCO,1998,9,20.0,19.33,-999.0
107009,HUAMACHUCO,1998,10,115.0,19.08,-999.0
107009,HUAMACHUCO,1998,11,119.9,18.92,-999.0
107009,HUAMACHUCO,1998,12,55.4,18.78,-999.0
107009,HUAMACHUCO,1999,1,172.3,17.11,-999.0
107009,HUAMACHUCO,1999,2,385.6,15.97,-999.0
107009,HUAMACHUCO,1999,3,136.6,16.9,-999.0
107009,HUAMACHUCO,1999,4,55.5,17.64,-999.0
107009,HUAMACHUCO,1999,5,39.0,17.42,-999.0
107009,HUAMACHUCO,1999,6,50.1,17.66,-999.0
107009,HUAMACHUCO,1999,7,2.2,17.38,-999.0
107009,HUAMACHUCO,1999,8,7.0,18.69,-999.0
107009,HUAMACHUCO,1999,9,90.5,17.95,-999.0
107009,HUAMACHUCO,1999,10,25.0,18.27,-999.0
107009,HUAMACHUCO,1999,11,118.4,18.86,-999.0
107009,HUAMACHUCO,1999,12,107.8,17.5,-999.0
107009,HUAMACHUCO,2000,1,108.9,17.37,-999.0
107009,HUAMACHUCO,2000,2,186.5,15.74,5.32
107009,HUAMACHUCO,2000,3,196.5,16.34,6.13
107009,HUAMACHUCO,2000,4,88.9,17.11,6.9
107009,HUAMACHUCO,2000,5,69.2,17.9,7.34
107009,HUAMACHUCO,2000,6,45.0,17.59,6.66
107009,HUAMACHUCO,2000,7,5.9,17.63,5.37
107009,HUAMACHUCO,2000,8,18.4,18.31,5.92
107009,HUAMACHUCO,2000,9,55.1,18.59,6.36
107009,HUAMACHUCO,2000,10,40.9,19.48,6.09
107009,HUAMACHUCO,2000,11,54.7,19.7,3.64
107009,HUAMACHUCO,2000,12,133.9,17.57,6.93
107009,HUAMACHUCO,2001,1,240.6,15.86,7.61
107009,HUAMACHUCO,2001,2,135.7,16.67,8.0
107009,HUAMACHUCO,2001,3,290.3,16.04,8.0
107009,HUAMACHUCO,2001,4,30.9,17.99,7.17
107009,HUAMACHUCO,2001,5,81.6,17.9,6.77
107009,HUAMACHUCO,2001,6,4.3,17.77,5.8
107009,HUAMACHUCO,2001,7,9.5,18.22,5.36
107009,HUAMACHUCO,2001,8,0.6,18.85,5.05
107009,HUAMACHUCO,2001,9,32.6,19.04,6.34
107009,HUAMACHUCO,2001,10,128.3,19.49,7.9
107009,HUAMACHUCO,2001,11,145.3,17.78,7.89
107009,HUAMACHUCO,2001,12,181.5,18.94,7.43
107009,HUAMACHUCO,2002,1,79.9,18.39,7.31
107009,HUAMACHUCO,2002,2,122.3,17.71,8.51
107009,HUAMACHUCO,2002,3,190.7,17.51,8.12
107009,HUAMACHUCO,2002,4,138.6,17.92,7.13
107009,HUAMACHUCO,2002,5,19.5,18.89,6.83
107009,HUAMACHUCO,2002,6,19.4,18.47,5.56
107009,HUAMACHUCO,2002,7,17.6,18.28,6.12
107009,HUAMACHUCO,2002,8,0.0,19.02,5.51
107009,HUAMACHUCO,2002,9,40.3,20.08,7.75
107009,HUAMACHUCO,2002,10,110.2,18.48,8.15
107009,HUAMACHUCO,2002,11,145.7,18.06,8.38
107009,HUAMACHUCO,2002,12,185.8,18.32,8.8
107009,HUAMACHUCO,2003,1,65.9,18.91,8.8
107009,HUAMACHUCO,2003,2,112.2,19.14,8.16
107009,HUAMACHUCO,2003,3,143.8,17.88,8.51
107009,HUAMACHUCO,2003,4,85.5,18.93,8.31
107009,HUAMACHUCO,2003,5,19.4,18.7,8.08
107009,HUAMACHUCO,2003,6,21.8,18.82,6.06
107009,HUAMACHUCO,2003,7,5.1,18.66,5.71
107009,HUAMACHUCO,2003,8,8.7,19.4,6.38
107009,HUAMACHUCO,2003,9,46.4,19.86,6.89
107009,HUAMACHUCO,2003,10,94.6,20.3,7.11
107009,HUAMACHUCO,2003,11,84.3,19.61,6.81
107009,HUAMACHUCO,2003,12,146.7,17.9,7.88
107009,HUAMACHUCO,2004,1,51.0,19.9,5.79
107009,HUAMACHUCO,2004,2,110.3,18.47,8.34
107009,HUAMACHUCO,2004,3,65.6,19.41,8.62
107009,HUAMACHUCO,2004,4,67.0,19.29,6.72
107009,HUAMACHUCO,2004,5,53.6,19.84,7.06
107009,HUAMACHUCO,2004,6,2.8,18.21,5.95
107009,HUAMACHUCO,2004,7,26.5,18.38,6.46
107009,HUAMACHUCO,2004,8,22.9,18.78,6.04
107009,HUAMACHUCO,2004,9,54.7,19.03,7.0
107009,HUAMACHUCO,2004,10,126.4,19.15,7.94
107009,HUAMACHUCO,2004,11,187.7,18.6,7.23
107009,HUAMACHUCO,2004,12,111.2,19.0,7.77
107009,HUAMACHUCO,2005,1,97.6,19.16,7.07
107009,HUAMACHUCO,2005,2,176.7,19.53,9.41
107009,HUAMACHUCO,2005,3,289.9,17.27,8.3
107009,HUAMACHUCO,2005,4,78.4,18.99,8.13
107009,HUAMACHUCO,2005,5,21.9,19.38,5.47
107009,HUAMACHUCO,2005,6,11.1,19.63,6.21
107009,HUAMACHUCO,2005,7,0.0,19.61,5.05
107009,HUAMACHUCO,2005,8,14.7,19.8,5.61
107009,HUAMACHUCO,2005,9,23.6,20.02,7.24
107009,HUAMACHUCO,2005,10,158.3,18.59,7.6
107009,HUAMACHUCO,2005,11,32.9,19.77,5.42
107009,HUAMACHUCO,2005,12,128.6,17.84,6.8
107009,HUAMACHUCO,2006,1,142.5,18.48,7.73
107009,HUAMACHUCO,2006,2,154.2,18.13,8.72
107009,HUAMACHUCO,2006,3,293.0,17.64,8.56
107009,HUAMACHUCO,2006,4,160.1,18.35,7.48
107009,HUAMACHUCO,2006,5,22.3,19.06,5.57
107009,HUAMACHUCO,2006,6,42.9,18.18,6.6
107009,HUAMACHUCO,2006,7,14.7,19.07,5.19
107009,HUAMACHUCO,2006,8,35.0,19.2,6.44
107009,HUAMACHUCO,2006,9,49.2,19.68,6.93
107009,HUAMACHUCO,2006,10,116.3,20.07,6.84
107009,HUAMACHUCO,2006,11,99.5,19.24,6.92
107009,HUAMACHUCO,2006,12,157.9,18.45,8.1
107009,HUAMACHUCO,2007,1,135.0,19.52,9.66
107009,HUAMACHUCO,2007,2,76.0,18.58,7.22
107009,HUAMACHUCO,2007,3,248.9,18.18,8.54
107009,HUAMACHUCO,2007,4,123.2,18.59,7.7
107009,HUAMACHUCO,2007,5,66.4,19.35,7.01
107009,HUAMACHUCO,2007,6,0.0,19.3,5.16
107009,HUAMACHUCO,2007,7,17.1,19.35,6.0
107009,HUAMACHUCO,2007,8,5.6,19.93,5.44
107009,HUAMACHUCO,2007,9,12.6,19.61,6.15
107009,HUAMACHUCO,2007,10,220.1,19.2,6.53
107009,HUAMACHUCO,2007,11,142.2,-999.0,7.56
107009,HUAMACHUCO,2007,12,104.8,19.11,6.14
107009,HUAMACHUCO,2008,1,173.1,17.38,7.77
107009,HUAMACHUCO,2008,2,93.8,16.86,7.94
107009,HUAMACHUCO,2008,3,156.6,16.01,7.13
107009,HUAMACHUCO,2008,4,115.9,16.88,7.15
107009,HUAMACHUCO,2008,5,53.0,17.76,6.57
107009,HUAMACHUCO,2008,6,33.9,18.12,4.52
107009,HUAMACHUCO,2008,7,12.3,18.17,4.29
107009,HUAMACHUCO,2008,8,11.5,19.14,5.5
107009,HUAMACHUCO,2008,9,74.4,18.73,6.6
107009,HUAMACHUCO,2008,10,133.7,17.69,7.96
107009,HUAMACHUCO,2008,11,74.7,18.32,7.4
107009,HUAMACHUCO,2008,12,64.7,18.36,5.73
107009,HUAMACHUCO,2009,1,223.1,17.21,8.02
107009,HUAMACHUCO,2009,2,117.1,17.0,8.39
107009,HUAMACHUCO,2009,3,249.1,17.43,7.87
107009,HUAMACHUCO,2009,4,205.7,17.88,8.2
107009,HUAMACHUCO,2009,5,120.0,17.94,6.91
107009,HUAMACHUCO,2009,6,43.7,18.51,5.9
107009,HUAMACHUCO,2009,7,35.2,18.1,6.44
107009,HUAMACHUCO,2009,8,12.2,19.61,6.51
107009,HUAMACHUCO,2009,9,15.3,19.88,6.76
107009,HUAMACHUCO,2009,10,170.4,19.11,7.61
107009,HUAMACHUCO,2009,11,137.2,18.69,6.6
107009,HUAMACHUCO,2009,12,134.7,18.21,8.35
107009,HUAMACHUCO,2010,1,92.4,19.25,9.22
107009,HUAMACHUCO,2010,2,115.6,19.24,9.16
107009,HUAMACHUCO,2010,3,241.4,19.02,9.51
107009,HUAMACHUCO,2010,4,72.6,19.33,8.91
107009,HUAMACHUCO,2010,5,61.4,18.7,7.66
107009,HUAMACHUCO,2010,6,25.3,18.89,6.33
107009,HUAMACHUCO,2010,7,21.2,19.27,5.62
107009,HUAMACHUCO,2010,8,7.7,19.37,4.92
107009,HUAMACHUCO,2010,9,18.0,19.44,6.25
107009,HUAMACHUCO,2010,10,75.4,19.15,6.11
107009,HUAMACHUCO,2010,11,123.4,18.68,5.86
107009,HUAMACHUCO,2010,12,162.0,17.05,6.96
107009,HUAMACHUCO,2011,1,126.9,17.47,6.73
107009,HUAMACHUCO,2011,2,91.5,17.0,6.72
107009,HUAMACHUCO,2011,3,178.6,16.32,6.67
107009,HUAMACHUCO,2011,4,166.2,17.61,7.47
107009,HUAMACHUCO,2011,5,24.6,18.56,6.45
107009,HUAMACHUCO,2011,6,0.6,18.92,5.96
107009,HUAMACHUCO,2011,7,15.0,18.37,5.42
107009,HUAMACHUCO,2011,8,1.0,19.29,6.35
107009,HUAMACHUCO,2011,9,68.5,18.38,6.95
107009,HUAMACHUCO,2011,10,45.3,18.37,5.9
107009,HUAMACHUCO,2011,11,99.5,18.46,7.45
107009,HUAMACHUCO,2011,12,230.3,17.8,7.76
107009,HUAMACHUCO,2012,1,244.1,17.45,8.17
107009,HUAMACHUCO,2012,2,186.3,16.89,6.85
107009,HUAMACHUCO,2012,3,105.5,18.19,8.44
107009,HUAMACHUCO,2012,4,150.7,17.44,7.74
107009,HUAMACHUCO,2012,5,28.0,18.22,7.28
107009,HUAMACHUCO,2012,6,5.0,18.34,6.16
107009,HUAMACHUCO,2012,7,0.0,18.7,5.59
107009,HUAMACHUCO,2012,8,46.0,19.26,5.75
107009,HUAMACHUCO,2012,9,9.1,19.5,6.81
107009,HUAMACHUCO,2012,10,152.4,19.04,8.05
107009,HUAMACHUCO,2012,11,150.6,18.76,8.35
107009,HUAMACHUCO,2012,12,134.4,18.39,7.44
107009,HUAMACHUCO,2013,1,67.7,20.03,9.14
107009,HUAMACHUCO,2013,2,136.2,18.47,7.89
107009,HUAMACHUCO,2013,3,214.6,17.81,9.11
107009,HUAMACHUCO,2013,4,156.8,18.92,7.91
107009,HUAMACHUCO,2013,5,87.7,18.41,7.45
107009,HUAMACHUCO,2013,6,8.8,18.28,6.94
107009,HUAMACHUCO,2013,7,12.0,18.27,5.93
107009,HUAMACHUCO,2013,8,22.9,19.12,5.84
107009,HUAMACHUCO,2013,9,9.2,20.1,6.2
107009,HUAMACHUCO,2013,10,138.2,18.85,7.86
107009,HUAMACHUCO,2013,11,40.5,19.49,5.81
107009,HUAMACHUCO,2013,12,135.0,19.08,7.62
107009,HUAMACHUCO,2014,1,98.2,18.9,8.15
107009,HUAMACHUCO,2014,2,237.1,18.53,8.49
107009,HUAMACHUCO,2014,3,265.6,17.58,8.14
107009,HUAMACHUCO,2014,4,93.2,18.69,7.86
107009,HUAMACHUCO,2014,5,95.8,18.77,8.0
107009,HUAMACHUCO,2014,6,1.2,19.55,5.93
107009,HUAMACHUCO,2014,7,26.7,19.03,6.6
107009,HUAMACHUCO,2014,8,2.5,18.85,5.38
107009,HUAMACHUCO,2014,9,77.4,19.08,7.23
107009,HUAMACHUCO,2014,10,55.5,18.9,7.72
107009,HUAMACHUCO,2014,11,55.2,18.95,7.04
107009,HUAMACHUCO,2014,12,132.9,18.33,8.33
107009,HUAMACHUCO,2015,1,148.1,18.39,8.75
107009,HUAMACHUCO,2015,2,93.4,18.88,8.48
107009,HUAMACHUCO,2015,3,291.1,17.87,8.96
107009,HUAMACHUCO,2015,4,82.7,18.55,8.66
107009,HUAMACHUCO,2015,5,106.9,18.57,8.46
107009,HUAMACHUCO,2015,6,4.2,18.73,7.11
107009,HUAMACHUCO,2015,7,13.9,19.52,6.04
107009,HUAMACHUCO,2015,8,0.4,20.28,6.63
107009,HUAMACHUCO,2015,9,12.9,20.91,8.9
107009,HUAMACHUCO,2015,10,35.9,20.77,8.79
107009,HUAMACHUCO,2015,11,99.0,19.74,8.06
107009,HUAMACHUCO,2015,12,86.5,20.44,9.47
107009,HUAMACHUCO,2016,1,114.6,20.62,8.83
107009,HUAMACHUCO,2016,2,155.6,19.61,10.47
107009,HUAMACHUCO,2016,3,159.8,19.73,9.56
107009,HUAMACHUCO,2016,4,72.3,19.99,8.88
107009,HUAMACHUCO,2016,5,70.6,20.76,7.49
107009,HUAMACHUCO,2016,6,21.5,19.33,6.26
107009,HUAMACHUCO,2016,7,2.6,20.01,5.23
107009,HUAMACHUCO,2016,8,1.3,20.38,7.13
107009,HUAMACHUCO,2016,9,21.4,21.0,7.85
107009,HUAMACHUCO,2016,10,63.0,20.43,7.13
107009,HUAMACHUCO,2016,11,38.1,21.65,5.25
107009,HUAMACHUCO,2016,12,190.4,18.83,8.42
107009,HUAMACHUCO,2017,1,142.3,17.72,8.33
107009,HUAMACHUCO,2017,2,104.2,18.02,8.01
107009,HUAMACHUCO,2017,3,213.1,17.41,8.85
107009,HUAMACHUCO,2017,4,129.7,18.09,8.53
107009,HUAMACHUCO,2017,5,91.8,18.23,7.79
107009,HUAMACHUCO,2017,6,23.5,18.71,6.48
107009,HUAMACHUCO,2017,7,0.0,18.87,6.09
107009,HUAMACHUCO,2017,8,28.6,19.61,6.78
107009,HUAMACHUCO,2017,9,28.0,19.41,8.13
107009,HUAMACHUCO,2017,10,90.3,19.59,7.95
107009,HUAMACHUCO,2017,11,39.2,19.82,7.15
107009,HUAMACHUCO,2017,12,201.7,18.65,7.92
107009,HUAMACHUCO,2018,1,138.8,17.86,7.47
107009,HUAMACHUCO,2018,2,131.7,18.52,7.92
107009,HUAMACHUCO,2018,3,162.1,17.68,9.0
107009,HUAMACHUCO,2018,4,98.0,17.97,7.69
107009,HUAMACHUCO,2018,5,76.1,18.18,7.55
107009,HUAMACHUCO,2018,6,5.1,18.08,5.86
107009,HUAMACHUCO,2018,7,1.7,18.07,6.22
107009,HUAMACHUCO,2018,8,1.0,18.95,7.13
107009,HUAMACHUCO,2018,9,37.9,20.17,6.88
107009,HUAMACHUCO,2018,10,139.1,18.66,7.65
107009,HUAMACHUCO,2018,11,100.2,18.79,7.33
107009,HUAMACHUCO,2018,12,118.4,18.78,7.49
107009,HUAMACHUCO,2019,1,75.1,18.69,8.98
107009,HUAMACHUCO,2019,2,203.1,18.27,9.67
107009,HUAMACHUCO,2019,3,205.1,17.89,9.26
107009,HUAMACHUCO,2019,4,91.4,18.59,8.71
107009,HUAMACHUCO,2019,5,32.7,18.92,7.35
107009,HUAMACHUCO,2019,6,9.0,19.04,6.89
107009,HUAMACHUCO,2019,7,15.7,18.66,6.49
107009,HUAMACHUCO,2019,8,0.2,19.12,6.55
107009,HUAMACHUCO,2019,9,38.2,19.16,7.68
107009,HUAMACHUCO,2019,10,136.6,17.94,8.13
107009,HUAMACHUCO,2019,11,123.9,18.42,8.19
107009,HUAMACHUCO,2019,12,239.3,17.76,8.99
107009,HUAMACHUCO,2020,1,103.0,19.14,8.52
107009,HUAMACHUCO,2020,2,63.3,18.95,9.66
107009,HUAMACHUCO,2020,3,-999.0,-999.0,-999.0
107009,HUAMACHUCO,2020,4,-999.0,-999.0,-999.0
107009,HUAMACHUCO,2020,5,-999.0,-999.0,-999.0
107009,HUAMACHUCO,2020,6,-999.0,-999.0,-999.0
107009,HUAMACHUCO,2020,7,22.0,19.2,6.01
107009,HUAMACHUCO,2020,8,22.0,19.2,6.01
107009,HUAMACHUCO,2020,9,30.7,19.51,7.91
107009,HUAMACHUCO,2020,10,22.9,19.55,8.02
107009,HUAMACHUCO,2020,11,82.2,19.9,7.56
107009,HUAMACHUCO,2020,12,200.7,16.92,8.39
107009,HUAMACHUCO,2021,1,162.5,17.26,8.67
107009,HUAMACHUCO,2021,2,85.4,18.69,7.42
107009,HUAMACHUCO,2021,3,198.2,16.73,7.89
107009,HUAMACHUCO,2021,4,109.5,18.57,8.81
107009,HUAMACHUCO,2021,5,-999.0,-999.0,-999.0
107009,HUAMACHUCO,2021,6,58.4,18.17,6.96
107009,HUAMACHUCO,2021,7,5.0,18.53,5.08
107009,HUAMACHUCO,2021,8,30.0,19.4,6.64
107009,HUAMACHUCO,2021,9,16.8,19.72,7.61
107009,HUAMACHUCO,2021,10,200.2,18.88,8.46
107009,HUAMACHUCO,2021,11,133.1,17.8,8.24
107009,HUAMACHUCO,2021,12,122.0,18.51,7.89
107009,HUAMACHUCO,2022,1,81.9,18.55,7.46
107009,HUAMACHUCO,2022,2,193.2,17.27,8.17
107009,HUAMACHUCO,2022,3,224.5,17.95,8.33
107009,HUAMACHUCO,2022,4,75.3,19.28,8.64
107009,HUAMACHUCO,2022,5,49.4,19.93,8.62
107009,HUAMACHUCO,2022,6,24.2,19.16,6.61
107009,HUAMACHUCO,2022,7,17.4,20.1,6.99
107009,HUAMACHUCO,2022,8,6.3,20.19,6.68
107009,HUAMACHUCO,2022,9,45.9,20.89,7.52
107009,HUAMACHUCO,2022,10,81.1,20.63,7.67
107009,HUAMACHUCO,2022,11,15.3,21.64,7.68
107009,HUAMACHUCO,2022,12,112.9,19.76,7.84
107009,HUAMACHUCO,2023,1,109.8,18.81,8.22
107009,HUAMACHUCO,2023,2,132.4,19.41,9.48
107009,HUAMACHUCO,2023,3,229.9,18.46,8.57
107009,HUAMACHUCO,2023,4,62.9,18.88,8.82
107009,HUAMACHUCO,2023,5,42.5,20.05,9.18
107009,HUAMACHUCO,2023,6,2.6,20.31,7.2
107009,HUAMACHUCO,2023,7,0.0,21.25,7.31
107009,HUAMACHUCO,2023,8,4.5,21.66,7.53
107009,HUAMACHUCO,2023,9,46.6,21.94,9.59
107009,HUAMACHUCO,2023,10,81.9,20.39,9.51
107009,HUAMACHUCO,2023,11,117.3,20.48,9.23
107009,HUAMACHUCO,2023,12,251.1,19.59,10.54
107009,HUAMACHUCO,2024,1,155.1,20.81,10.43
107009,HUAMACHUCO,2024,2,79.1,20.58,9.35
107009,HUAMACHUCO,2024,3,139.5,20.67,10.05
107009,HUAMACHUCO,2024,4,117.4,20.63,10.28
107009,HUAMACHUCO,2024,5,81.8,21.45,8.78
107009,HUAMACHUCO,2024,6,27.4,20.84,7.86
107009,HUAMACHUCO,2024,7,4.0,20.62,7.31
107009,HUAMACHUCO,2024,8,1.4,21.08,7.67
107009,HUAMACHUCO,2024,9,25.9,21.28,8.68
107009,HUAMACHUCO,2024,10,37.4,21.26,9.27
107009,HUAMACHUCO,2024,11,114.3,20.69,7.88
107009,HUAMACHUCO,2024,12,160.1,19.85,9.44
107009,HUAMACHUCO,2025,1,133.3,18.98,8.75
107009,HUAMACHUCO,2025,2,285.0,19.09,9.4
107009,HUAMACHUCO,2025,3,191.6,19.03,9.15
107009,HUAMACHUCO,2025,4,155.7,19.48,9.31
107009,HUAMACHUCO,2025,5,70.4,19.91,8.45
107009,HUAMACHUCO,2025,6,31.9,19.51,7.45
107009,HUAMACHUCO,2025,7,0.3,19.85,6.13
107009,HUAMACHUCO,2025,8,2.8,21.32,7.65
107009,HUAMACHUCO,2025,9,31.4,20.72,9.03
107009,HUAMACHUCO,2025,10,119.2,20.41,9.01
107009,HUAMACHUCO,2025,11,170.8,20.6,8.74
107009,HUAMACHUCO,2025,12,18.6,22.05,5.87
