CODIGO,ESTACION,YEAR,MONTH,PP,TMAX,TMIN
107038,SONDOR-MATARA,1990,1,-999.0,-999.0,-999.0
107038,SONDOR-MATARA,1990,2,-999.0,-999.0,-999.0
107038,SONDOR-MATARA,1990,3,-999.0,-999.0,-999.0
107038,SONDOR-MATARA,1990,4,-999.0,-999.0,-999.0
107038,SONDOR-MATARA,1990,5,-999.0,-999.0,-999.0
107038,SONDOR-MATARA,1990,6,-999.0,-999.0,-999.0
107038,SONDOR-MATARA,1990,7,-999.0,-999.0,-999.0
107038,SONDOR-MATARA,1990,8,-999.0,-999.0,-999.0
107038,SONDOR-MATARA,1990,9,-999.0,-999.0,-999.0
107038,SONDOR-MATARA,1990,10,-999.0,-999.0,-999.0
107038,SONDOR-MATARA,1990,11,-999.0,-999.0,-999.0
107038,SONDOR-MATARA,1990,12,-999.0,-999.0,-999.0
107038,SONDOR-MATARA,1991,1,-999.0,-999.0,-999.0
107038,SONDOR-MATARA,1991,2,-999.0,-999.0,-999.0
107038,SONDOR-MATARA,1991,3,-999.0,-999.0,-999.0
107038,SONDOR-MATARA,1991,4,-999.0,-999.0,-999.0
107038,SONDOR-MATARA,1991,5,-999.0,-999.0,-999.0
107038,SONDOR-MATARA,1991,6,-999.0,-999.0,-999.0
107038,SONDOR-MATARA,1991,7,-999.0,-999.0,-999.0
107038,SONDOR-MATARA,1991,8,-999.0,-999.0,-999.0
107038,SONDOR-MATARA,1991,9,-999.0,-999.0,-999.0
107038,SONDOR-MATARA,1991,10,-999.0,-999.0,-999.0
107038,SONDOR-MATARA,1991,11,-999.0,-999.0,-999.0
107038,SONDOR-MATARA,1991,12,-999.0,-999.0,-999.0
107038,SONDOR-MATARA,1992,1,-999.0,-999.0,-999.0
107038,SONDOR-MATARA,1992,2,-999.0,-999.0,-999.0
107038,SONDOR-MATARA,1992,3,-999.0,-999.0,-999.0
107038,SONDOR-MATARA,1992,4,-999.0,-999.0,-999.0
107038,SONDOR-MATARA,1992,5,-999.0,-999.0,-999.0
107038,SONDOR-MATARA,1992,6,-999.0,-999.0,-999.0
107038,SONDOR-MATARA,1992,7,-999.0,-999.0,-999.0
107038,SONDOR-MATARA,1992,8,-999.0,-999.0,-999.0
107038,SONDOR-MATARA,1992,9,-999.0,-999.0,-999.0
107038,SONDOR-MATARA,1992,10,-999.0,-999.0,-999.0
107038,SONDOR-MATARA,1992,11,-999.0,-999.0,-999.0
107038,SONDOR-MATARA,1992,12,-999.0,-999.0,-999.0
107038,SONDOR-MATARA,1993,1,-999.0,-999.0,-999.0
107038,SONDOR-MATARA,1993,2,148.5,19.43,9.82
107038,SONDOR-MATARA,1993,3,284.5,18.13,11.46
107038,SONDOR-MATARA,1993,4,144.3,18.82,11.72
107038,SONDOR-MATARA,1993,5,48.5,20.41,10.9
107038,SONDOR-MATARA,1993,6,0.0,20.41,8.83
107038,SONDOR-MATARA,1993,7,0.0,20.39,8.09
107038,SONDOR-MATARA,1993,8,8.0,20.56,6.34
107038,SONDOR-MATARA,1993,9,58.1,20.26,5.22
107038,SONDOR-MATARA,1993,10,170.1,19.58,6.59
107038,SONDOR-MATARA,1993,11,122.1,20.02,6.43
107038,SONDOR-MATARA,1993,12,177.7,19.09,8.65
107038,SONDOR-MATARA,1994,1,196.5,19.11,8.3
107038,SONDOR-MATARA,1994,2,211.8,18.65,8.43
107038,SONDOR-MATARA,1994,3,241.7,19.48,7.73
107038,SONDOR-MATARA,1994,4,167.1,19.68,7.55
107038,SONDOR-MATARA,1994,5,50.2,20.09,5.23
107038,SONDOR-MATARA,1994,6,10.7,19.6,3.69
107038,SONDOR-MATARA,1994,7,0.0,19.82,2.88
107038,SONDOR-MATARA,1994,8,3.4,19.99,3.22
107038,SONDOR-MATARA,1994,9,50.7,21.18,4.77
107038,SONDOR-MATARA,1994,10,60.8,20.72,4.53
107038,SONDOR-MATARA,1994,11,127.3,20.47,5.33
107038,SONDOR-MATARA,1994,12,124.7,20.32,7.2
107038,SONDOR-MATARA,1995,1,12.3,21.72,6.85
107038,SONDOR-MATARA,1995,2,140.2,19.71,7.31
107038,SONDOR-MATARA,1995,3,161.6,19.54,-999.0
107038,SONDOR-MATARA,1995,4,56.3,21.14,-999.0
107038,SONDOR-MATARA,1995,5,44.8,20.99,-999.0
107038,SONDOR-MATARA,1995,6,4.4,21.15,-999.0
107038,SONDOR-MATARA,1995,7,5.4,20.26,3.51
107038,SONDOR-MATARA,1995,8,3.2,21.8,3.4
107038,SONDOR-MATARA,1995,9,11.4,20.79,4.21
107038,SONDOR-MATARA,1995,10,75.5,21.2,5.74
107038,SONDOR-MATARA,1995,11,108.9,20.78,6.83
107038,SONDOR-MATARA,1995,12,184.5,20.89,5.66
107038,SONDOR-MATARA,1996,1,158.3,19.38,6.4
107038,SONDOR-MATARA,1996,2,162.7,19.93,6.66
107038,SONDOR-MATARA,1996,3,210.8,19.35,7.0
107038,SONDOR-MATARA,1996,4,103.4,20.08,5.58
107038,SONDOR-MATARA,1996,5,27.1,20.68,4.49
107038,SONDOR-MATARA,1996,6,11.5,20.58,3.67
107038,SONDOR-MATARA,1996,7,0.0,20.66,2.05
107038,SONDOR-MATARA,1996,8,21.0,20.15,2.11
107038,SONDOR-MATARA,1996,9,14.9,21.33,3.39
107038,SONDOR-MATARA,1996,10,116.0,20.39,5.73
107038,SONDOR-MATARA,1996,11,39.0,21.18,3.63
107038,SONDOR-MATARA,1996,12,11.7,22.01,4.12
107038,SONDOR-MATARA,1997,1,78.0,20.89,3.95
107038,SONDOR-MATARA,1997,2,179.7,19.71,6.77
107038,SONDOR-MATARA,1997,3,51.5,21.58,3.28
107038,SONDOR-MATARA,1997,4,75.3,20.69,4.19
107038,SONDOR-MATARA,1997,5,13.1,20.69,4.92
107038,SONDOR-MATARA,1997,6,14.6,21.49,3.11
107038,SONDOR-MATARA,1997,7,2.2,21.27,2.71
107038,SONDOR-MATARA,1997,8,0.0,20.81,3.55
107038,SONDOR-MATARA,1997,9,46.1,22.08,5.52
107038,SONDOR-MATARA,1997,10,84.4,21.95,6.65
107038,SONDOR-MATARA,1997,11,166.2,21.18,7.94
107038,SONDOR-MATARA,1997,12,230.3,20.38,9.24
107038,SONDOR-MATARA,1998,1,162.8,21.25,9.46
107038,SONDOR-MATARA,1998,2,192.6,21.25,9.61
107038,SONDOR-MATARA,1998,3,212.9,20.66,10.03
107038,SONDOR-MATARA,1998,4,154.8,21.17,8.65
107038,SONDOR-MATARA,1998,5,61.6,21.65,5.57
107038,SONDOR-MATARA,1998,6,4.0,20.83,3.28
107038,SONDOR-MATARA,1998,7,0.0,21.18,2.44
107038,SONDOR-MATARA,1998,8,4.5,21.57,4.24
107038,SONDOR-MATARA,1998,9,22.7,22.21,4.8
107038,SONDOR-MATARA,1998,10,214.2,21.1,6.94
107038,SONDOR-MATARA,1998,11,82.0,21.82,5.46
107038,SONDOR-MATARA,1998,12,68.7,22.14,4.6
107038,SONDOR-MATARA,1999,1,143.2,20.11,6.79
107038,SONDOR-MATARA,1999,2,291.9,18.29,7.9
107038,SONDOR-MATARA,1999,3,102.6,19.63,6.48
107038,SONDOR-MATARA,1999,4,68.2,20.12,6.52
107038,SONDOR-MATARA,1999,5,75.3,19.86,5.31
107038,SONDOR-MATARA,1999,6,34.3,19.76,4.46
107038,SONDOR-MATARA,1999,7,5.8,19.55,3.55
107038,SONDOR-MATARA,1999,8,4.3,21.04,2.87
107038,SONDOR-MATARA,1999,9,102.5,20.06,5.12
107038,SONDOR-MATARA,1999,10,76.0,20.69,4.75
107038,SONDOR-MATARA,1999,11,83.1,21.51,5.76
107038,SONDOR-MATARA,1999,12,110.5,19.99,7.33
107038,SONDOR-MATARA,2000,1,53.1,21.02,5.28
107038,SONDOR-MATARA,2000,2,202.1,18.51,6.73
107038,SONDOR-MATARA,2000,3,283.4,19.44,6.91
107038,SONDOR-MATARA,2000,4,145.7,19.81,6.17
107038,SONDOR-MATARA,2000,5,103.8,20.39,5.05
107038,SONDOR-MATARA,2000,6,16.3,20.1,3.57
107038,SONDOR-MATARA,2000,7,0.0,19.81,2.7
107038,SONDOR-MATARA,2000,8,14.6,20.1,2.82
107038,SONDOR-MATARA,2000,9,80.1,20.11,6.0
107038,SONDOR-MATARA,2000,10,14.7,21.64,4.91
107038,SONDOR-MATARA,2000,11,63.6,22.09,3.67
107038,SONDOR-MATARA,2000,12,182.4,19.78,7.1
107038,SONDOR-MATARA,2001,1,248.8,18.65,8.43
107038,SONDOR-MATARA,2001,2,173.8,19.04,7.7
107038,SONDOR-MATARA,2001,3,296.7,18.42,8.53
107038,SONDOR-MATARA,2001,4,31.1,20.24,6.79
107038,SONDOR-MATARA,2001,5,54.0,19.92,5.91
107038,SONDOR-MATARA,2001,6,0.0,19.85,4.0
107038,SONDOR-MATARA,2001,7,2.2,19.87,4.87
107038,SONDOR-MATARA,2001,8,0.0,20.29,4.07
107038,SONDOR-MATARA,2001,9,17.7,21.01,5.94
107038,SONDOR-MATARA,2001,10,118.6,20.88,7.32
107038,SONDOR-MATARA,2001,11,155.0,20.09,7.64
107038,SONDOR-MATARA,2001,12,119.9,21.35,7.12
107038,SONDOR-MATARA,2002,1,43.8,21.2,6.36
107038,SONDOR-MATARA,2002,2,92.3,20.37,9.23
107038,SONDOR-MATARA,2002,3,332.9,19.98,8.83
107038,SONDOR-MATARA,2002,4,111.4,20.46,7.54
107038,SONDOR-MATARA,2002,5,14.1,20.68,6.04
107038,SONDOR-MATARA,2002,6,4.2,20.37,3.97
107038,SONDOR-MATARA,2002,7,0.0,19.67,4.74
107038,SONDOR-MATARA,2002,8,0.0,20.67,3.56
107038,SONDOR-MATARA,2002,9,64.1,21.22,5.61
107038,SONDOR-MATARA,2002,10,155.4,20.04,7.81
107038,SONDOR-MATARA,2002,11,158.8,19.57,8.11
107038,SONDOR-MATARA,2002,12,220.7,20.51,9.19
107038,SONDOR-MATARA,2003,1,64.3,21.18,8.64
107038,SONDOR-MATARA,2003,2,68.6,21.0,8.02
107038,SONDOR-MATARA,2003,3,152.9,19.93,7.88
107038,SONDOR-MATARA,2003,4,67.5,20.49,7.53
107038,SONDOR-MATARA,2003,5,33.8,20.31,6.39
107038,SONDOR-MATARA,2003,6,21.4,20.53,5.08
107038,SONDOR-MATARA,2003,7,0.0,20.1,3.44
107038,SONDOR-MATARA,2003,8,2.5,20.59,4.08
107038,SONDOR-MATARA,2003,9,34.9,21.44,5.17
107038,SONDOR-MATARA,2003,10,85.9,22.13,6.37
107038,SONDOR-MATARA,2003,11,121.8,21.99,6.79
107038,SONDOR-MATARA,2003,12,131.3,20.6,7.31
107038,SONDOR-MATARA,2004,1,67.4,22.08,4.74
107038,SONDOR-MATARA,2004,2,52.7,20.42,7.87
107038,SONDOR-MATARA,2004,3,77.2,21.01,7.2
107038,SONDOR-MATARA,2004,4,72.1,20.67,6.22
107038,SONDOR-MATARA,2004,5,49.2,20.96,5.97
107038,SONDOR-MATARA,2004,6,20.7,19.57,4.63
107038,SONDOR-MATARA,2004,7,13.9,19.31,4.75
107038,SONDOR-MATARA,2004,8,2.0,20.11,4.02
107038,SONDOR-MATARA,2004,9,42.4,20.4,5.64
107038,SONDOR-MATARA,2004,10,146.8,20.78,7.4
107038,SONDOR-MATARA,2004,11,144.4,20.56,7.63
107038,SONDOR-MATARA,2004,12,164.4,20.6,8.15
107038,SONDOR-MATARA,2005,1,144.3,21.25,7.38
107038,SONDOR-MATARA,2005,2,139.9,20.79,8.66
107038,SONDOR-MATARA,2005,3,270.1,19.29,9.21
107038,SONDOR-MATARA,2005,4,44.6,20.66,8.5
107038,SONDOR-MATARA,2005,5,25.3,20.74,4.74
107038,SONDOR-MATARA,2005,6,0.0,20.95,4.75
107038,SONDOR-MATARA,2005,7,0.0,21.0,3.83
107038,SONDOR-MATARA,2005,8,12.7,20.89,4.24
107038,SONDOR-MATARA,2005,9,29.6,21.02,6.02
107038,SONDOR-MATARA,2005,10,236.1,19.49,7.55
107038,SONDOR-MATARA,2005,11,40.0,21.75,5.17
107038,SONDOR-MATARA,2005,12,182.2,19.92,7.25
107038,SONDOR-MATARA,2006,1,136.8,20.99,6.89
107038,SONDOR-MATARA,2006,2,135.9,19.96,8.97
107038,SONDOR-MATARA,2006,3,430.2,-999.0,-999.0
107038,SONDOR-MATARA,2006,4,145.8,20.21,8.09
107038,SONDOR-MATARA,2006,5,25.7,20.75,5.89
107038,SONDOR-MATARA,2006,6,35.4,19.54,5.56
107038,SONDOR-MATARA,2006,7,0.0,20.36,4.01
107038,SONDOR-MATARA,2006,8,7.0,20.62,4.63
107038,SONDOR-MATARA,2006,9,64.0,20.86,5.84
107038,SONDOR-MATARA,2006,10,67.8,21.43,6.95
107038,SONDOR-MATARA,2006,11,85.5,20.78,7.55
107038,SONDOR-MATARA,2006,12,176.3,20.18,8.96
107038,SONDOR-MATARA,2007,1,173.1,21.51,9.21
107038,SONDOR-MATARA,2007,2,41.1,20.81,7.05
107038,SONDOR-MATARA,2007,3,260.1,19.73,8.31
107038,SONDOR-MATARA,2007,4,158.8,20.02,6.93
107038,SONDOR-MATARA,2007,5,30.0,20.77,6.11
107038,SONDOR-MATARA,2007,6,0.0,20.59,4.41
107038,SONDOR-MATARA,2007,7,11.0,20.87,4.69
107038,SONDOR-MATARA,2007,8,3.6,20.86,4.86
107038,SONDOR-MATARA,2007,9,44.2,20.25,5.11
107038,SONDOR-MATARA,2007,10,193.1,20.46,6.75
107038,SONDOR-MATARA,2007,11,100.1,19.96,8.12
107038,SONDOR-MATARA,2007,12,71.4,20.37,6.5
107038,SONDOR-MATARA,2008,1,133.7,19.19,8.84
107038,SONDOR-MATARA,2008,2,224.3,19.24,7.8
107038,SONDOR-MATARA,2008,3,154.8,19.16,7.56
107038,SONDOR-MATARA,2008,4,149.6,19.4,7.49
107038,SONDOR-MATARA,2008,5,28.9,20.24,5.65
107038,SONDOR-MATARA,2008,6,25.4,20.07,4.19
107038,SONDOR-MATARA,2008,7,4.6,19.8,3.91
107038,SONDOR-MATARA,2008,8,19.6,20.9,5.02
107038,SONDOR-MATARA,2008,9,65.5,20.75,6.31
107038,SONDOR-MATARA,2008,10,166.2,19.92,7.63
107038,SONDOR-MATARA,2008,11,110.1,21.26,7.55
107038,SONDOR-MATARA,2008,12,61.2,21.41,6.04
107038,SONDOR-MATARA,2009,1,-999.0,-999.0,-999.0
107038,SONDOR-MATARA,2009,2,-999.0,-999.0,-999.0
107038,SONDOR-MATARA,2009,3,-999.0,-999.0,-999.0
107038,SONDOR-MATARA,2009,4,-999.0,-999.0,-999.0
107038,SONDOR-MATARA,2009,5,-999.0,-999.0,-999.0
107038,SONDOR-MATARA,2009,6,-999.0,-999.0,-999.0
107038,SONDOR-MATARA,2009,7,-999.0,-999.0,-999.0
107038,SONDOR-MATARA,2009,8,7.7,-999.0,-999.0
107038,SONDOR-MATARA,2009,9,25.5,20.76,7.98
107038,SONDOR-MATARA,2009,10,155.3,20.7,7.94
107038,SONDOR-MATARA,2009,11,195.1,20.16,8.43
107038,SONDOR-MATARA,2009,12,226.1,19.59,9.35
107038,SONDOR-MATARA,2010,1,85.5,20.41,9.11
107038,SONDOR-MATARA,2010,2,122.5,20.82,9.71
107038,SONDOR-MATARA,2010,3,203.8,20.57,10.3
107038,SONDOR-MATARA,2010,4,98.9,21.03,9.83
107038,SONDOR-MATARA,2010,5,58.0,20.31,8.81
107038,SONDOR-MATARA,2010,6,13.6,19.93,7.45
107038,SONDOR-MATARA,2010,7,27.6,20.72,5.19
107038,SONDOR-MATARA,2010,8,0.0,20.73,3.74
107038,SONDOR-MATARA,2010,9,36.2,20.77,-999.0
107038,SONDOR-MATARA,2010,10,71.1,20.55,-999.0
107038,SONDOR-MATARA,2010,11,113.6,20.41,-999.0
107038,SONDOR-MATARA,2010,12,216.5,18.68,-999.0
107038,SONDOR-MATARA,2011,1,118.3,19.5,-999.0
107038,SONDOR-MATARA,2011,2,144.1,19.23,-999.0
107038,SONDOR-MATARA,2011,3,155.3,18.37,-999.0
107038,SONDOR-MATARA,2011,4,153.0,19.37,-999.0
107038,SONDOR-MATARA,2011,5,11.0,20.21,-999.0
107038,SONDOR-MATARA,2011,6,0.0,20.03,-999.0
107038,SONDOR-MATARA,2011,7,9.3,19.52,-999.0
107038,SONDOR-MATARA,2011,8,2.8,20.31,-999.0
107038,SONDOR-MATARA,2011,9,52.1,19.47,-999.0
107038,SONDOR-MATARA,2011,10,44.2,19.67,-999.0
107038,SONDOR-MATARA,2011,11,48.5,20.64,-999.0
107038,SONDOR-MATARA,2011,12,208.1,19.36,-999.0
107038,SONDOR-MATARA,2012,1,250.8,18.84,-999.0
107038,SONDOR-MATARA,2012,2,179.9,18.98,-999.0
107038,SONDOR-MATARA,2012,3,65.9,20.15,-999.0
107038,SONDOR-MATARA,2012,4,98.9,19.9,-999.0
107038,SONDOR-MATARA,2012,5,35.5,19.98,-999.0
107038,SONDOR-MATARA,2012,6,1.7,20.0,-999.0
107038,SONDOR-MATARA,2012,7,0.0,20.29,-999.0
107038,SONDOR-MATARA,2012,8,11.5,20.29,-999.0
107038,SONDOR-MATARA,2012,9,3.6,20.21,-999.0
107038,SONDOR-MATARA,2012,10,108.0,19.87,-999.0
107038,SONDOR-MATARA,2012,11,206.1,19.42,-999.0
107038,SONDOR-MATARA,2012,12,59.8,19.75,-999.0
107038,SONDOR-MATARA,2013,1,72.1,21.11,-999.0
107038,SONDOR-MATARA,2013,2,53.6,20.21,-999.0
107038,SONDOR-MATARA,2013,3,250.1,19.24,-999.0
107038,SONDOR-MATARA,2013,4,48.9,20.43,-999.0
107038,SONDOR-MATARA,2013,5,48.1,19.5,-999.0
107038,SONDOR-MATARA,2013,6,0.0,19.36,-999.0
107038,SONDOR-MATARA,2013,7,0.0,19.25,-999.0
107038,SONDOR-MATARA,2013,8,24.5,19.49,-999.0
107038,SONDOR-MATARA,2013,9,4.8,20.8,-999.0
107038,SONDOR-MATARA,2013,10,174.0,19.87,-999.0
107038,SONDOR-MATARA,2013,11,13.1,21.11,5.78
107038,SONDOR-MATARA,2013,12,142.3,20.25,8.6
107038,SONDOR-MATARA,2014,1,76.2,20.14,8.79
107038,SONDOR-MATARA,2014,2,149.2,19.96,9.47
107038,SONDOR-MATARA,2014,3,188.0,19.0,9.46
107038,SONDOR-MATARA,2014,4,68.3,19.88,8.8
107038,SONDOR-MATARA,2014,5,74.2,19.82,8.63
107038,SONDOR-MATARA,2014,6,3.4,20.37,6.6
107038,SONDOR-MATARA,2014,7,2.0,20.02,5.33
107038,SONDOR-MATARA,2014,8,0.0,19.75,5.82
107038,SONDOR-MATARA,2014,9,54.3,19.93,7.57
107038,SONDOR-MATARA,2014,10,47.1,-999.0,8.89
107038,SONDOR-MATARA,2014,11,53.9,20.62,8.4
107038,SONDOR-MATARA,2014,12,207.5,20.39,9.1
107038,SONDOR-MATARA,2015,1,212.9,19.45,8.74
107038,SONDOR-MATARA,2015,2,86.2,20.39,8.8
107038,SONDOR-MATARA,2015,3,319.5,19.35,9.75
107038,SONDOR-MATARA,2015,4,76.2,20.0,9.59
107038,SONDOR-MATARA,2015,5,51.0,19.65,8.93
107038,SONDOR-MATARA,2015,6,0.0,20.15,7.58
107038,SONDOR-MATARA,2015,7,0.0,21.06,7.27
107038,SONDOR-MATARA,2015,8,0.0,21.5,7.55
107038,SONDOR-MATARA,2015,9,9.6,21.74,8.41
107038,SONDOR-MATARA,2015,10,11.1,21.85,9.34
107038,SONDOR-MATARA,2015,11,159.1,21.79,8.88
107038,SONDOR-MATARA,2015,12,39.2,21.84,10.04
107038,SONDOR-MATARA,2016,1,167.0,22.42,10.04
107038,SONDOR-MATARA,2016,2,151.2,21.17,10.7
107038,SONDOR-MATARA,2016,3,129.4,21.19,10.07
107038,SONDOR-MATARA,2016,4,55.4,21.65,9.16
107038,SONDOR-MATARA,2016,5,1.1,22.03,7.99
107038,SONDOR-MATARA,2016,6,11.0,20.66,7.03
107038,SONDOR-MATARA,2016,7,0.0,20.95,5.92
107038,SONDOR-MATARA,2016,8,0.0,21.22,7.41
107038,SONDOR-MATARA,2016,9,17.1,21.82,8.68
107038,SONDOR-MATARA,2016,10,30.1,21.65,8.58
107038,SONDOR-MATARA,2016,11,7.8,23.37,5.83
107038,SONDOR-MATARA,2016,12,105.7,20.41,9.14
107038,SONDOR-MATARA,2017,1,146.7,19.81,9.23
107038,SONDOR-MATARA,2017,2,60.8,20.31,8.63
107038,SONDOR-MATARA,2017,3,226.4,18.9,9.52
107038,SONDOR-MATARA,2017,4,129.3,19.93,9.46
107038,SONDOR-MATARA,2017,5,41.4,20.05,8.85
107038,SONDOR-MATARA,2017,6,7.8,20.44,7.09
107038,SONDOR-MATARA,2017,7,0.0,20.19,6.09
107038,SONDOR-MATARA,2017,8,4.5,21.35,7.21
107038,SONDOR-MATARA,2017,9,19.0,20.96,8.76
107038,SONDOR-MATARA,2017,10,106.4,21.35,8.71
107038,SONDOR-MATARA,2017,11,26.9,21.79,6.99
107038,SONDOR-MATARA,2017,12,156.4,20.6,9.18
107038,SONDOR-MATARA,2018,1,85.1,20.38,8.52
107038,SONDOR-MATARA,2018,2,162.6,21.07,7.99
107038,SONDOR-MATARA,2018,3,151.7,19.63,9.2
107038,SONDOR-MATARA,2018,4,73.5,20.07,8.41
107038,SONDOR-MATARA,2018,5,73.2,20.45,7.96
107038,SONDOR-MATARA,2018,6,1.1,20.0,5.95
107038,SONDOR-MATARA,2018,7,0.0,19.51,6.07
107038,SONDOR-MATARA,2018,8,0.0,20.58,6.82
107038,SONDOR-MATARA,2018,9,-999.0,-999.0,-999.0
107038,SONDOR-MATARA,2018,10,-999.0,-999.0,-999.0
107038,SONDOR-MATARA,2018,11,-999.0,-999.0,-999.0
107038,SONDOR-MATARA,2018,12,85.0,20.45,7.09
107038,SONDOR-MATARA,2019,1,42.7,20.98,8.33
107038,SONDOR-MATARA,2019,2,141.6,20.68,9.68
107038,SONDOR-MATARA,2019,3,305.3,20.0,9.72
107038,SONDOR-MATARA,2019,4,137.4,20.41,8.68
107038,SONDOR-MATARA,2019,5,15.9,20.81,8.0
107038,SONDOR-MATARA,2019,6,0.0,21.02,7.12
107038,SONDOR-MATARA,2019,7,2.1,21.04,6.27
107038,SONDOR-MATARA,2019,8,0.0,20.56,6.35
107038,SONDOR-MATARA,2019,9,12.9,20.77,7.17
107038,SONDOR-MATARA,2019,10,84.2,20.49,7.6
107038,SONDOR-MATARA,2019,11,59.2,20.81,8.02
107038,SONDOR-MATARA,2019,12,206.8,20.71,7.43
107038,SONDOR-MATARA,2020,1,69.7,21.0,8.42
107038,SONDOR-MATARA,2020,2,33.6,21.11,9.23
107038,SONDOR-MATARA,2020,3,142.9,21.16,8.25
107038,SONDOR-MATARA,2020,4,54.2,20.98,8.49
107038,SONDOR-MATARA,2020,5,29.3,21.88,8.0
107038,SONDOR-MATARA,2020,6,0.0,21.85,6.23
107038,SONDOR-MATARA,2020,7,25.1,21.09,6.15
107038,SONDOR-MATARA,2020,8,0.0,21.99,6.05
107038,SONDOR-MATARA,2020,9,12.1,21.34,6.57
107038,SONDOR-MATARA,2020,10,52.1,20.84,7.01
107038,SONDOR-MATARA,2020,11,81.9,21.68,7.76
107038,SONDOR-MATARA,2020,12,114.2,21.54,7.44
107038,SONDOR-MATARA,2021,1,100.8,21.55,7.47
107038,SONDOR-MATARA,2021,2,2.7,21.39,8.46
107038,SONDOR-MATARA,2021,3,367.8,20.42,8.69
107038,SONDOR-MATARA,2021,4,0.0,21.19,7.65
107038,SONDOR-MATARA,2021,5,6.3,21.37,7.46
107038,SONDOR-MATARA,2021,6,0.8,21.41,6.74
107038,SONDOR-MATARA,2021,7,0.0,21.32,7.87
107038,SONDOR-MATARA,2021,8,0.0,21.2,7.38
107038,SONDOR-MATARA,2021,9,9.2,21.42,8.29
107038,SONDOR-MATARA,2021,10,35.4,20.97,7.35
107038,SONDOR-MATARA,2021,11,178.0,20.83,8.12
107038,SONDOR-MATARA,2021,12,157.4,20.65,8.62
107038,SONDOR-MATARA,2022,1,59.8,21.23,8.82
107038,SONDOR-MATARA,2022,2,222.2,20.18,9.13
107038,SONDOR-MATARA,2022,3,261.3,19.89,8.66
107038,SONDOR-MATARA,2022,4,93.4,21.1,8.96
107038,SONDOR-MATARA,2022,5,6.5,21.05,7.67
107038,SONDOR-MATARA,2022,6,4.5,20.97,6.8
107038,SONDOR-MATARA,2022,7,0.5,21.28,7.18
107038,SONDOR-MATARA,2022,8,2.1,21.19,8.2
107038,SONDOR-MATARA,2022,9,71.0,21.59,7.18
107038,SONDOR-MATARA,2022,10,48.4,21.63,8.38
107038,SONDOR-MATARA,2022,11,21.6,22.55,7.53
107038,SONDOR-MATARA,2022,12,67.8,21.56,8.09
107038,SONDOR-MATARA,2023,1,157.7,20.18,7.81
107038,SONDOR-MATARA,2023,2,114.4,19.89,8.72
107038,SONDOR-MATARA,2023,3,128.0,20.25,8.02
107038,SONDOR-MATARA,2023,4,95.7,20.35,8.01
107038,SONDOR-MATARA,2023,5,36.0,20.51,7.99
107038,SONDOR-MATARA,2023,6,1.1,21.11,5.61
107038,SONDOR-MATARA,2023,7,0.0,21.69,5.4
107038,SONDOR-MATARA,2023,8,0.4,22.24,6.67
107038,SONDOR-MATARA,2023,9,16.6,22.24,7.76
107038,SONDOR-MATARA,2023,10,72.4,21.02,8.88
107038,SONDOR-MATARA,2023,11,63.5,20.65,8.29
107038,SONDOR-MATARA,2023,12,294.3,20.45,10.46
107038,SONDOR-MATARA,2024,1,89.4,21.03,10.21
107038,SONDOR-MATARA,2024,2,62.1,21.6,8.79
107038,SONDOR-MATARA,2024,3,117.5,21.56,9.25
107038,SONDOR-MATARA,2024,4,96.9,21.45,8.57
107038,SONDOR-MATARA,2024,5,15.3,21.98,8.24
107038,SONDOR-MATARA,2024,6,10.3,22.03,7.92
107038,SONDOR-MATARA,2024,7,0.0,22.07,6.1
107038,SONDOR-MATARA,2024,8,0.0,22.32,6.76
107038,SONDOR-MATARA,2024,9,16.3,22.26,8.7
107038,SONDOR-MATARA,2024,10,54.6,21.9,9.25
107038,SONDOR-MATARA,2024,11,63.0,22.24,8.46
107038,SONDOR-MATARA,2024,12,175.8,21.17,9.72
107038,SONDOR-MATARA,2025,1,165.0,21.05,9.3
107038,SONDOR-MATARA,2025,2,293.9,20.75,9.95
107038,SONDOR-MATARA,2025,3,232.0,20.65,9.17
107038,SONDOR-MATARA,2025,4,208.3,20.28,9.79
107038,SONDOR-MATARA,2025,5,41.5,21.28,8.03
107038,SONDOR-MATARA,2025,6,16.0,21.24,7.4
107038,SONDOR-MATARA,2025,7,0.0,21.58,5.4
107038,SONDOR-MATARA,2025,8,0.0,21.4,6.33
107038,SONDOR-MATARA,2025,9,0.6,20.72,6.92
107038,SONDOR-MATARA,2025,10,112.6,20.3,8.17
107038,SONDOR-MATARA,2025,11,97.0,21.37,7.8
107038,SONDOR-MATARA,2025,12,49.3,22.32,5.7
