CODIGO,ESTACION,YEAR,MONTH,PP,TMAX,TMIN
107054,CALLANCAS,1990,1,1.1,-999.0,-999.0
107054,CALLANCAS,1990,2,0.0,-999.0,-999.0
107054,CALLANCAS,1990,3,-999.0,-999.0,-999.0
107054,CALLANCAS,1990,4,59.4,-999.0,-999.0
107054,CALLANCAS,1990,5,4.0,-999.0,-999.0
107054,CALLANCAS,1990,6,0.0,-999.0,-999.0
107054,CALLANCAS,1990,7,0.0,-999.0,-999.0
107054,CALLANCAS,1990,8,0.0,-999.0,-999.0
107054,CALLANCAS,1990,9,14.6,-999.0,-999.0
107054,CALLANCAS,1990,10,25.0,-999.0,-999.0
107054,CALLANCAS,1990,11,-999.0,-999.0,-999.0
107054,CALLANCAS,1990,12,-999.0,-999.0,-999.0
107054,CALLANCAS,1991,1,1.1,-999.0,-999.0
107054,CALLANCAS,1991,2,-999.0,-999.0,-999.0
107054,CALLANCAS,1991,3,-999.0,-999.0,-999.0
107054,CALLANCAS,1991,4,-999.0,-999.0,-999.0
107054,CALLANCAS,1991,5,8.3,-999.0,-999.0
107054,CALLANCAS,1991,6,1.1,-999.0,-999.0
107054,CALLANCAS,1991,7,0.0,-999.0,-999.0
107054,CALLANCAS,1991,8,0.0,-999.0,-999.0
107054,CALLANCAS,1991,9,0.0,-999.0,-999.0
107054,CALLANCAS,1991,10,31.8,-999.0,-999.0
107054,CALLANCAS,1991,11,32.8,-999.0,-999.0
107054,CALLANCAS,1991,12,23.6,-999.0,-999.0
107054,CALLANCAS,1992,1,0.0,-999.0,-999.0
107054,CALLANCAS,1992,2,15.4,-999.0,-999.0
107054,CALLANCAS,1992,3,22.7,-999.0,-999.0
107054,CALLANCAS,1992,4,5.0,-999.0,-999.0
107054,CALLANCAS,1992,5,0.0,-999.0,-999.0
107054,CALLANCAS,1992,6,0.0,-999.0,-999.0
107054,CALLANCAS,1992,7,0.0,-999.0,-999.0
107054,CALLANCAS,1992,8,0.0,-999.0,-999.0
107054,CALLANCAS,1992,9,0.0,-999.0,-999.0
107054,CALLANCAS,1992,10,0.0,-999.0,-999.0
107054,CALLANCAS,1992,11,0.0,-999.0,-999.0
107054,CALLANCAS,1992,12,2.2,-999.0,-999.0
107054,CALLANCAS,1993,1,-999.0,-999.0,-999.0
107054,CALLANCAS,1993,2,97.0,-999.0,-999.0
107054,CALLANCAS,1993,3,164.1,-999.0,-999.0
107054,CALLANCAS,1993,4,64.5,-999.0,-999.0
107054,CALLANCAS,1993,5,20.6,-999.0,-999.0
107054,CALLANCAS,1993,6,-999.0,-999.0,-999.0
107054,CALLANCAS,1993,7,0.0,-999.0,-999.0
107054,CALLANCAS,1993,8,0.0,-999.0,-999.0
107054,CALLANCAS,1993,9,45.1,-999.0,-999.0
107054,CALLANCAS,1993,10,53.4,-999.0,-999.0
107054,CALLANCAS,1993,11,8.3,-999.0,-999.0
107054,CALLANCAS,1993,12,52.1,-999.0,-999.0
107054,CALLANCAS,1994,1,37.7,-999.0,-999.0
107054,CALLANCAS,1994,2,103.0,-999.0,-999.0
107054,CALLANCAS,1994,3,52.7,-999.0,-999.0
107054,CALLANCAS,1994,4,22.7,-999.0,-999.0
107054,CALLANCAS,1994,5,59.9,-999.0,-999.0
107054,CALLANCAS,1994,6,0.0,-999.0,-999.0
107054,CALLANCAS,1994,7,3.0,-999.0,-999.0
107054,CALLANCAS,1994,8,0.0,-999.0,-999.0
107054,CALLANCAS,1994,9,7.5,-999.0,-999.0
107054,CALLANCAS,1994,10,0.0,-999.0,-999.0
107054,CALLANCAS,1994,11,44.1,-999.0,-999.0
107054,CALLANCAS,1994,12,52.3,-999.0,-999.0
107054,CALLANCAS,1995,1,50.9,-999.0,-999.0
107054,CALLANCAS,1995,2,70.2,-999.0,-999.0
107054,CALLANCAS,1995,3,31.8,-999.0,-999.0
107054,CALLANCAS,1995,4,64.5,-999.0,-999.0
107054,CALLANCAS,1995,5,15.1,-999.0,-999.0
107054,CALLANCAS,1995,6,12.2,-999.0,-999.0
107054,CALLANCAS,1995,7,4.6,-999.0,-999.0
107054,CALLANCAS,1995,8,1.7,-999.0,-999.0
107054,CALLANCAS,1995,9,10.9,-999.0,-999.0
107054,CALLANCAS,1995,10,39.0,-999.0,-999.0
107054,CALLANCAS,1995,11,19.7,-999.0,-999.0
107054,CALLANCAS,1995,12,69.3,-999.0,-999.0
107054,CALLANCAS,1996,1,62.2,-999.0,-999.0
107054,CALLANCAS,1996,2,148.5,-999.0,-999.0
107054,CALLANCAS,1996,3,146.0,-999.0,-999.0
107054,CALLANCAS,1996,4,29.2,-999.0,-999.0
107054,CALLANCAS,1996,5,3.2,-999.0,-999.0
107054,CALLANCAS,1996,6,0.0,-999.0,-999.0
107054,CALLANCAS,1996,7,0.0,-999.0,-999.0
107054,CALLANCAS,1996,8,0.0,-999.0,-999.0
107054,CALLANCAS,1996,9,7.2,-999.0,-999.0
107054,CALLANCAS,1996,10,62.4,-999.0,-999.0
107054,CALLANCAS,1996,11,0.0,-999.0,-999.0
107054,CALLANCAS,1996,12,6.5,-999.0,-999.0
107054,CALLANCAS,1997,1,8.1,-999.0,-999.0
107054,CALLANCAS,1997,2,114.9,-999.0,-999.0
107054,CALLANCAS,1997,3,24.9,-999.0,-999.0
107054,CALLANCAS,1997,4,52.3,-999.0,-999.0
107054,CALLANCAS,1997,5,12.9,-999.0,-999.0
107054,CALLANCAS,1997,6,3.4,-999.0,-999.0
107054,CALLANCAS,1997,7,0.0,-999.0,-999.0
107054,CALLANCAS,1997,8,0.0,-999.0,-999.0
107054,CALLANCAS,1997,9,11.4,-999.0,-999.0
107054,CALLANCAS,1997,10,28.7,-999.0,-999.0
107054,CALLANCAS,1997,11,34.6,-999.0,-999.0
107054,CALLANCAS,1997,12,133.4,-999.0,-999.0
107054,CALLANCAS,1998,1,201.1,-999.0,-999.0
107054,CALLANCAS,1998,2,191.6,-999.0,-999.0
107054,CALLANCAS,1998,3,271.8,-999.0,-999.0
107054,CALLANCAS,1998,4,78.4,-999.0,-999.0
107054,CALLANCAS,1998,5,11.1,-999.0,-999.0
107054,CALLANCAS,1998,6,4.4,-999.0,-999.0
107054,CALLANCAS,1998,7,0.0,-999.0,-999.0
107054,CALLANCAS,1998,8,0.0,-999.0,-999.0
107054,CALLANCAS,1998,9,5.2,-999.0,-999.0
107054,CALLANCAS,1998,10,22.1,-999.0,-999.0
107054,CALLANCAS,1998,11,6.9,-999.0,-999.0
107054,CALLANCAS,1998,12,27.3,-999.0,-999.0
107054,CALLANCAS,1999,1,77.2,-999.0,-999.0
107054,CALLANCAS,1999,2,265.8,-999.0,-999.0
107054,CALLANCAS,1999,3,71.9,-999.0,-999.0
107054,CALLANCAS,1999,4,68.4,-999.0,-999.0
107054,CALLANCAS,1999,5,46.9,-999.0,-999.0
107054,CALLANCAS,1999,6,9.0,-999.0,-999.0
107054,CALLANCAS,1999,7,2.9,-999.0,-999.0
107054,CALLANCAS,1999,8,0.0,-999.0,-999.0
107054,CALLANCAS,1999,9,30.7,-999.0,-999.0
107054,CALLANCAS,1999,10,18.1,-999.0,-999.0
107054,CALLANCAS,1999,11,14.6,-999.0,-999.0
107054,CALLANCAS,1999,12,53.7,-999.0,-999.0
107054,CALLANCAS,2000,1,41.3,-999.0,-999.0
107054,CALLANCAS,2000,2,140.9,-999.0,-999.0
107054,CALLANCAS,2000,3,162.3,-999.0,-999.0
107054,CALLANCAS,2000,4,121.0,-999.0,-999.0
107054,CALLANCAS,2000,5,62.5,-999.0,-999.0
107054,CALLANCAS,2000,6,4.6,-999.0,-999.0
107054,CALLANCAS,2000,7,0.0,-999.0,-999.0
107054,CALLANCAS,2000,8,4.3,-999.0,-999.0
107054,CALLANCAS,2000,9,-999.0,-999.0,-999.0
107054,CALLANCAS,2000,10,-999.0,-999.0,-999.0
107054,CALLANCAS,2000,11,20.4,-999.0,-999.0
107054,CALLANCAS,2000,12,74.5,-999.0,-999.0
107054,CALLANCAS,2001,1,141.4,-999.0,-999.0
107054,CALLANCAS,2001,2,58.9,-999.0,-999.0
107054,CALLANCAS,2001,3,267.1,-999.0,-999.0
107054,CALLANCAS,2001,4,52.9,-999.0,-999.0
107054,CALLANCAS,2001,5,16.9,-999.0,-999.0
107054,CALLANCAS,2001,6,3.1,-999.0,-999.0
107054,CALLANCAS,2001,7,0.0,-999.0,-999.0
107054,CALLANCAS,2001,8,0.0,-999.0,-999.0
107054,CALLANCAS,2001,9,-999.0,-999.0,-999.0
107054,CALLANCAS,2001,10,25.2,-999.0,-999.0
107054,CALLANCAS,2001,11,42.8,-999.0,-999.0
107054,CALLANCAS,2001,12,31.0,-999.0,-999.0
107054,CALLANCAS,2002,1,26.4,-999.0,-999.0
107054,CALLANCAS,2002,2,127.5,-999.0,-999.0
107054,CALLANCAS,2002,3,152.1,-999.0,-999.0
107054,CALLANCAS,2002,4,97.4,-999.0,-999.0
107054,CALLANCAS,2002,5,2.4,-999.0,-999.0
107054,CALLANCAS,2002,6,8.7,-999.0,-999.0
107054,CALLANCAS,2002,7,0.0,-999.0,15.59
107054,CALLANCAS,2002,8,0.0,-999.0,15.37
107054,CALLANCAS,2002,9,1.5,-999.0,15.9
107054,CALLANCAS,2002,10,34.1,-999.0,16.26
107054,CALLANCAS,2002,11,77.6,-999.0,16.29
107054,CALLANCAS,2002,12,55.0,-999.0,16.54
107054,CALLANCAS,2003,1,-999.0,-999.0,-999.0
107054,CALLANCAS,2003,2,78.3,-999.0,16.97
107054,CALLANCAS,2003,3,55.5,-999.0,16.84
107054,CALLANCAS,2003,4,31.2,-999.0,-999.0
107054,CALLANCAS,2003,5,17.0,-999.0,16.19
107054,CALLANCAS,2003,6,2.9,27.75,15.16
107054,CALLANCAS,2003,7,1.5,-999.0,14.54
107054,CALLANCAS,2003,8,0.2,-999.0,15.32
107054,CALLANCAS,2003,9,3.6,-999.0,15.85
107054,CALLANCAS,2003,10,8.8,-999.0,15.74
107054,CALLANCAS,2003,11,10.6,-999.0,15.84
107054,CALLANCAS,2003,12,71.5,-999.0,16.26
107054,CALLANCAS,2004,1,-999.0,-999.0,16.15
107054,CALLANCAS,2004,2,78.2,-999.0,16.77
107054,CALLANCAS,2004,3,107.2,-999.0,16.89
107054,CALLANCAS,2004,4,17.4,-999.0,16.27
107054,CALLANCAS,2004,5,28.3,-999.0,-999.0
107054,CALLANCAS,2004,6,0.0,-999.0,15.4
107054,CALLANCAS,2004,7,1.2,-999.0,15.37
107054,CALLANCAS,2004,8,0.0,-999.0,15.4
107054,CALLANCAS,2004,9,17.1,-999.0,15.23
107054,CALLANCAS,2004,10,-999.0,-999.0,16.04
107054,CALLANCAS,2004,11,15.6,-999.0,15.82
107054,CALLANCAS,2004,12,38.3,-999.0,16.47
107054,CALLANCAS,2005,1,42.3,-999.0,16.45
107054,CALLANCAS,2005,2,62.2,-999.0,16.83
107054,CALLANCAS,2005,3,132.7,-999.0,17.04
107054,CALLANCAS,2005,4,17.4,-999.0,17.06
107054,CALLANCAS,2005,5,0.0,-999.0,15.62
107054,CALLANCAS,2005,6,0.1,-999.0,15.41
107054,CALLANCAS,2005,7,0.0,-999.0,15.22
107054,CALLANCAS,2005,8,0.0,-999.0,15.27
107054,CALLANCAS,2005,9,0.0,-999.0,15.45
107054,CALLANCAS,2005,10,13.4,27.29,15.7
107054,CALLANCAS,2005,11,3.9,27.33,15.38
107054,CALLANCAS,2005,12,45.7,26.69,15.74
107054,CALLANCAS,2006,1,64.4,27.27,16.43
107054,CALLANCAS,2006,2,125.9,25.6,17.29
107054,CALLANCAS,2006,3,243.0,24.58,16.81
107054,CALLANCAS,2006,4,76.4,26.08,16.35
107054,CALLANCAS,2006,5,9.1,27.43,15.22
107054,CALLANCAS,2006,6,15.4,27.48,15.4
107054,CALLANCAS,2006,7,3.6,27.99,14.97
107054,CALLANCAS,2006,8,1.1,28.38,15.81
107054,CALLANCAS,2006,9,-999.0,28.09,16.09
107054,CALLANCAS,2006,10,1.3,28.02,16.42
107054,CALLANCAS,2006,11,32.1,27.09,16.29
107054,CALLANCAS,2006,12,52.9,26.86,16.86
107054,CALLANCAS,2007,1,57.8,26.63,17.4
107054,CALLANCAS,2007,2,19.5,27.16,16.34
107054,CALLANCAS,2007,3,182.9,26.78,17.14
107054,CALLANCAS,2007,4,82.7,25.55,16.55
107054,CALLANCAS,2007,5,34.8,27.52,16.05
107054,CALLANCAS,2007,6,0.0,27.97,15.17
107054,CALLANCAS,2007,7,0.0,27.74,15.18
107054,CALLANCAS,2007,8,0.1,27.27,15.27
107054,CALLANCAS,2007,9,1.0,27.47,14.79
107054,CALLANCAS,2007,10,49.6,26.7,15.29
107054,CALLANCAS,2007,11,51.2,26.44,15.79
107054,CALLANCAS,2007,12,32.8,26.93,15.88
107054,CALLANCAS,2008,1,102.9,26.27,16.32
107054,CALLANCAS,2008,2,154.8,24.62,16.39
107054,CALLANCAS,2008,3,132.4,24.44,16.44
107054,CALLANCAS,2008,4,87.1,24.94,16.08
107054,CALLANCAS,2008,5,3.5,26.52,15.58
107054,CALLANCAS,2008,6,3.9,26.7,14.65
107054,CALLANCAS,2008,7,0.7,26.98,14.97
107054,CALLANCAS,2008,8,1.1,26.68,15.31
107054,CALLANCAS,2008,9,3.2,28.01,15.74
107054,CALLANCAS,2008,10,-999.0,26.95,16.19
107054,CALLANCAS,2008,11,42.9,26.4,15.77
107054,CALLANCAS,2008,12,0.5,27.36,15.82
107054,CALLANCAS,2009,1,151.3,24.95,16.21
107054,CALLANCAS,2009,2,111.2,24.19,16.35
107054,CALLANCAS,2009,3,168.8,24.56,16.65
107054,CALLANCAS,2009,4,66.3,25.32,16.08
107054,CALLANCAS,2009,5,7.0,27.07,15.57
107054,CALLANCAS,2009,6,2.7,27.27,15.78
107054,CALLANCAS,2009,7,0.7,27.97,16.16
107054,CALLANCAS,2009,8,0.0,28.17,15.85
107054,CALLANCAS,2009,9,0.1,28.32,16.2
107054,CALLANCAS,2009,10,47.7,27.64,16.68
107054,CALLANCAS,2009,11,53.2,27.21,16.05
107054,CALLANCAS,2009,12,62.1,26.81,17.06
107054,CALLANCAS,2010,1,40.4,27.21,17.29
107054,CALLANCAS,2010,2,154.3,26.08,17.72
107054,CALLANCAS,2010,3,93.8,26.74,17.67
107054,CALLANCAS,2010,4,62.5,27.0,17.06
107054,CALLANCAS,2010,5,27.2,27.27,16.44
107054,CALLANCAS,2010,6,0.6,27.65,15.36
107054,CALLANCAS,2010,7,4.7,26.85,14.87
107054,CALLANCAS,2010,8,0.0,27.72,14.65
107054,CALLANCAS,2010,9,13.6,27.03,15.25
107054,CALLANCAS,2010,10,5.7,27.24,15.23
107054,CALLANCAS,2010,11,33.3,26.01,14.8
107054,CALLANCAS,2010,12,41.9,26.07,15.56
107054,CALLANCAS,2011,1,62.4,25.74,15.66
107054,CALLANCAS,2011,2,20.8,27.01,16.17
107054,CALLANCAS,2011,3,93.1,26.61,16.04
107054,CALLANCAS,2011,4,176.2,25.22,16.02
107054,CALLANCAS,2011,5,2.6,26.86,15.53
107054,CALLANCAS,2011,6,0.0,27.21,15.54
107054,CALLANCAS,2011,7,1.1,27.54,15.44
107054,CALLANCAS,2011,8,0.0,27.89,15.59
107054,CALLANCAS,2011,9,4.5,27.53,15.57
107054,CALLANCAS,2011,10,2.7,27.23,15.12
107054,CALLANCAS,2011,11,27.8,26.82,14.82
107054,CALLANCAS,2011,12,58.6,25.99,15.99
107054,CALLANCAS,2012,1,65.0,25.28,16.26
107054,CALLANCAS,2012,2,175.8,25.6,16.19
107054,CALLANCAS,2012,3,143.8,25.91,16.44
107054,CALLANCAS,2012,4,109.6,25.72,16.39
107054,CALLANCAS,2012,5,26.0,27.08,15.69
107054,CALLANCAS,2012,6,5.7,26.77,14.29
107054,CALLANCAS,2012,7,0.0,27.38,14.28
107054,CALLANCAS,2012,8,0.5,27.88,-999.0
107054,CALLANCAS,2012,9,2.7,28.27,15.08
107054,CALLANCAS,2012,10,66.6,26.79,16.01
107054,CALLANCAS,2012,11,-999.0,26.94,15.7
107054,CALLANCAS,2012,12,36.9,27.04,15.68
107054,CALLANCAS,2013,1,57.0,26.3,16.37
107054,CALLANCAS,2013,2,116.1,26.3,16.32
107054,CALLANCAS,2013,3,196.8,24.96,16.87
107054,CALLANCAS,2013,4,30.7,26.8,15.97
107054,CALLANCAS,2013,5,30.6,26.31,15.2
107054,CALLANCAS,2013,6,2.6,27.25,14.99
107054,CALLANCAS,2013,7,0.0,27.53,14.81
107054,CALLANCAS,2013,8,0.0,27.7,15.88
107054,CALLANCAS,2013,9,0.1,28.02,15.62
107054,CALLANCAS,2013,10,48.9,26.92,16.13
107054,CALLANCAS,2013,11,0.4,27.01,14.96
107054,CALLANCAS,2013,12,37.5,26.92,15.78
107054,CALLANCAS,2014,1,-999.0,26.15,16.76
107054,CALLANCAS,2014,2,46.3,27.18,16.71
107054,CALLANCAS,2014,3,102.1,25.25,16.61
107054,CALLANCAS,2014,4,55.2,27.25,16.23
107054,CALLANCAS,2014,5,52.4,25.85,16.28
107054,CALLANCAS,2014,6,0.0,27.79,15.36
107054,CALLANCAS,2014,7,0.1,28.99,15.67
107054,CALLANCAS,2014,8,1.8,27.83,15.37
107054,CALLANCAS,2014,9,16.9,27.65,15.67
107054,CALLANCAS,2014,10,17.6,28.03,15.6
107054,CALLANCAS,2014,11,-999.0,26.9,15.66
107054,CALLANCAS,2014,12,60.7,26.87,16.09
107054,CALLANCAS,2015,1,99.8,26.53,16.45
107054,CALLANCAS,2015,2,59.7,25.8,16.56
107054,CALLANCAS,2015,3,150.5,25.72,16.83
107054,CALLANCAS,2015,4,49.6,25.9,16.31
107054,CALLANCAS,2015,5,62.2,26.71,16.35
107054,CALLANCAS,2015,6,1.5,28.85,15.09
107054,CALLANCAS,2015,7,2.5,27.75,14.97
107054,CALLANCAS,2015,8,0.0,28.26,15.07
107054,CALLANCAS,2015,9,2.0,28.53,16.14
107054,CALLANCAS,2015,10,17.6,27.78,16.44
107054,CALLANCAS,2015,11,30.6,27.53,16.02
107054,CALLANCAS,2015,12,56.7,28.31,17.24
107054,CALLANCAS,2016,1,34.5,27.51,17.13
107054,CALLANCAS,2016,2,95.5,26.48,17.54
107054,CALLANCAS,2016,3,70.8,27.14,17.29
107054,CALLANCAS,2016,4,57.3,27.09,16.86
107054,CALLANCAS,2016,5,7.4,28.63,15.94
107054,CALLANCAS,2016,6,3.8,27.41,14.8
107054,CALLANCAS,2016,7,0.0,27.63,14.22
107054,CALLANCAS,2016,8,0.0,27.98,14.84
107054,CALLANCAS,2016,9,3.4,28.16,15.58
107054,CALLANCAS,2016,10,2.6,28.09,16.18
107054,CALLANCAS,2016,11,1.0,28.11,15.08
107054,CALLANCAS,2016,12,30.4,27.07,16.41
107054,CALLANCAS,2017,1,114.1,25.92,16.85
107054,CALLANCAS,2017,2,106.1,25.75,16.93
107054,CALLANCAS,2017,3,304.7,24.98,16.9
107054,CALLANCAS,2017,4,107.9,25.47,16.89
107054,CALLANCAS,2017,5,53.6,26.15,15.86
107054,CALLANCAS,2017,6,1.8,26.8,14.73
107054,CALLANCAS,2017,7,0.0,27.7,14.59
107054,CALLANCAS,2017,8,7.6,27.71,15.18
107054,CALLANCAS,2017,9,8.7,27.68,15.67
107054,CALLANCAS,2017,10,40.3,27.31,15.8
107054,CALLANCAS,2017,11,11.5,27.34,15.24
107054,CALLANCAS,2017,12,26.6,26.89,16.56
107054,CALLANCAS,2018,1,99.9,25.45,16.22
107054,CALLANCAS,2018,2,86.6,25.94,16.5
107054,CALLANCAS,2018,3,87.9,25.95,16.67
107054,CALLANCAS,2018,4,86.4,25.78,15.89
107054,CALLANCAS,2018,5,42.3,26.59,15.92
107054,CALLANCAS,2018,6,0.0,27.63,14.92
107054,CALLANCAS,2018,7,0.0,27.82,14.93
107054,CALLANCAS,2018,8,0.0,28.19,15.41
107054,CALLANCAS,2018,9,4.6,28.06,15.56
107054,CALLANCAS,2018,10,17.1,27.69,15.91
107054,CALLANCAS,2018,11,19.4,27.49,16.47
107054,CALLANCAS,2018,12,71.5,27.07,16.22
107054,CALLANCAS,2019,1,77.3,26.41,17.29
107054,CALLANCAS,2019,2,177.2,25.43,17.49
107054,CALLANCAS,2019,3,144.0,25.79,17.14
107054,CALLANCAS,2019,4,61.1,26.3,16.58
107054,CALLANCAS,2019,5,21.4,27.43,16.28
107054,CALLANCAS,2019,6,0.3,28.2,15.8
107054,CALLANCAS,2019,7,4.7,27.88,15.15
107054,CALLANCAS,2019,8,0.0,28.94,15.16
107054,CALLANCAS,2019,9,11.5,28.33,15.21
107054,CALLANCAS,2019,10,37.1,26.8,15.95
107054,CALLANCAS,2019,11,-999.0,27.43,15.99
107054,CALLANCAS,2019,12,71.2,26.83,16.36
107054,CALLANCAS,2020,1,11.9,28.26,16.74
107054,CALLANCAS,2020,2,31.7,28.63,17.4
107054,CALLANCAS,2020,3,71.5,28.61,16.99
107054,CALLANCAS,2020,4,36.7,27.91,16.83
107054,CALLANCAS,2020,5,17.8,28.07,16.74
107054,CALLANCAS,2020,6,1.0,27.9,15.28
107054,CALLANCAS,2020,7,4.8,27.51,15.06
107054,CALLANCAS,2020,8,0.0,28.51,15.09
107054,CALLANCAS,2020,9,14.1,28.11,15.31
107054,CALLANCAS,2020,10,6.4,28.24,15.62
107054,CALLANCAS,2020,11,18.0,27.6,15.19
107054,CALLANCAS,2020,12,132.6,25.43,16.13
107054,CALLANCAS,2021,1,106.3,25.15,16.26
107054,CALLANCAS,2021,2,-999.0,27.29,15.94
107054,CALLANCAS,2021,3,176.9,25.22,16.32
107054,CALLANCAS,2021,4,110.0,25.8,16.56
107054,CALLANCAS,2021,5,17.1,27.38,15.59
107054,CALLANCAS,2021,6,16.6,27.04,15.41
107054,CALLANCAS,2021,7,5.3,27.91,14.65
107054,CALLANCAS,2021,8,7.5,27.46,15.21
107054,CALLANCAS,2021,9,9.4,27.62,15.56
107054,CALLANCAS,2021,10,84.6,27.19,16.37
107054,CALLANCAS,2021,11,36.6,27.02,15.94
107054,CALLANCAS,2021,12,31.4,26.97,16.05
107054,CALLANCAS,2022,1,37.9,26.66,15.9
107054,CALLANCAS,2022,2,70.6,25.11,16.17
107054,CALLANCAS,2022,3,115.4,26.05,16.43
107054,CALLANCAS,2022,4,68.2,26.21,16.18
107054,CALLANCAS,2022,5,16.0,27.76,15.9
107054,CALLANCAS,2022,6,1.5,26.41,14.34
107054,CALLANCAS,2022,7,0.4,27.3,14.78
107054,CALLANCAS,2022,8,2.3,27.62,14.91
107054,CALLANCAS,2022,9,16.7,27.06,15.5
107054,CALLANCAS,2022,10,2.1,27.81,15.01
107054,CALLANCAS,2022,11,0.0,27.4,14.74
107054,CALLANCAS,2022,12,36.9,26.61,15.42
107054,CALLANCAS,2023,1,101.7,26.26,16.29
107054,CALLANCAS,2023,2,107.2,26.48,17.3
107054,CALLANCAS,2023,3,181.9,25.53,16.5
107054,CALLANCAS,2023,4,86.5,25.3,16.89
107054,CALLANCAS,2023,5,15.1,27.35,16.42
107054,CALLANCAS,2023,6,0.0,28.14,15.27
107054,CALLANCAS,2023,7,0.3,28.55,15.68
107054,CALLANCAS,2023,8,2.6,28.5,15.92
107054,CALLANCAS,2023,9,4.8,28.75,16.67
107054,CALLANCAS,2023,10,66.5,27.36,17.18
107054,CALLANCAS,2023,11,38.2,27.68,16.82
107054,CALLANCAS,2023,12,103.0,26.97,17.73
107054,CALLANCAS,2024,1,104.3,27.22,17.65
107054,CALLANCAS,2024,2,-999.0,27.71,17.77
107054,CALLANCAS,2024,3,34.6,28.92,17.84
107054,CALLANCAS,2024,4,59.2,28.4,17.74
107054,CALLANCAS,2024,5,15.8,28.91,17.06
107054,CALLANCAS,2024,6,2.4,28.23,16.14
107054,CALLANCAS,2024,7,0.0,28.99,15.69
107054,CALLANCAS,2024,8,0.0,28.46,15.79
107054,CALLANCAS,2024,9,14.2,28.6,16.02
107054,CALLANCAS,2024,10,36.9,28.1,16.79
107054,CALLANCAS,2024,11,1.8,27.7,15.94
107054,CALLANCAS,2024,12,49.7,27.02,16.98
107054,CALLANCAS,2025,1,50.4,26.41,16.67
107054,CALLANCAS,2025,2,198.7,25.74,17.29
107054,CALLANCAS,2025,3,154.4,26.63,17.04
107054,CALLANCAS,2025,4,108.6,26.73,16.85
107054,CALLANCAS,2025,5,24.3,27.39,16.2
107054,CALLANCAS,2025,6,9.7,27.39,15.72
107054,CALLANCAS,2025,7,0.0,28.53,14.91
107054,CALLANCAS,2025,8,0.1,28.19,15.64
107054,CALLANCAS,2025,9,18.8,28.06,16.13
107054,CALLANCAS,2025,10,46.2,27.48,16.45
107054,CALLANCAS,2025,11,53.5,27.6,16.5
107054,CALLANCAS,2025,12,3.7,28.2,15.25
