CODIGO,ESTACION,YEAR,MONTH,PP,TMAX,TMIN
107092,HUANGACOCHA,1990,1,-999.0,-999.0,-999.0
107092,HUANGACOCHA,1990,2,-999.0,-999.0,-999.0
107092,HUANGACOCHA,1990,3,-999.0,-999.0,-999.0
107092,HUANGACOCHA,1990,4,-999.0,-999.0,-999.0
107092,HUANGACOCHA,1990,5,-999.0,-999.0,-999.0
107092,HUANGACOCHA,1990,6,-999.0,-999.0,-999.0
107092,HUANGACOCHA,1990,7,-999.0,-999.0,-999.0
107092,HUANGACOCHA,1990,8,-999.0,-999.0,-999.0
107092,HUANGACOCHA,1990,9,-999.0,-999.0,-999.0
107092,HUANGACOCHA,1990,10,-999.0,-999.0,-999.0
107092,HUANGACOCHA,1990,11,-999.0,-999.0,-999.0
107092,HUANGACOCHA,1990,12,-999.0,-999.0,-999.0
107092,HUANGACOCHA,1991,1,-999.0,-999.0,-999.0
107092,HUANGACOCHA,1991,2,-999.0,-999.0,-999.0
107092,HUANGACOCHA,1991,3,-999.0,-999.0,-999.0
107092,HUANGACOCHA,1991,4,-999.0,-999.0,-999.0
107092,HUANGACOCHA,1991,5,-999.0,-999.0,-999.0
107092,HUANGACOCHA,1991,6,-999.0,-999.0,-999.0
107092,HUANGACOCHA,1991,7,-999.0,-999.0,-999.0
107092,HUANGACOCHA,1991,8,-999.0,-999.0,-999.0
107092,HUANGACOCHA,1991,9,-999.0,-999.0,-999.0
107092,HUANGACOCHA,1991,10,-999.0,-999.0,-999.0
107092,HUANGACOCHA,1991,11,-999.0,-999.0,-999.0
107092,HUANGACOCHA,1991,12,-999.0,-999.0,-999.0
107092,HUANGACOCHA,1992,1,-999.0,-999.0,-999.0
107092,HUANGACOCHA,1992,2,-999.0,-999.0,-999.0
107092,HUANGACOCHA,1992,3,-999.0,-999.0,-999.0
107092,HUANGACOCHA,1992,4,-999.0,-999.0,-999.0
107092,HUANGACOCHA,1992,5,-999.0,-999.0,-999.0
107092,HUANGACOCHA,1992,6,-999.0,-999.0,-999.0
107092,HUANGACOCHA,1992,7,-999.0,-999.0,-999.0
107092,HUANGACOCHA,1992,8,-999.0,-999.0,-999.0
107092,HUANGACOCHA,1992,9,-999.0,-999.0,-999.0
107092,HUANGACOCHA,1992,10,-999.0,-999.0,-999.0
107092,HUANGACOCHA,1992,11,-999.0,-999.0,-999.0
107092,HUANGACOCHA,1992,12,-999.0,-999.0,-999.0
107092,HUANGACOCHA,1993,1,-999.0,-999.0,-999.0
107092,HUANGACOCHA,1993,2,-999.0,-999.0,-999.0
107092,HUANGACOCHA,1993,3,-999.0,-999.0,-999.0
107092,HUANGACOCHA,1993,4,-999.0,-999.0,-999.0
107092,HUANGACOCHA,1993,5,-999.0,-999.0,-999.0
107092,HUANGACOCHA,1993,6,-999.0,-999.0,-999.0
107092,HUANGACOCHA,1993,7,-999.0,-999.0,-999.0
107092,HUANGACOCHA,1993,8,-999.0,-999.0,-999.0
107092,HUANGACOCHA,1993,9,-999.0,-999.0,-999.0
107092,HUANGACOCHA,1993,10,-999.0,-999.0,-999.0
107092,HUANGACOCHA,1993,11,-999.0,-999.0,-999.0
107092,HUANGACOCHA,1993,12,-999.0,-999.0,-999.0
107092,HUANGACOCHA,1994,1,-999.0,-999.0,-999.0
107092,HUANGACOCHA,1994,2,-999.0,-999.0,-999.0
107092,HUANGACOCHA,1994,3,-999.0,-999.0,-999.0
107092,HUANGACOCHA,1994,4,-999.0,-999.0,-999.0
107092,HUANGACOCHA,1994,5,-999.0,-999.0,-999.0
107092,HUANGACOCHA,1994,6,-999.0,-999.0,-999.0
107092,HUANGACOCHA,1994,7,-999.0,-999.0,-999.0
107092,HUANGACOCHA,1994,8,-999.0,-999.0,-999.0
107092,HUANGACOCHA,1994,9,-999.0,-999.0,-999.0
107092,HUANGACOCHA,1994,10,-999.0,-999.0,-999.0
107092,HUANGACOCHA,1994,11,-999.0,-999.0,-999.0
107092,HUANGACOCHA,1994,12,-999.0,-999.0,-999.0
107092,HUANGACOCHA,1995,1,-999.0,-999.0,-999.0
107092,HUANGACOCHA,1995,2,-999.0,-999.0,-999.0
107092,HUANGACOCHA,1995,3,-999.0,-999.0,-999.0
107092,HUANGACOCHA,1995,4,-999.0,-999.0,-999.0
107092,HUANGACOCHA,1995,5,-999.0,-999.0,-999.0
107092,HUANGACOCHA,1995,6,-999.0,-999.0,-999.0
107092,HUANGACOCHA,1995,7,-999.0,-999.0,-999.0
107092,HUANGACOCHA,1995,8,-999.0,-999.0,-999.0
107092,HUANGACOCHA,1995,9,-999.0,-999.0,-999.0
107092,HUANGACOCHA,1995,10,-999.0,-999.0,-999.0
107092,HUANGACOCHA,1995,11,-999.0,-999.0,-999.0
107092,HUANGACOCHA,1995,12,145.9,-999.0,-999.0
107092,HUANGACOCHA,1996,1,113.2,-999.0,-999.0
107092,HUANGACOCHA,1996,2,159.8,-999.0,-999.0
107092,HUANGACOCHA,1996,3,208.2,-999.0,-999.0
107092,HUANGACOCHA,1996,4,131.9,-999.0,-999.0
107092,HUANGACOCHA,1996,5,52.4,-999.0,-999.0
107092,HUANGACOCHA,1996,6,18.0,-999.0,-999.0
107092,HUANGACOCHA,1996,7,0.0,-999.0,-999.0
107092,HUANGACOCHA,1996,8,2.9,-999.0,-999.0
107092,HUANGACOCHA,1996,9,7.8,-999.0,-999.0
107092,HUANGACOCHA,1996,10,100.3,-999.0,-999.0
107092,HUANGACOCHA,1996,11,69.2,-999.0,-999.0
107092,HUANGACOCHA,1996,12,27.2,-999.0,-999.0
107092,HUANGACOCHA,1997,1,49.4,-999.0,-999.0
107092,HUANGACOCHA,1997,2,141.9,-999.0,-999.0
107092,HUANGACOCHA,1997,3,20.0,-999.0,-999.0
107092,HUANGACOCHA,1997,4,53.0,-999.0,-999.0
107092,HUANGACOCHA,1997,5,40.4,-999.0,-999.0
107092,HUANGACOCHA,1997,6,20.5,-999.0,-999.0
107092,HUANGACOCHA,1997,7,0.0,-999.0,-999.0
107092,HUANGACOCHA,1997,8,4.8,-999.0,-999.0
107092,HUANGACOCHA,1997,9,50.8,-999.0,-999.0
107092,HUANGACOCHA,1997,10,104.7,-999.0,-999.0
107092,HUANGACOCHA,1997,11,159.2,-999.0,-999.0
107092,HUANGACOCHA,1997,12,230.5,-999.0,-999.0
107092,HUANGACOCHA,1998,1,219.2,-999.0,-999.0
107092,HUANGACOCHA,1998,2,307.8,-999.0,-999.0
107092,HUANGACOCHA,1998,3,253.7,-999.0,-999.0
107092,HUANGACOCHA,1998,4,114.0,-999.0,-999.0
107092,HUANGACOCHA,1998,5,35.6,-999.0,-999.0
107092,HUANGACOCHA,1998,6,6.6,-999.0,-999.0
107092,HUANGACOCHA,1998,7,0.0,-999.0,-999.0
107092,HUANGACOCHA,1998,8,6.1,-999.0,-999.0
107092,HUANGACOCHA,1998,9,47.0,-999.0,-999.0
107092,HUANGACOCHA,1998,10,185.9,-999.0,-999.0
107092,HUANGACOCHA,1998,11,109.9,-999.0,-999.0
107092,HUANGACOCHA,1998,12,72.7,-999.0,-999.0
107092,HUANGACOCHA,1999,1,249.0,-999.0,-999.0
107092,HUANGACOCHA,1999,2,467.2,-999.0,-999.0
107092,HUANGACOCHA,1999,3,157.4,-999.0,-999.0
107092,HUANGACOCHA,1999,4,56.5,-999.0,-999.0
107092,HUANGACOCHA,1999,5,108.3,-999.0,-999.0
107092,HUANGACOCHA,1999,6,94.0,-999.0,-999.0
107092,HUANGACOCHA,1999,7,3.6,-999.0,-999.0
107092,HUANGACOCHA,1999,8,2.3,-999.0,-999.0
107092,HUANGACOCHA,1999,9,122.1,-999.0,-999.0
107092,HUANGACOCHA,1999,10,32.6,-999.0,-999.0
107092,HUANGACOCHA,1999,11,95.3,-999.0,-999.0
107092,HUANGACOCHA,1999,12,209.3,-999.0,-999.0
107092,HUANGACOCHA,2000,1,117.5,-999.0,-999.0
107092,HUANGACOCHA,2000,2,268.0,-999.0,-999.0
107092,HUANGACOCHA,2000,3,181.3,-999.0,-999.0
107092,HUANGACOCHA,2000,4,122.9,-999.0,-999.0
107092,HUANGACOCHA,2000,5,88.0,-999.0,-999.0
107092,HUANGACOCHA,2000,6,24.9,-999.0,-999.0
107092,HUANGACOCHA,2000,7,1.8,-999.0,-999.0
107092,HUANGACOCHA,2000,8,16.2,-999.0,-999.0
107092,HUANGACOCHA,2000,9,41.2,-999.0,-999.0
107092,HUANGACOCHA,2000,10,47.9,-999.0,-999.0
107092,HUANGACOCHA,2000,11,74.5,-999.0,-999.0
107092,HUANGACOCHA,2000,12,213.3,-999.0,-999.0
107092,HUANGACOCHA,2001,1,336.2,-999.0,-999.0
107092,HUANGACOCHA,2001,2,182.6,-999.0,-999.0
107092,HUANGACOCHA,2001,3,350.4,-999.0,-999.0
107092,HUANGACOCHA,2001,4,37.3,-999.0,-999.0
107092,HUANGACOCHA,2001,5,64.3,-999.0,-999.0
107092,HUANGACOCHA,2001,6,7.6,-999.0,-999.0
107092,HUANGACOCHA,2001,7,31.3,-999.0,-999.0
107092,HUANGACOCHA,2001,8,0.0,-999.0,-999.0
107092,HUANGACOCHA,2001,9,64.3,-999.0,-999.0
107092,HUANGACOCHA,2001,10,131.6,-999.0,-999.0
107092,HUANGACOCHA,2001,11,173.6,-999.0,-999.0
107092,HUANGACOCHA,2001,12,131.5,-999.0,-999.0
107092,HUANGACOCHA,2002,1,103.1,-999.0,-999.0
107092,HUANGACOCHA,2002,2,148.2,-999.0,-999.0
107092,HUANGACOCHA,2002,3,235.3,-999.0,-999.0
107092,HUANGACOCHA,2002,4,125.5,-999.0,-999.0
107092,HUANGACOCHA,2002,5,44.0,-999.0,-999.0
107092,HUANGACOCHA,2002,6,13.2,-999.0,-999.0
107092,HUANGACOCHA,2002,7,13.0,-999.0,-999.0
107092,HUANGACOCHA,2002,8,0.0,-999.0,-999.0
107092,HUANGACOCHA,2002,9,43.9,-999.0,-999.0
107092,HUANGACOCHA,2002,10,167.3,-999.0,-999.0
107092,HUANGACOCHA,2002,11,187.0,-999.0,-999.0
107092,HUANGACOCHA,2002,12,172.4,-999.0,-999.0
107092,HUANGACOCHA,2003,1,103.6,-999.0,-999.0
107092,HUANGACOCHA,2003,2,115.8,-999.0,-999.0
107092,HUANGACOCHA,2003,3,166.2,-999.0,-999.0
107092,HUANGACOCHA,2003,4,93.2,-999.0,-999.0
107092,HUANGACOCHA,2003,5,48.6,-999.0,-999.0
107092,HUANGACOCHA,2003,6,25.8,-999.0,-999.0
107092,HUANGACOCHA,2003,7,13.4,-999.0,-999.0
107092,HUANGACOCHA,2003,8,5.4,-999.0,-999.0
107092,HUANGACOCHA,2003,9,64.9,-999.0,-999.0
107092,HUANGACOCHA,2003,10,92.2,-999.0,-999.0
107092,HUANGACOCHA,2003,11,129.9,-999.0,-999.0
107092,HUANGACOCHA,2003,12,176.9,-999.0,-999.0
107092,HUANGACOCHA,2004,1,70.9,-999.0,-999.0
107092,HUANGACOCHA,2004,2,88.5,-999.0,-999.0
107092,HUANGACOCHA,2004,3,86.1,-999.0,-999.0
107092,HUANGACOCHA,2004,4,114.5,-999.0,-999.0
107092,HUANGACOCHA,2004,5,52.4,-999.0,-999.0
107092,HUANGACOCHA,2004,6,6.1,-999.0,-999.0
107092,HUANGACOCHA,2004,7,53.8,-999.0,-999.0
107092,HUANGACOCHA,2004,8,8.2,-999.0,-999.0
107092,HUANGACOCHA,2004,9,101.4,-999.0,-999.0
107092,HUANGACOCHA,2004,10,180.3,-999.0,-999.0
107092,HUANGACOCHA,2004,11,141.0,-999.0,-999.0
107092,HUANGACOCHA,2004,12,163.0,-999.0,-999.0
107092,HUANGACOCHA,2005,1,122.0,-999.0,-999.0
107092,HUANGACOCHA,2005,2,174.4,-999.0,-999.0
107092,HUANGACOCHA,2005,3,282.2,-999.0,-999.0
107092,HUANGACOCHA,2005,4,73.1,-999.0,-999.0
107092,HUANGACOCHA,2005,5,19.1,-999.0,-999.0
107092,HUANGACOCHA,2005,6,7.8,-999.0,-999.0
107092,HUANGACOCHA,2005,7,0.0,-999.0,-999.0
107092,HUANGACOCHA,2005,8,8.6,-999.0,-999.0
107092,HUANGACOCHA,2005,9,24.3,-999.0,-999.0
107092,HUANGACOCHA,2005,10,189.1,-999.0,-999.0
107092,HUANGACOCHA,2005,11,41.6,-999.0,-999.0
107092,HUANGACOCHA,2005,12,144.6,-999.0,-999.0
107092,HUANGACOCHA,2006,1,108.5,-999.0,-999.0
107092,HUANGACOCHA,2006,2,214.3,-999.0,-999.0
107092,HUANGACOCHA,2006,3,282.3,-999.0,-999.0
107092,HUANGACOCHA,2006,4,114.7,-999.0,-999.0
107092,HUANGACOCHA,2006,5,32.6,-999.0,-999.0
107092,HUANGACOCHA,2006,6,67.5,-999.0,-999.0
107092,HUANGACOCHA,2006,7,23.4,-999.0,-999.0
107092,HUANGACOCHA,2006,8,11.8,-999.0,-999.0
107092,HUANGACOCHA,2006,9,30.0,-999.0,-999.0
107092,HUANGACOCHA,2006,10,102.9,-999.0,-999.0
107092,HUANGACOCHA,2006,11,145.6,-999.0,-999.0
107092,HUANGACOCHA,2006,12,219.3,-999.0,-999.0
107092,HUANGACOCHA,2007,1,134.1,-999.0,-999.0
107092,HUANGACOCHA,2007,2,49.7,-999.0,-999.0
107092,HUANGACOCHA,2007,3,285.5,-999.0,-999.0
107092,HUANGACOCHA,2007,4,183.9,-999.0,-999.0
107092,HUANGACOCHA,2007,5,47.4,-999.0,-999.0
107092,HUANGACOCHA,2007,6,1.4,-999.0,-999.0
107092,HUANGACOCHA,2007,7,21.5,-999.0,-999.0
107092,HUANGACOCHA,2007,8,10.2,-999.0,-999.0
107092,HUANGACOCHA,2007,9,30.3,-999.0,-999.0
107092,HUANGACOCHA,2007,10,254.2,-999.0,-999.0
107092,HUANGACOCHA,2007,11,148.2,-999.0,-999.0
107092,HUANGACOCHA,2007,12,133.6,-999.0,-999.0
107092,HUANGACOCHA,2008,1,162.6,-999.0,-999.0
107092,HUANGACOCHA,2008,2,166.3,-999.0,-999.0
107092,HUANGACOCHA,2008,3,200.9,-999.0,-999.0
107092,HUANGACOCHA,2008,4,161.4,-999.0,-999.0
107092,HUANGACOCHA,2008,5,50.2,-999.0,-999.0
107092,HUANGACOCHA,2008,6,22.3,-999.0,-999.0
107092,HUANGACOCHA,2008,7,8.5,-999.0,-999.0
107092,HUANGACOCHA,2008,8,9.3,-999.0,-999.0
107092,HUANGACOCHA,2008,9,41.6,-999.0,-999.0
107092,HUANGACOCHA,2008,10,140.3,-999.0,-999.0
107092,HUANGACOCHA,2008,11,158.5,-999.0,-999.0
107092,HUANGACOCHA,2008,12,70.9,-999.0,-999.0
107092,HUANGACOCHA,2009,1,289.0,-999.0,-999.0
107092,HUANGACOCHA,2009,2,160.0,-999.0,-999.0
107092,HUANGACOCHA,2009,3,273.3,-999.0,-999.0
107092,HUANGACOCHA,2009,4,150.3,-999.0,-999.0
107092,HUANGACOCHA,2009,5,61.4,-999.0,-999.0
107092,HUANGACOCHA,2009,6,41.1,-999.0,-999.0
107092,HUANGACOCHA,2009,7,31.2,-999.0,-999.0
107092,HUANGACOCHA,2009,8,7.3,-999.0,-999.0
107092,HUANGACOCHA,2009,9,14.0,-999.0,-999.0
107092,HUANGACOCHA,2009,10,199.2,-999.0,-999.0
107092,HUANGACOCHA,2009,11,195.5,-999.0,-999.0
107092,HUANGACOCHA,2009,12,131.8,-999.0,-999.0
107092,HUANGACOCHA,2010,1,86.0,-999.0,-999.0
107092,HUANGACOCHA,2010,2,129.0,-999.0,-999.0
107092,HUANGACOCHA,2010,3,194.9,-999.0,-999.0
107092,HUANGACOCHA,2010,4,93.4,-999.0,-999.0
107092,HUANGACOCHA,2010,5,48.9,-999.0,-999.0
107092,HUANGACOCHA,2010,6,10.0,-999.0,-999.0
107092,HUANGACOCHA,2010,7,6.5,-999.0,-999.0
107092,HUANGACOCHA,2010,8,3.3,-999.0,-999.0
107092,HUANGACOCHA,2010,9,46.0,-999.0,-999.0
107092,HUANGACOCHA,2010,10,75.2,-999.0,-999.0
107092,HUANGACOCHA,2010,11,169.4,-999.0,-999.0
107092,HUANGACOCHA,2010,12,153.3,-999.0,-999.0
107092,HUANGACOCHA,2011,1,129.0,-999.0,-999.0
107092,HUANGACOCHA,2011,2,122.1,-999.0,-999.0
107092,HUANGACOCHA,2011,3,168.2,-999.0,-999.0
107092,HUANGACOCHA,2011,4,197.7,-999.0,-999.0
107092,HUANGACOCHA,2011,5,12.9,-999.0,-999.0
107092,HUANGACOCHA,2011,6,3.0,-999.0,-999.0
107092,HUANGACOCHA,2011,7,17.5,-999.0,-999.0
107092,HUANGACOCHA,2011,8,6.3,-999.0,-999.0
107092,HUANGACOCHA,2011,9,48.8,-999.0,-999.0
107092,HUANGACOCHA,2011,10,71.2,-999.0,-999.0
107092,HUANGACOCHA,2011,11,168.6,-999.0,-999.0
107092,HUANGACOCHA,2011,12,220.4,-999.0,-999.0
107092,HUANGACOCHA,2012,1,274.4,-999.0,-999.0
107092,HUANGACOCHA,2012,2,237.0,-999.0,-999.0
107092,HUANGACOCHA,2012,3,118.0,-999.0,-999.0
107092,HUANGACOCHA,2012,4,187.3,-999.0,-999.0
107092,HUANGACOCHA,2012,5,41.9,-999.0,-999.0
107092,HUANGACOCHA,2012,6,26.8,-999.0,-999.0
107092,HUANGACOCHA,2012,7,0.0,-999.0,-999.0
107092,HUANGACOCHA,2012,8,26.9,-999.0,-999.0
107092,HUANGACOCHA,2012,9,18.6,-999.0,-999.0
107092,HUANGACOCHA,2012,10,151.9,-999.0,-999.0
107092,HUANGACOCHA,2012,11,230.8,-999.0,-999.0
107092,HUANGACOCHA,2012,12,160.7,-999.0,-999.0
107092,HUANGACOCHA,2013,1,76.7,-999.0,-999.0
107092,HUANGACOCHA,2013,2,215.7,-999.0,-999.0
107092,HUANGACOCHA,2013,3,261.8,-999.0,-999.0
107092,HUANGACOCHA,2013,4,95.1,-999.0,-999.0
107092,HUANGACOCHA,2013,5,69.1,-999.0,-999.0
107092,HUANGACOCHA,2013,6,6.2,-999.0,-999.0
107092,HUANGACOCHA,2013,7,10.5,-999.0,-999.0
107092,HUANGACOCHA,2013,8,27.2,-999.0,-999.0
107092,HUANGACOCHA,2013,9,9.7,-999.0,-999.0
107092,HUANGACOCHA,2013,10,213.1,-999.0,-999.0
107092,HUANGACOCHA,2013,11,21.1,-999.0,-999.0
107092,HUANGACOCHA,2013,12,145.1,-999.0,-999.0
107092,HUANGACOCHA,2014,1,125.9,-999.0,-999.0
107092,HUANGACOCHA,2014,2,214.2,-999.0,-999.0
107092,HUANGACOCHA,2014,3,254.5,-999.0,-999.0
107092,HUANGACOCHA,2014,4,98.6,-999.0,-999.0
107092,HUANGACOCHA,2014,5,71.3,-999.0,-999.0
107092,HUANGACOCHA,2014,6,13.1,-999.0,-999.0
107092,HUANGACOCHA,2014,7,18.7,-999.0,-999.0
107092,HUANGACOCHA,2014,8,0.0,-999.0,-999.0
107092,HUANGACOCHA,2014,9,55.0,-999.0,-999.0
107092,HUANGACOCHA,2014,10,78.6,-999.0,-999.0
107092,HUANGACOCHA,2014,11,106.6,-999.0,-999.0
107092,HUANGACOCHA,2014,12,194.6,-999.0,-999.0
107092,HUANGACOCHA,2015,1,200.5,-999.0,-999.0
107092,HUANGACOCHA,2015,2,91.1,-999.0,-999.0
107092,HUANGACOCHA,2015,3,277.0,-999.0,-999.0
107092,HUANGACOCHA,2015,4,67.9,-999.0,-999.0
107092,HUANGACOCHA,2015,5,92.1,-999.0,-999.0
107092,HUANGACOCHA,2015,6,9.0,-999.0,-999.0
107092,HUANGACOCHA,2015,7,10.1,-999.0,-999.0
107092,HUANGACOCHA,2015,8,2.6,-999.0,-999.0
107092,HUANGACOCHA,2015,9,17.6,-999.0,-999.0
107092,HUANGACOCHA,2015,10,44.5,-999.0,-999.0
107092,HUANGACOCHA,2015,11,105.1,-999.0,-999.0
107092,HUANGACOCHA,2015,12,93.1,-999.0,-999.0
107092,HUANGACOCHA,2016,1,99.2,-999.0,-999.0
107092,HUANGACOCHA,2016,2,166.5,-999.0,-999.0
107092,HUANGACOCHA,2016,3,158.1,-999.0,-999.0
107092,HUANGACOCHA,2016,4,90.6,-999.0,-999.0
107092,HUANGACOCHA,2016,5,9.8,-999.0,-999.0
107092,HUANGACOCHA,2016,6,31.5,-999.0,-999.0
107092,HUANGACOCHA,2016,7,1.5,-999.0,-999.0
107092,HUANGACOCHA,2016,8,4.2,-999.0,-999.0
107092,HUANGACOCHA,2016,9,10.9,-999.0,-999.0
107092,HUANGACOCHA,2016,10,101.9,-999.0,-999.0
107092,HUANGACOCHA,2016,11,24.0,-999.0,-999.0
107092,HUANGACOCHA,2016,12,171.8,-999.0,-999.0
107092,HUANGACOCHA,2017,1,193.0,-999.0,-999.0
107092,HUANGACOCHA,2017,2,162.4,-999.0,-999.0
107092,HUANGACOCHA,2017,3,380.9,-999.0,-999.0
107092,HUANGACOCHA,2017,4,130.4,-999.0,-999.0
107092,HUANGACOCHA,2017,5,128.0,-999.0,-999.0
107092,HUANGACOCHA,2017,6,17.7,-999.0,-999.0
107092,HUANGACOCHA,2017,7,1.8,-999.0,-999.0
107092,HUANGACOCHA,2017,8,19.6,-999.0,-999.0
107092,HUANGACOCHA,2017,9,28.2,-999.0,-999.0
107092,HUANGACOCHA,2017,10,97.2,-999.0,-999.0
107092,HUANGACOCHA,2017,11,42.4,-999.0,-999.0
107092,HUANGACOCHA,2017,12,205.5,-999.0,-999.0
107092,HUANGACOCHA,2018,1,169.0,-999.0,-999.0
107092,HUANGACOCHA,2018,2,132.0,-999.0,-999.0
107092,HUANGACOCHA,2018,3,202.4,-999.0,-999.0
107092,HUANGACOCHA,2018,4,138.0,-999.0,-999.0
107092,HUANGACOCHA,2018,5,108.7,-999.0,-999.0
107092,HUANGACOCHA,2018,6,1.1,-999.0,-999.0
107092,HUANGACOCHA,2018,7,0.0,-999.0,-999.0
107092,HUANGACOCHA,2018,8,0.0,-999.0,-999.0
107092,HUANGACOCHA,2018,9,64.5,-999.0,-999.0
107092,HUANGACOCHA,2018,10,162.2,-999.0,-999.0
107092,HUANGACOCHA,2018,11,131.1,-999.0,-999.0
107092,HUANGACOCHA,2018,12,105.0,-999.0,-999.0
107092,HUANGACOCHA,2019,1,148.7,-999.0,-999.0
107092,HUANGACOCHA,2019,2,212.9,-999.0,-999.0
107092,HUANGACOCHA,2019,3,205.8,-999.0,-999.0
107092,HUANGACOCHA,2019,4,143.4,-999.0,-999.0
107092,HUANGACOCHA,2019,5,35.1,-999.0,-999.0
107092,HUANGACOCHA,2019,6,6.8,-999.0,-999.0
107092,HUANGACOCHA,2019,7,17.5,-999.0,-999.0
107092,HUANGACOCHA,2019,8,0.0,-999.0,-999.0
107092,HUANGACOCHA,2019,9,35.8,-999.0,-999.0
107092,HUANGACOCHA,2019,10,136.1,-999.0,-999.0
107092,HUANGACOCHA,2019,11,126.8,-999.0,-999.0
107092,HUANGACOCHA,2019,12,185.8,-999.0,-999.0
107092,HUANGACOCHA,2020,1,66.4,-999.0,-999.0
107092,HUANGACOCHA,2020,2,81.4,-999.0,-999.0
107092,HUANGACOCHA,2020,3,203.2,-999.0,-999.0
107092,HUANGACOCHA,2020,4,63.4,-999.0,-999.0
107092,HUANGACOCHA,2020,5,64.1,-999.0,-999.0
107092,HUANGACOCHA,2020,6,64.1,-999.0,-999.0
107092,HUANGACOCHA,2020,7,41.1,-999.0,-999.0
107092,HUANGACOCHA,2020,8,21.9,-999.0,-999.0
107092,HUANGACOCHA,2020,9,49.2,-999.0,-999.0
107092,HUANGACOCHA,2020,10,39.1,-999.0,-999.0
107092,HUANGACOCHA,2020,11,107.9,-999.0,-999.0
107092,HUANGACOCHA,2020,12,208.2,-999.0,-999.0
107092,HUANGACOCHA,2021,1,236.1,-999.0,-999.0
107092,HUANGACOCHA,2021,2,102.8,-999.0,-999.0
107092,HUANGACOCHA,2021,3,211.8,-999.0,-999.0
107092,HUANGACOCHA,2021,4,-999.0,-999.0,-999.0
107092,HUANGACOCHA,2021,5,16.4,-999.0,-999.0
107092,HUANGACOCHA,2021,6,21.7,-999.0,-999.0
107092,HUANGACOCHA,2021,7,7.2,-999.0,-999.0
107092,HUANGACOCHA,2021,8,32.4,-999.0,-999.0
107092,HUANGACOCHA,2021,9,39.8,-999.0,-999.0
107092,HUANGACOCHA,2021,10,172.8,-999.0,-999.0
107092,HUANGACOCHA,2021,11,168.9,-999.0,-999.0
107092,HUANGACOCHA,2021,12,173.8,-999.0,-999.0
107092,HUANGACOCHA,2022,1,100.4,-999.0,-999.0
107092,HUANGACOCHA,2022,2,203.3,-999.0,-999.0
107092,HUANGACOCHA,2022,3,300.3,-999.0,-999.0
107092,HUANGACOCHA,2022,4,86.8,-999.0,-999.0
107092,HUANGACOCHA,2022,5,54.8,-999.0,-999.0
107092,HUANGACOCHA,2022,6,29.8,-999.0,-999.0
107092,HUANGACOCHA,2022,7,12.1,-999.0,-999.0
107092,HUANGACOCHA,2022,8,14.8,-999.0,-999.0
107092,HUANGACOCHA,2022,9,53.7,-999.0,-999.0
107092,HUANGACOCHA,2022,10,57.1,-999.0,-999.0
107092,HUANGACOCHA,2022,11,24.8,-999.0,-999.0
107092,HUANGACOCHA,2022,12,123.3,-999.0,-999.0
107092,HUANGACOCHA,2023,1,155.5,-999.0,-999.0
107092,HUANGACOCHA,2023,2,169.9,-999.0,-999.0
107092,HUANGACOCHA,2023,3,267.7,-999.0,-999.0
107092,HUANGACOCHA,2023,4,131.2,-999.0,-999.0
107092,HUANGACOCHA,2023,5,58.0,-999.0,-999.0
107092,HUANGACOCHA,2023,6,1.5,-999.0,-999.0
107092,HUANGACOCHA,2023,7,0.0,-999.0,-999.0
107092,HUANGACOCHA,2023,8,8.9,-999.0,-999.0
107092,HUANGACOCHA,2023,9,58.6,-999.0,-999.0
107092,HUANGACOCHA,2023,10,145.0,-999.0,-999.0
107092,HUANGACOCHA,2023,11,107.8,-999.0,-999.0
107092,HUANGACOCHA,2023,12,287.6,-999.0,-999.0
107092,HUANGACOCHA,2024,1,156.4,-999.0,-999.0
107092,HUANGACOCHA,2024,2,82.0,-999.0,-999.0
107092,HUANGACOCHA,2024,3,154.8,-999.0,-999.0
107092,HUANGACOCHA,2024,4,126.4,-999.0,-999.0
107092,HUANGACOCHA,2024,5,73.9,-999.0,-999.0
107092,HUANGACOCHA,2024,6,15.2,-999.0,-999.0
107092,HUANGACOCHA,2024,7,2.2,-999.0,-999.0
107092,HUANGACOCHA,2024,8,0.0,-999.0,-999.0
107092,HUANGACOCHA,2024,9,30.0,-999.0,-999.0
107092,HUANGACOCHA,2024,10,77.6,-999.0,-999.0
107092,HUANGACOCHA,2024,11,102.8,-999.0,-999.0
107092,HUANGACOCHA,2024,12,190.2,-999.0,-999.0
107092,HUANGACOCHA,2025,1,129.5,-999.0,-999.0
107092,HUANGACOCHA,2025,2,234.5,-999.0,-999.0
107092,HUANGACOCHA,2025,3,267.2,-999.0,-999.0
107092,HUANGACOCHA,2025,4,205.1,-999.0,-999.0
107092,HUANGACOCHA,2025,5,36.2,-999.0,-999.0
107092,HUANGACOCHA,2025,6,36.6,-999.0,-999.0
107092,HUANGACOCHA,2025,7,0.0,-999.0,-999.0
107092,HUANGACOCHA,2025,8,0.6,-999.0,-999.0
107092,HUANGACOCHA,2025,9,22.7,-999.0,-999.0
107092,HUANGACOCHA,2025,10,163.9,-999.0,-999.0
107092,HUANGACOCHA,2025,11,221.3,-999.0,-999.0
107092,HUANGACOCHA,2025,12,42.3,-999.0,-999.0
