CODIGO,ESTACION,YEAR,MONTH,PP,TMAX,TMIN
107035,LA VICTORIA,1990,1,-999.0,-999.0,-999.0
107035,LA VICTORIA,1990,2,-999.0,-999.0,-999.0
107035,LA VICTORIA,1990,3,-999.0,-999.0,-999.0
107035,LA VICTORIA,1990,4,-999.0,-999.0,-999.0
107035,LA VICTORIA,1990,5,-999.0,-999.0,-999.0
107035,LA VICTORIA,1990,6,-999.0,-999.0,-999.0
107035,LA VICTORIA,1990,7,-999.0,-999.0,-999.0
107035,LA VICTORIA,1990,8,-999.0,-999.0,-999.0
107035,LA VICTORIA,1990,9,-999.0,-999.0,-999.0
107035,LA VICTORIA,1990,10,-999.0,-999.0,-999.0
107035,LA VICTORIA,1990,11,-999.0,-999.0,-999.0
107035,LA VICTORIA,1990,12,-999.0,-999.0,-999.0
107035,LA VICTORIA,1991,1,-999.0,-999.0,-999.0
107035,LA VICTORIA,1991,2,-999.0,-999.0,-999.0
107035,LA VICTORIA,1991,3,-999.0,-999.0,-999.0
107035,LA VICTORIA,1991,4,-999.0,-999.0,-999.0
107035,LA VICTORIA,1991,5,-999.0,-999.0,-999.0
107035,LA VICTORIA,1991,6,-999.0,-999.0,-999.0
107035,LA VICTORIA,1991,7,-999.0,-999.0,-999.0
107035,LA VICTORIA,1991,8,-999.0,-999.0,-999.0
107035,LA VICTORIA,1991,9,-999.0,-999.0,-999.0
107035,LA VICTORIA,1991,10,-999.0,-999.0,-999.0
107035,LA VICTORIA,1991,11,-999.0,-999.0,-999.0
107035,LA VICTORIA,1991,12,-999.0,-999.0,-999.0
107035,LA VICTORIA,1992,1,-999.0,-999.0,-999.0
107035,LA VICTORIA,1992,2,-999.0,-999.0,-999.0
107035,LA VICTORIA,1992,3,-999.0,-999.0,-999.0
107035,LA VICTORIA,1992,4,-999.0,-999.0,-999.0
107035,LA VICTORIA,1992,5,-999.0,-999.0,-999.0
107035,LA VICTORIA,1992,6,-999.0,-999.0,-999.0
107035,LA VICTORIA,1992,7,-999.0,-999.0,-999.0
107035,LA VICTORIA,1992,8,-999.0,-999.0,-999.0
107035,LA VICTORIA,1992,9,-999.0,-999.0,-999.0
107035,LA VICTORIA,1992,10,-999.0,-999.0,-999.0
107035,LA VICTORIA,1992,11,-999.0,-999.0,-999.0
107035,LA VICTORIA,1992,12,-999.0,-999.0,-999.0
107035,LA VICTORIA,1993,1,-999.0,-999.0,-999.0
107035,LA VICTORIA,1993,2,-999.0,-999.0,-999.0
107035,LA VICTORIA,1993,3,-999.0,-999.0,-999.0
107035,LA VICTORIA,1993,4,-999.0,-999.0,-999.0
107035,LA VICTORIA,1993,5,-999.0,-999.0,-999.0
107035,LA VICTORIA,1993,6,-999.0,-999.0,-999.0
107035,LA VICTORIA,1993,7,-999.0,-999.0,-999.0
107035,LA VICTORIA,1993,8,-999.0,-999.0,-999.0
107035,LA VICTORIA,1993,9,-999.0,-999.0,-999.0
107035,LA VICTORIA,1993,10,-999.0,-999.0,-999.0
107035,LA VICTORIA,1993,11,-999.0,-999.0,-999.0
107035,LA VICTORIA,1993,12,-999.0,-999.0,-999.0
107035,LA VICTORIA,1994,1,-999.0,-999.0,-999.0
107035,LA VICTORIA,1994,2,-999.0,-999.0,-999.0
107035,LA VICTORIA,1994,3,-999.0,-999.0,-999.0
107035,LA VICTORIA,1994,4,-999.0,-999.0,-999.0
107035,LA VICTORIA,1994,5,-999.0,-999.0,-999.0
107035,LA VICTORIA,1994,6,-999.0,-999.0,-999.0
107035,LA VICTORIA,1994,7,-999.0,-999.0,-999.0
107035,LA VICTORIA,1994,8,-999.0,-999.0,-999.0
107035,LA VICTORIA,1994,9,-999.0,-999.0,-999.0
107035,LA VICTORIA,1994,10,-999.0,-999.0,-999.0
107035,LA VICTORIA,1994,11,-999.0,-999.0,-999.0
107035,LA VICTORIA,1994,12,-999.0,-999.0,-999.0
107035,LA VICTORIA,1995,1,-999.0,-999.0,-999.0
107035,LA VICTORIA,1995,2,-999.0,-999.0,-999.0
107035,LA VICTORIA,1995,3,-999.0,-999.0,-999.0
107035,LA VICTORIA,1995,4,-999.0,-999.0,-999.0
107035,LA VICTORIA,1995,5,-999.0,-999.0,-999.0
107035,LA VICTORIA,1995,6,-999.0,-999.0,-999.0
107035,LA VICTORIA,1995,7,-999.0,-999.0,-999.0
107035,LA VICTORIA,1995,8,-999.0,-999.0,-999.0
107035,LA VICTORIA,1995,9,-999.0,-999.0,-999.0
107035,LA VICTORIA,1995,10,-999.0,-999.0,-999.0
107035,LA VICTORIA,1995,11,-999.0,-999.0,-999.0
107035,LA VICTORIA,1995,12,-999.0,-999.0,-999.0
107035,LA VICTORIA,1996,1,59.8,21.11,7.34
107035,LA VICTORIA,1996,2,94.5,22.41,8.39
107035,LA VICTORIA,1996,3,-999.0,-999.0,-999.0
107035,LA VICTORIA,1996,4,54.0,22.56,6.84
107035,LA VICTORIA,1996,5,21.0,23.54,4.71
107035,LA VICTORIA,1996,6,-999.0,-999.0,-999.0
107035,LA VICTORIA,1996,7,0.3,-999.0,-999.0
107035,LA VICTORIA,1996,8,12.4,22.83,2.63
107035,LA VICTORIA,1996,9,10.1,23.63,4.64
107035,LA VICTORIA,1996,10,74.9,22.85,7.64
107035,LA VICTORIA,1996,11,29.2,23.95,3.54
107035,LA VICTORIA,1996,12,38.0,23.3,6.93
107035,LA VICTORIA,1997,1,68.0,22.85,6.71
107035,LA VICTORIA,1997,2,107.0,21.29,8.98
107035,LA VICTORIA,1997,3,33.1,23.66,4.63
107035,LA VICTORIA,1997,4,-999.0,-999.0,-999.0
107035,LA VICTORIA,1997,5,9.4,23.5,4.76
107035,LA VICTORIA,1997,6,10.5,24.6,2.55
107035,LA VICTORIA,1997,7,0.0,24.57,3.27
107035,LA VICTORIA,1997,8,0.0,24.14,4.46
107035,LA VICTORIA,1997,9,44.4,24.42,6.55
107035,LA VICTORIA,1997,10,63.7,24.73,8.6
107035,LA VICTORIA,1997,11,62.2,23.26,9.58
107035,LA VICTORIA,1997,12,134.4,23.04,11.68
107035,LA VICTORIA,1998,1,88.2,-999.0,-999.0
107035,LA VICTORIA,1998,2,-999.0,25.57,13.29
107035,LA VICTORIA,1998,3,-999.0,23.01,12.3
107035,LA VICTORIA,1998,4,69.1,24.23,11.1
107035,LA VICTORIA,1998,5,15.5,24.49,5.78
107035,LA VICTORIA,1998,6,4.5,23.7,3.85
107035,LA VICTORIA,1998,7,0.0,23.75,2.51
107035,LA VICTORIA,1998,8,10.4,23.6,3.73
107035,LA VICTORIA,1998,9,18.8,-999.0,4.87
107035,LA VICTORIA,1998,10,52.6,23.19,-999.0
107035,LA VICTORIA,1998,11,17.0,24.21,5.69
107035,LA VICTORIA,1998,12,67.3,24.69,5.43
107035,LA VICTORIA,1999,1,71.0,23.08,8.72
107035,LA VICTORIA,1999,2,173.2,20.41,10.13
107035,LA VICTORIA,1999,3,53.6,21.53,8.63
107035,LA VICTORIA,1999,4,70.4,21.84,8.79
107035,LA VICTORIA,1999,5,43.4,21.72,5.79
107035,LA VICTORIA,1999,6,26.2,-999.0,-999.0
107035,LA VICTORIA,1999,7,24.9,21.45,3.16
107035,LA VICTORIA,1999,8,2.7,23.06,3.0
107035,LA VICTORIA,1999,9,66.3,21.99,6.59
107035,LA VICTORIA,1999,10,32.4,22.37,5.36
107035,LA VICTORIA,1999,11,46.6,-999.0,-999.0
107035,LA VICTORIA,1999,12,-999.0,-999.0,-999.0
107035,LA VICTORIA,2000,1,38.0,22.07,7.25
107035,LA VICTORIA,2000,2,102.8,21.46,9.28
107035,LA VICTORIA,2000,3,99.0,21.29,9.01
107035,LA VICTORIA,2000,4,85.9,22.05,8.39
107035,LA VICTORIA,2000,5,34.7,22.66,6.18
107035,LA VICTORIA,2000,6,13.9,22.64,4.9
107035,LA VICTORIA,2000,7,-999.0,-999.0,-999.0
107035,LA VICTORIA,2000,8,14.8,22.91,3.54
107035,LA VICTORIA,2000,9,38.3,22.73,7.14
107035,LA VICTORIA,2000,10,0.5,23.98,4.17
107035,LA VICTORIA,2000,11,27.6,23.76,1.9
107035,LA VICTORIA,2000,12,99.5,-999.0,-999.0
107035,LA VICTORIA,2001,1,194.8,22.24,11.86
107035,LA VICTORIA,2001,2,65.0,23.04,12.01
107035,LA VICTORIA,2001,3,190.3,23.42,12.5
107035,LA VICTORIA,2001,4,41.6,22.82,8.19
107035,LA VICTORIA,2001,5,43.8,22.31,6.25
107035,LA VICTORIA,2001,6,2.5,21.82,2.88
107035,LA VICTORIA,2001,7,5.9,22.37,3.16
107035,LA VICTORIA,2001,8,0.0,23.32,3.16
107035,LA VICTORIA,2001,9,37.1,23.11,6.73
107035,LA VICTORIA,2001,10,48.9,23.77,8.14
107035,LA VICTORIA,2001,11,43.8,21.98,8.84
107035,LA VICTORIA,2001,12,113.5,22.39,7.92
107035,LA VICTORIA,2002,1,22.7,22.32,6.51
107035,LA VICTORIA,2002,2,50.8,21.18,9.52
107035,LA VICTORIA,2002,3,174.6,21.95,9.74
107035,LA VICTORIA,2002,4,74.1,21.6,7.55
107035,LA VICTORIA,2002,5,9.7,21.97,5.08
107035,LA VICTORIA,2002,6,8.9,22.41,3.36
107035,LA VICTORIA,2002,7,6.8,22.17,4.2
107035,LA VICTORIA,2002,8,0.0,23.14,2.81
107035,LA VICTORIA,2002,9,-999.0,24.44,5.36
107035,LA VICTORIA,2002,10,86.6,22.79,8.97
107035,LA VICTORIA,2002,11,72.6,22.59,9.77
107035,LA VICTORIA,2002,12,74.5,22.32,10.18
107035,LA VICTORIA,2003,1,62.4,22.81,9.62
107035,LA VICTORIA,2003,2,58.2,21.64,8.31
107035,LA VICTORIA,2003,3,101.8,19.7,6.75
107035,LA VICTORIA,2003,4,34.2,20.6,6.23
107035,LA VICTORIA,2003,5,18.4,20.91,4.31
107035,LA VICTORIA,2003,6,20.8,21.64,3.6
107035,LA VICTORIA,2003,7,1.6,22.0,1.61
107035,LA VICTORIA,2003,8,3.8,23.48,3.41
107035,LA VICTORIA,2003,9,11.7,24.1,5.01
107035,LA VICTORIA,2003,10,41.2,23.86,6.17
107035,LA VICTORIA,2003,11,62.1,22.73,7.25
107035,LA VICTORIA,2003,12,39.9,20.75,7.7
107035,LA VICTORIA,2004,1,30.5,22.25,4.78
107035,LA VICTORIA,2004,2,66.3,21.68,8.81
107035,LA VICTORIA,2004,3,54.5,22.29,7.41
107035,LA VICTORIA,2004,4,41.4,22.26,6.04
107035,LA VICTORIA,2004,5,-999.0,-999.0,-999.0
107035,LA VICTORIA,2004,6,2.6,20.56,4.19
107035,LA VICTORIA,2004,7,9.7,20.32,4.25
107035,LA VICTORIA,2004,8,7.7,21.34,3.66
107035,LA VICTORIA,2004,9,16.8,20.82,4.86
107035,LA VICTORIA,2004,10,61.2,20.68,7.39
107035,LA VICTORIA,2004,11,-999.0,-999.0,-999.0
107035,LA VICTORIA,2004,12,-999.0,-999.0,-999.0
107035,LA VICTORIA,2005,1,-999.0,20.39,7.55
107035,LA VICTORIA,2005,2,49.0,21.15,9.52
107035,LA VICTORIA,2005,3,148.8,20.63,9.91
107035,LA VICTORIA,2005,4,56.9,20.41,7.48
107035,LA VICTORIA,2005,5,1.6,20.63,3.04
107035,LA VICTORIA,2005,6,0.8,21.15,3.34
107035,LA VICTORIA,2005,7,1.0,20.51,1.14
107035,LA VICTORIA,2005,8,0.5,20.36,1.35
107035,LA VICTORIA,2005,9,11.3,21.02,5.24
107035,LA VICTORIA,2005,10,74.3,19.86,7.84
107035,LA VICTORIA,2005,11,8.7,22.55,5.13
107035,LA VICTORIA,2005,12,47.3,22.08,9.38
107035,LA VICTORIA,2006,1,96.5,22.67,10.47
107035,LA VICTORIA,2006,2,65.7,22.11,12.12
107035,LA VICTORIA,2006,3,166.8,20.75,11.0
107035,LA VICTORIA,2006,4,-999.0,20.68,7.28
107035,LA VICTORIA,2006,5,6.3,21.21,4.43
107035,LA VICTORIA,2006,6,12.7,20.22,5.37
107035,LA VICTORIA,2006,7,0.7,20.33,2.33
107035,LA VICTORIA,2006,8,8.1,20.21,3.65
107035,LA VICTORIA,2006,9,-999.0,19.76,4.7
107035,LA VICTORIA,2006,10,-999.0,20.16,5.41
107035,LA VICTORIA,2006,11,62.5,20.23,6.54
107035,LA VICTORIA,2006,12,106.2,20.23,8.43
107035,LA VICTORIA,2007,1,61.6,21.63,9.59
107035,LA VICTORIA,2007,2,13.6,19.71,7.26
107035,LA VICTORIA,2007,3,-999.0,20.37,9.55
107035,LA VICTORIA,2007,4,96.5,20.74,8.06
107035,LA VICTORIA,2007,5,21.4,21.46,5.56
107035,LA VICTORIA,2007,6,1.1,20.6,2.5
107035,LA VICTORIA,2007,7,5.8,20.8,3.55
107035,LA VICTORIA,2007,8,5.7,21.41,4.27
107035,LA VICTORIA,2007,9,7.2,19.87,3.01
107035,LA VICTORIA,2007,10,69.8,19.97,6.36
107035,LA VICTORIA,2007,11,-999.0,19.97,8.88
107035,LA VICTORIA,2007,12,69.8,-999.0,5.69
107035,LA VICTORIA,2008,1,77.6,19.72,9.01
107035,LA VICTORIA,2008,2,-999.0,20.27,9.56
107035,LA VICTORIA,2008,3,-999.0,20.07,8.98
107035,LA VICTORIA,2008,4,49.8,21.31,9.01
107035,LA VICTORIA,2008,5,21.8,21.97,6.79
107035,LA VICTORIA,2008,6,11.0,-999.0,3.78
107035,LA VICTORIA,2008,7,1.8,20.25,2.36
107035,LA VICTORIA,2008,8,12.1,21.08,4.04
107035,LA VICTORIA,2008,9,35.9,20.82,5.64
107035,LA VICTORIA,2008,10,-999.0,19.71,7.34
107035,LA VICTORIA,2008,11,44.2,20.5,6.7
107035,LA VICTORIA,2008,12,36.0,19.58,4.67
107035,LA VICTORIA,2009,1,139.5,19.6,8.79
107035,LA VICTORIA,2009,2,65.6,19.38,8.6
107035,LA VICTORIA,2009,3,96.8,19.79,9.4
107035,LA VICTORIA,2009,4,-999.0,20.71,8.27
107035,LA VICTORIA,2009,5,29.5,20.4,4.89
107035,LA VICTORIA,2009,6,10.2,20.29,3.56
107035,LA VICTORIA,2009,7,14.9,19.81,3.93
107035,LA VICTORIA,2009,8,4.1,21.23,3.57
107035,LA VICTORIA,2009,9,9.5,21.42,4.69
107035,LA VICTORIA,2009,10,40.5,21.22,7.0
107035,LA VICTORIA,2009,11,51.0,19.9,5.82
107035,LA VICTORIA,2009,12,67.6,19.87,7.99
107035,LA VICTORIA,2010,1,33.6,21.17,8.51
107035,LA VICTORIA,2010,2,-999.0,21.35,9.08
107035,LA VICTORIA,2010,3,73.1,21.81,10.25
107035,LA VICTORIA,2010,4,28.2,21.97,8.42
107035,LA VICTORIA,2010,5,19.0,21.79,6.89
107035,LA VICTORIA,2010,6,8.5,20.65,4.71
107035,LA VICTORIA,2010,7,1.2,21.52,3.64
107035,LA VICTORIA,2010,8,1.5,21.43,2.56
107035,LA VICTORIA,2010,9,16.3,20.97,5.66
107035,LA VICTORIA,2010,10,32.0,20.18,4.61
107035,LA VICTORIA,2010,11,42.8,20.8,6.1
107035,LA VICTORIA,2010,12,28.7,19.91,8.18
107035,LA VICTORIA,2011,1,59.4,20.42,8.21
107035,LA VICTORIA,2011,2,61.4,19.73,7.45
107035,LA VICTORIA,2011,3,90.9,18.69,6.81
107035,LA VICTORIA,2011,4,65.5,19.67,7.46
107035,LA VICTORIA,2011,5,3.6,20.26,4.28
107035,LA VICTORIA,2011,6,4.4,19.93,3.33
107035,LA VICTORIA,2011,7,7.5,19.72,3.39
107035,LA VICTORIA,2011,8,0.0,21.11,2.56
107035,LA VICTORIA,2011,9,-999.0,19.53,3.98
107035,LA VICTORIA,2011,10,32.1,18.76,4.27
107035,LA VICTORIA,2011,11,22.2,20.39,6.67
107035,LA VICTORIA,2011,12,71.3,20.9,8.97
107035,LA VICTORIA,2012,1,84.8,20.98,10.28
107035,LA VICTORIA,2012,2,102.5,21.05,9.6
107035,LA VICTORIA,2012,3,-999.0,21.65,8.6
107035,LA VICTORIA,2012,4,-999.0,21.52,8.47
107035,LA VICTORIA,2012,5,-999.0,21.64,6.2
107035,LA VICTORIA,2012,6,-999.0,21.9,3.68
107035,LA VICTORIA,2012,7,-999.0,21.54,2.76
107035,LA VICTORIA,2012,8,-999.0,21.92,3.31
107035,LA VICTORIA,2012,9,-999.0,21.58,3.72
107035,LA VICTORIA,2012,10,-999.0,21.97,9.36
107035,LA VICTORIA,2012,11,52.1,22.95,10.6
107035,LA VICTORIA,2012,12,66.3,23.25,9.54
107035,LA VICTORIA,2013,1,62.6,23.31,9.55
107035,LA VICTORIA,2013,2,111.0,22.33,10.17
107035,LA VICTORIA,2013,3,135.8,22.11,11.76
107035,LA VICTORIA,2013,4,35.5,23.43,9.17
107035,LA VICTORIA,2013,5,52.4,21.66,6.79
107035,LA VICTORIA,2013,6,6.7,20.94,4.03
107035,LA VICTORIA,2013,7,3.2,20.61,2.32
107035,LA VICTORIA,2013,8,10.8,20.78,3.03
107035,LA VICTORIA,2013,9,0.6,21.77,2.93
107035,LA VICTORIA,2013,10,93.6,19.49,6.39
107035,LA VICTORIA,2013,11,11.3,20.47,3.83
107035,LA VICTORIA,2013,12,41.5,20.17,5.81
107035,LA VICTORIA,2014,1,60.9,20.93,7.17
107035,LA VICTORIA,2014,2,70.1,20.34,8.2
107035,LA VICTORIA,2014,3,39.0,19.31,8.17
107035,LA VICTORIA,2014,4,31.6,20.26,5.64
107035,LA VICTORIA,2014,5,30.2,19.84,7.47
107035,LA VICTORIA,2014,6,-999.0,21.14,3.53
107035,LA VICTORIA,2014,7,0.6,21.16,2.72
107035,LA VICTORIA,2014,8,2.2,20.66,2.03
107035,LA VICTORIA,2014,9,21.7,20.89,4.87
107035,LA VICTORIA,2014,10,9.4,21.48,6.09
107035,LA VICTORIA,2014,11,58.7,20.77,6.07
107035,LA VICTORIA,2014,12,87.5,20.34,7.8
107035,LA VICTORIA,2015,1,124.8,20.78,8.31
107035,LA VICTORIA,2015,2,45.4,20.92,7.81
107035,LA VICTORIA,2015,3,92.3,20.48,9.67
107035,LA VICTORIA,2015,4,38.4,20.41,7.97
107035,LA VICTORIA,2015,5,50.2,20.3,7.09
107035,LA VICTORIA,2015,6,1.5,-999.0,3.86
107035,LA VICTORIA,2015,7,3.0,20.8,2.15
107035,LA VICTORIA,2015,8,0.0,-999.0,1.95
107035,LA VICTORIA,2015,9,19.7,21.64,4.08
107035,LA VICTORIA,2015,10,22.8,22.22,7.37
107035,LA VICTORIA,2015,11,80.4,21.89,6.99
107035,LA VICTORIA,2015,12,51.1,-999.0,8.85
107035,LA VICTORIA,2016,1,69.9,23.54,9.66
107035,LA VICTORIA,2016,2,46.7,23.01,11.49
107035,LA VICTORIA,2016,3,41.5,21.71,9.12
107035,LA VICTORIA,2016,4,-999.0,21.67,8.77
107035,LA VICTORIA,2016,5,4.5,22.5,5.4
107035,LA VICTORIA,2016,6,-999.0,-999.0,-999.0
107035,LA VICTORIA,2016,7,0.1,21.35,1.86
107035,LA VICTORIA,2016,8,0.4,22.31,3.38
107035,LA VICTORIA,2016,9,-999.0,22.63,5.71
107035,LA VICTORIA,2016,10,-999.0,22.54,7.44
107035,LA VICTORIA,2016,11,13.7,24.03,4.63
107035,LA VICTORIA,2016,12,91.5,22.14,10.04
107035,LA VICTORIA,2017,1,37.3,20.98,10.6
107035,LA VICTORIA,2017,2,56.3,21.47,9.91
107035,LA VICTORIA,2017,3,-999.0,19.25,9.29
107035,LA VICTORIA,2017,4,60.2,21.6,9.44
107035,LA VICTORIA,2017,5,41.7,21.42,8.3
107035,LA VICTORIA,2017,6,19.3,20.92,4.88
107035,LA VICTORIA,2017,7,0.5,20.61,2.56
107035,LA VICTORIA,2017,8,-999.0,20.77,4.38
107035,LA VICTORIA,2017,9,23.8,22.02,6.67
107035,LA VICTORIA,2017,10,-999.0,22.39,7.91
107035,LA VICTORIA,2017,11,42.4,21.9,6.53
107035,LA VICTORIA,2017,12,111.7,20.97,9.17
107035,LA VICTORIA,2018,1,67.3,20.56,8.48
107035,LA VICTORIA,2018,2,63.0,21.76,9.06
107035,LA VICTORIA,2018,3,30.9,20.69,9.42
107035,LA VICTORIA,2018,4,63.2,20.47,7.86
107035,LA VICTORIA,2018,5,51.9,20.36,7.93
107035,LA VICTORIA,2018,6,4.8,21.45,4.16
107035,LA VICTORIA,2018,7,0.7,21.19,5.26
107035,LA VICTORIA,2018,8,0.5,21.4,4.51
107035,LA VICTORIA,2018,9,30.0,21.9,4.1
107035,LA VICTORIA,2018,10,42.6,20.99,7.45
107035,LA VICTORIA,2018,11,97.1,20.34,8.62
107035,LA VICTORIA,2018,12,87.3,21.05,6.7
107035,LA VICTORIA,2019,1,42.5,21.12,8.64
107035,LA VICTORIA,2019,2,100.7,21.03,10.76
107035,LA VICTORIA,2019,3,85.3,20.33,9.5
107035,LA VICTORIA,2019,4,53.6,20.1,7.36
107035,LA VICTORIA,2019,5,29.5,19.38,4.62
107035,LA VICTORIA,2019,6,8.8,17.19,0.1
107035,LA VICTORIA,2019,7,12.1,16.65,-0.54
107035,LA VICTORIA,2019,8,0.0,17.15,-2.14
107035,LA VICTORIA,2019,9,7.1,17.6,-0.59
107035,LA VICTORIA,2019,10,86.8,18.8,6.71
107035,LA VICTORIA,2019,11,54.9,19.04,6.6
107035,LA VICTORIA,2019,12,117.2,18.1,7.49
107035,LA VICTORIA,2020,1,21.7,18.79,6.17
107035,LA VICTORIA,2020,2,27.2,19.37,7.4
107035,LA VICTORIA,2020,3,-999.0,-999.0,-999.0
107035,LA VICTORIA,2020,4,-999.0,-999.0,-999.0
107035,LA VICTORIA,2020,5,-999.0,-999.0,-999.0
107035,LA VICTORIA,2020,6,-999.0,-999.0,-999.0
107035,LA VICTORIA,2020,7,-999.0,-999.0,-999.0
107035,LA VICTORIA,2020,8,-999.0,-999.0,-999.0
107035,LA VICTORIA,2020,9,-999.0,-999.0,-999.0
107035,LA VICTORIA,2020,10,-999.0,-999.0,-999.0
107035,LA VICTORIA,2020,11,-999.0,-999.0,-999.0
107035,LA VICTORIA,2020,12,-999.0,-999.0,-999.0
107035,LA VICTORIA,2021,1,-999.0,-999.0,-999.0
107035,LA VICTORIA,2021,2,-999.0,-999.0,-999.0
107035,LA VICTORIA,2021,3,-999.0,-999.0,-999.0
107035,LA VICTORIA,2021,4,-999.0,-999.0,-999.0
107035,LA VICTORIA,2021,5,-999.0,-999.0,-999.0
107035,LA VICTORIA,2021,6,-999.0,-999.0,-999.0
107035,LA VICTORIA,2021,7,4.1,18.64,1.48
107035,LA VICTORIA,2021,8,6.6,18.76,1.28
107035,LA VICTORIA,2021,9,22.1,18.78,3.07
107035,LA VICTORIA,2021,10,76.1,18.5,6.26
107035,LA VICTORIA,2021,11,54.3,17.16,6.35
107035,LA VICTORIA,2021,12,30.1,17.95,5.56
107035,LA VICTORIA,2022,1,60.5,18.01,5.58
107035,LA VICTORIA,2022,2,78.9,17.31,5.68
107035,LA VICTORIA,2022,3,98.3,16.75,5.55
107035,LA VICTORIA,2022,4,59.8,17.17,5.31
107035,LA VICTORIA,2022,5,47.0,17.55,2.33
107035,LA VICTORIA,2022,6,11.3,16.78,1.81
107035,LA VICTORIA,2022,7,8.0,17.8,1.01
107035,LA VICTORIA,2022,8,13.4,18.13,0.95
107035,LA VICTORIA,2022,9,31.3,18.69,2.13
107035,LA VICTORIA,2022,10,24.9,18.36,4.19
107035,LA VICTORIA,2022,11,5.0,19.07,2.16
107035,LA VICTORIA,2022,12,46.8,17.87,4.2
107035,LA VICTORIA,2023,1,57.4,17.55,4.63
107035,LA VICTORIA,2023,2,61.1,17.56,6.81
107035,LA VICTORIA,2023,3,89.2,17.43,6.17
107035,LA VICTORIA,2023,4,61.1,16.43,5.12
107035,LA VICTORIA,2023,5,54.1,17.58,3.83
107035,LA VICTORIA,2023,6,0.0,17.63,-0.71
107035,LA VICTORIA,2023,7,4.0,20.44,1.45
107035,LA VICTORIA,2023,8,4.1,19.57,-0.01
107035,LA VICTORIA,2023,9,16.2,18.7,1.16
107035,LA VICTORIA,2023,10,79.6,17.83,5.23
107035,LA VICTORIA,2023,11,55.0,17.45,4.55
107035,LA VICTORIA,2023,12,-999.0,17.36,7.54
107035,LA VICTORIA,2024,1,72.4,17.91,6.92
107035,LA VICTORIA,2024,2,69.8,18.94,6.26
107035,LA VICTORIA,2024,3,25.7,18.66,6.19
107035,LA VICTORIA,2024,4,72.0,18.69,6.34
107035,LA VICTORIA,2024,5,17.3,19.71,4.1
107035,LA VICTORIA,2024,6,6.7,19.47,2.29
107035,LA VICTORIA,2024,7,2.8,19.77,-0.03
107035,LA VICTORIA,2024,8,0.0,21.81,2.86
107035,LA VICTORIA,2024,9,17.7,22.61,4.71
107035,LA VICTORIA,2024,10,39.5,22.7,8.46
107035,LA VICTORIA,2024,11,22.1,22.92,8.96
107035,LA VICTORIA,2024,12,84.4,23.07,11.55
107035,LA VICTORIA,2025,1,62.3,21.6,10.98
107035,LA VICTORIA,2025,2,119.9,21.37,12.63
107035,LA VICTORIA,2025,3,133.3,21.67,11.33
107035,LA VICTORIA,2025,4,106.2,22.57,11.61
107035,LA VICTORIA,2025,5,13.0,22.56,8.86
107035,LA VICTORIA,2025,6,28.0,22.03,7.76
107035,LA VICTORIA,2025,7,0.0,22.48,4.89
107035,LA VICTORIA,2025,8,0.0,21.96,4.73
107035,LA VICTORIA,2025,9,29.1,22.18,7.13
107035,LA VICTORIA,2025,10,62.0,22.48,10.05
107035,LA VICTORIA,2025,11,98.5,22.36,10.71
107035,LA VICTORIA,2025,12,23.7,22.49,5.73
