CODIGO,ESTACION,YEAR,MONTH,PP,TMAX,TMIN
107059,SINSICAP,1990,1,5.7,-999.0,-999.0
107059,SINSICAP,1990,2,24.0,-999.0,-999.0
107059,SINSICAP,1990,3,52.3,-999.0,-999.0
107059,SINSICAP,1990,4,3.3,-999.0,-999.0
107059,SINSICAP,1990,5,0.0,-999.0,-999.0
107059,SINSICAP,1990,6,1.2,-999.0,-999.0
107059,SINSICAP,1990,7,0.0,-999.0,-999.0
107059,SINSICAP,1990,8,0.0,-999.0,-999.0
107059,SINSICAP,1990,9,0.9,-999.0,-999.0
107059,SINSICAP,1990,10,14.4,-999.0,-999.0
107059,SINSICAP,1990,11,53.7,-999.0,-999.0
107059,SINSICAP,1990,12,8.4,-999.0,-999.0
107059,SINSICAP,1991,1,3.4,-999.0,-999.0
107059,SINSICAP,1991,2,16.9,-999.0,-999.0
107059,SINSICAP,1991,3,53.2,-999.0,-999.0
107059,SINSICAP,1991,4,27.8,-999.0,-999.0
107059,SINSICAP,1991,5,4.4,-999.0,-999.0
107059,SINSICAP,1991,6,0.0,-999.0,-999.0
107059,SINSICAP,1991,7,0.0,-999.0,-999.0
107059,SINSICAP,1991,8,0.0,-999.0,-999.0
107059,SINSICAP,1991,9,0.0,-999.0,-999.0
107059,SINSICAP,1991,10,17.9,-999.0,-999.0
107059,SINSICAP,1991,11,3.6,-999.0,-999.0
107059,SINSICAP,1991,12,10.6,-999.0,-999.0
107059,SINSICAP,1992,1,44.8,-999.0,-999.0
107059,SINSICAP,1992,2,40.2,-999.0,-999.0
107059,SINSICAP,1992,3,107.1,-999.0,-999.0
107059,SINSICAP,1992,4,126.3,-999.0,-999.0
107059,SINSICAP,1992,5,-999.0,-999.0,-999.0
107059,SINSICAP,1992,6,13.7,-999.0,-999.0
107059,SINSICAP,1992,7,0.0,-999.0,-999.0
107059,SINSICAP,1992,8,0.0,-999.0,-999.0
107059,SINSICAP,1992,9,5.3,-999.0,-999.0
107059,SINSICAP,1992,10,1.2,-999.0,-999.0
107059,SINSICAP,1992,11,1.3,-999.0,-999.0
107059,SINSICAP,1992,12,1.3,-999.0,-999.0
107059,SINSICAP,1993,1,28.2,-999.0,-999.0
107059,SINSICAP,1993,2,130.2,-999.0,-999.0
107059,SINSICAP,1993,3,258.8,-999.0,-999.0
107059,SINSICAP,1993,4,-999.0,-999.0,-999.0
107059,SINSICAP,1993,5,-999.0,-999.0,-999.0
107059,SINSICAP,1993,6,0.0,-999.0,-999.0
107059,SINSICAP,1993,7,0.0,-999.0,-999.0
107059,SINSICAP,1993,8,0.0,-999.0,-999.0
107059,SINSICAP,1993,9,10.5,-999.0,-999.0
107059,SINSICAP,1993,10,-999.0,-999.0,-999.0
107059,SINSICAP,1993,11,18.3,-999.0,-999.0
107059,SINSICAP,1993,12,30.5,-999.0,-999.0
107059,SINSICAP,1994,1,-999.0,-999.0,-999.0
107059,SINSICAP,1994,2,-999.0,-999.0,-999.0
107059,SINSICAP,1994,3,106.3,-999.0,-999.0
107059,SINSICAP,1994,4,51.0,-999.0,-999.0
107059,SINSICAP,1994,5,-999.0,-999.0,-999.0
107059,SINSICAP,1994,6,4.7,-999.0,-999.0
107059,SINSICAP,1994,7,0.0,-999.0,-999.0
107059,SINSICAP,1994,8,0.0,-999.0,-999.0
107059,SINSICAP,1994,9,2.5,-999.0,-999.0
107059,SINSICAP,1994,10,2.8,-999.0,-999.0
107059,SINSICAP,1994,11,19.1,-999.0,-999.0
107059,SINSICAP,1994,12,-999.0,-999.0,-999.0
107059,SINSICAP,1995,1,38.0,-999.0,-999.0
107059,SINSICAP,1995,2,52.6,-999.0,-999.0
107059,SINSICAP,1995,3,38.4,-999.0,-999.0
107059,SINSICAP,1995,4,16.2,-999.0,-999.0
107059,SINSICAP,1995,5,6.2,-999.0,-999.0
107059,SINSICAP,1995,6,2.8,-999.0,-999.0
107059,SINSICAP,1995,7,0.8,-999.0,-999.0
107059,SINSICAP,1995,8,0.0,-999.0,-999.0
107059,SINSICAP,1995,9,1.4,-999.0,-999.0
107059,SINSICAP,1995,10,9.0,-999.0,-999.0
107059,SINSICAP,1995,11,10.6,-999.0,-999.0
107059,SINSICAP,1995,12,32.3,-999.0,-999.0
107059,SINSICAP,1996,1,43.2,-999.0,-999.0
107059,SINSICAP,1996,2,99.8,-999.0,-999.0
107059,SINSICAP,1996,3,142.3,-999.0,-999.0
107059,SINSICAP,1996,4,24.5,-999.0,-999.0
107059,SINSICAP,1996,5,1.2,-999.0,-999.0
107059,SINSICAP,1996,6,0.0,-999.0,-999.0
107059,SINSICAP,1996,7,0.0,-999.0,-999.0
107059,SINSICAP,1996,8,0.0,-999.0,-999.0
107059,SINSICAP,1996,9,3.6,-999.0,-999.0
107059,SINSICAP,1996,10,16.6,-999.0,-999.0
107059,SINSICAP,1996,11,3.6,-999.0,-999.0
107059,SINSICAP,1996,12,2.5,-999.0,-999.0
107059,SINSICAP,1997,1,12.7,-999.0,-999.0
107059,SINSICAP,1997,2,58.0,-999.0,-999.0
107059,SINSICAP,1997,3,29.8,-999.0,-999.0
107059,SINSICAP,1997,4,63.2,-999.0,-999.0
107059,SINSICAP,1997,5,1.3,-999.0,-999.0
107059,SINSICAP,1997,6,1.9,-999.0,-999.0
107059,SINSICAP,1997,7,0.0,-999.0,-999.0
107059,SINSICAP,1997,8,0.0,-999.0,-999.0
107059,SINSICAP,1997,9,6.0,-999.0,-999.0
107059,SINSICAP,1997,10,10.2,-999.0,-999.0
107059,SINSICAP,1997,11,31.5,-999.0,-999.0
107059,SINSICAP,1997,12,152.8,-999.0,-999.0
107059,SINSICAP,1998,1,286.4,-999.0,-999.0
107059,SINSICAP,1998,2,365.4,-999.0,-999.0
107059,SINSICAP,1998,3,464.1,-999.0,-999.0
107059,SINSICAP,1998,4,74.9,-999.0,-999.0
107059,SINSICAP,1998,5,21.4,-999.0,-999.0
107059,SINSICAP,1998,6,3.1,-999.0,-999.0
107059,SINSICAP,1998,7,0.0,-999.0,-999.0
107059,SINSICAP,1998,8,0.0,-999.0,-999.0
107059,SINSICAP,1998,9,3.9,-999.0,-999.0
107059,SINSICAP,1998,10,12.3,-999.0,-999.0
107059,SINSICAP,1998,11,4.7,-999.0,-999.0
107059,SINSICAP,1998,12,17.0,-999.0,-999.0
107059,SINSICAP,1999,1,48.2,-999.0,-999.0
107059,SINSICAP,1999,2,310.8,-999.0,-999.0
107059,SINSICAP,1999,3,63.9,-999.0,-999.0
107059,SINSICAP,1999,4,61.7,-999.0,-999.0
107059,SINSICAP,1999,5,58.9,-999.0,-999.0
107059,SINSICAP,1999,6,0.6,-999.0,-999.0
107059,SINSICAP,1999,7,1.8,-999.0,-999.0
107059,SINSICAP,1999,8,0.0,-999.0,-999.0
107059,SINSICAP,1999,9,6.8,-999.0,-999.0
107059,SINSICAP,1999,10,4.8,-999.0,-999.0
107059,SINSICAP,1999,11,4.0,-999.0,-999.0
107059,SINSICAP,1999,12,33.3,-999.0,-999.0
107059,SINSICAP,2000,1,35.9,-999.0,-999.0
107059,SINSICAP,2000,2,134.2,-999.0,-999.0
107059,SINSICAP,2000,3,133.3,-999.0,-999.0
107059,SINSICAP,2000,4,89.2,-999.0,-999.0
107059,SINSICAP,2000,5,43.8,-999.0,-999.0
107059,SINSICAP,2000,6,0.0,-999.0,-999.0
107059,SINSICAP,2000,7,0.0,-999.0,-999.0
107059,SINSICAP,2000,8,4.9,-999.0,-999.0
107059,SINSICAP,2000,9,26.5,-999.0,-999.0
107059,SINSICAP,2000,10,2.1,-999.0,-999.0
107059,SINSICAP,2000,11,8.5,-999.0,-999.0
107059,SINSICAP,2000,12,41.5,-999.0,-999.0
107059,SINSICAP,2001,1,104.5,-999.0,-999.0
107059,SINSICAP,2001,2,101.2,-999.0,-999.0
107059,SINSICAP,2001,3,290.4,-999.0,-999.0
107059,SINSICAP,2001,4,80.4,-999.0,-999.0
107059,SINSICAP,2001,5,9.1,-999.0,-999.0
107059,SINSICAP,2001,6,4.9,-999.0,-999.0
107059,SINSICAP,2001,7,0.0,-999.0,-999.0
107059,SINSICAP,2001,8,0.0,-999.0,-999.0
107059,SINSICAP,2001,9,-999.0,-999.0,-999.0
107059,SINSICAP,2001,10,11.5,-999.0,-999.0
107059,SINSICAP,2001,11,13.5,-999.0,-999.0
107059,SINSICAP,2001,12,10.9,-999.0,-999.0
107059,SINSICAP,2002,1,5.9,-999.0,-999.0
107059,SINSICAP,2002,2,177.1,-999.0,-999.0
107059,SINSICAP,2002,3,120.7,-999.0,-999.0
107059,SINSICAP,2002,4,80.1,-999.0,-999.0
107059,SINSICAP,2002,5,0.9,-999.0,-999.0
107059,SINSICAP,2002,6,2.5,-999.0,-999.0
107059,SINSICAP,2002,7,0.0,-999.0,-999.0
107059,SINSICAP,2002,8,0.0,-999.0,-999.0
107059,SINSICAP,2002,9,0.0,-999.0,-999.0
107059,SINSICAP,2002,10,-999.0,-999.0,-999.0
107059,SINSICAP,2002,11,47.7,-999.0,-999.0
107059,SINSICAP,2002,12,16.0,-999.0,-999.0
107059,SINSICAP,2003,1,30.3,-999.0,-999.0
107059,SINSICAP,2003,2,92.7,-999.0,-999.0
107059,SINSICAP,2003,3,36.3,-999.0,-999.0
107059,SINSICAP,2003,4,20.8,-999.0,-999.0
107059,SINSICAP,2003,5,10.7,-999.0,-999.0
107059,SINSICAP,2003,6,1.1,-999.0,-999.0
107059,SINSICAP,2003,7,0.1,-999.0,-999.0
107059,SINSICAP,2003,8,0.0,-999.0,-999.0
107059,SINSICAP,2003,9,0.0,-999.0,-999.0
107059,SINSICAP,2003,10,1.8,-999.0,-999.0
107059,SINSICAP,2003,11,16.3,-999.0,-999.0
107059,SINSICAP,2003,12,54.0,-999.0,-999.0
107059,SINSICAP,2004,1,10.1,-999.0,-999.0
107059,SINSICAP,2004,2,88.2,-999.0,-999.0
107059,SINSICAP,2004,3,-999.0,-999.0,-999.0
107059,SINSICAP,2004,4,15.5,-999.0,-999.0
107059,SINSICAP,2004,5,-999.0,-999.0,-999.0
107059,SINSICAP,2004,6,0.0,-999.0,-999.0
107059,SINSICAP,2004,7,0.0,-999.0,-999.0
107059,SINSICAP,2004,8,0.0,-999.0,-999.0
107059,SINSICAP,2004,9,0.0,-999.0,-999.0
107059,SINSICAP,2004,10,52.4,-999.0,-999.0
107059,SINSICAP,2004,11,12.8,-999.0,-999.0
107059,SINSICAP,2004,12,16.0,-999.0,-999.0
107059,SINSICAP,2005,1,33.8,-999.0,-999.0
107059,SINSICAP,2005,2,-999.0,-999.0,-999.0
107059,SINSICAP,2005,3,95.0,-999.0,-999.0
107059,SINSICAP,2005,4,33.6,-999.0,-999.0
107059,SINSICAP,2005,5,0.0,-999.0,-999.0
107059,SINSICAP,2005,6,0.0,-999.0,-999.0
107059,SINSICAP,2005,7,0.0,-999.0,-999.0
107059,SINSICAP,2005,8,0.0,-999.0,-999.0
107059,SINSICAP,2005,9,0.0,-999.0,-999.0
107059,SINSICAP,2005,10,8.7,-999.0,-999.0
107059,SINSICAP,2005,11,5.3,-999.0,-999.0
107059,SINSICAP,2005,12,25.4,-999.0,-999.0
107059,SINSICAP,2006,1,44.9,-999.0,-999.0
107059,SINSICAP,2006,2,181.7,-999.0,-999.0
107059,SINSICAP,2006,3,152.1,-999.0,-999.0
107059,SINSICAP,2006,4,43.9,-999.0,-999.0
107059,SINSICAP,2006,5,0.0,-999.0,-999.0
107059,SINSICAP,2006,6,3.8,-999.0,-999.0
107059,SINSICAP,2006,7,0.0,-999.0,-999.0
107059,SINSICAP,2006,8,0.0,-999.0,-999.0
107059,SINSICAP,2006,9,1.4,-999.0,-999.0
107059,SINSICAP,2006,10,0.8,-999.0,-999.0
107059,SINSICAP,2006,11,23.9,-999.0,-999.0
107059,SINSICAP,2006,12,34.1,-999.0,-999.0
107059,SINSICAP,2007,1,52.3,-999.0,-999.0
107059,SINSICAP,2007,2,-999.0,-999.0,-999.0
107059,SINSICAP,2007,3,136.5,-999.0,-999.0
107059,SINSICAP,2007,4,66.6,-999.0,-999.0
107059,SINSICAP,2007,5,30.1,-999.0,-999.0
107059,SINSICAP,2007,6,0.0,-999.0,-999.0
107059,SINSICAP,2007,7,0.0,-999.0,-999.0
107059,SINSICAP,2007,8,0.3,-999.0,-999.0
107059,SINSICAP,2007,9,0.3,-999.0,-999.0
107059,SINSICAP,2007,10,26.2,-999.0,-999.0
107059,SINSICAP,2007,11,28.4,-999.0,-999.0
107059,SINSICAP,2007,12,16.2,-999.0,-999.0
107059,SINSICAP,2008,1,100.9,-999.0,-999.0
107059,SINSICAP,2008,2,224.0,-999.0,-999.0
107059,SINSICAP,2008,3,176.5,-999.0,-999.0
107059,SINSICAP,2008,4,68.5,-999.0,-999.0
107059,SINSICAP,2008,5,-999.0,-999.0,-999.0
107059,SINSICAP,2008,6,2.3,-999.0,-999.0
107059,SINSICAP,2008,7,0.6,-999.0,-999.0
107059,SINSICAP,2008,8,-999.0,-999.0,-999.0
107059,SINSICAP,2008,9,0.9,-999.0,-999.0
107059,SINSICAP,2008,10,-999.0,-999.0,-999.0
107059,SINSICAP,2008,11,30.6,-999.0,-999.0
107059,SINSICAP,2008,12,4.3,-999.0,-999.0
107059,SINSICAP,2009,1,135.1,-999.0,-999.0
107059,SINSICAP,2009,2,106.0,-999.0,-999.0
107059,SINSICAP,2009,3,113.7,-999.0,-999.0
107059,SINSICAP,2009,4,31.7,-999.0,-999.0
107059,SINSICAP,2009,5,-999.0,-999.0,-999.0
107059,SINSICAP,2009,6,0.0,-999.0,-999.0
107059,SINSICAP,2009,7,1.8,-999.0,-999.0
107059,SINSICAP,2009,8,0.4,-999.0,-999.0
107059,SINSICAP,2009,9,0.0,-999.0,-999.0
107059,SINSICAP,2009,10,-999.0,-999.0,-999.0
107059,SINSICAP,2009,11,17.1,-999.0,-999.0
107059,SINSICAP,2009,12,17.9,-999.0,-999.0
107059,SINSICAP,2010,1,-999.0,-999.0,-999.0
107059,SINSICAP,2010,2,153.4,-999.0,-999.0
107059,SINSICAP,2010,3,61.0,-999.0,-999.0
107059,SINSICAP,2010,4,53.6,-999.0,-999.0
107059,SINSICAP,2010,5,10.6,-999.0,-999.0
107059,SINSICAP,2010,6,0.2,-999.0,-999.0
107059,SINSICAP,2010,7,0.0,-999.0,-999.0
107059,SINSICAP,2010,8,0.0,-999.0,-999.0
107059,SINSICAP,2010,9,21.8,-999.0,-999.0
107059,SINSICAP,2010,10,2.1,-999.0,-999.0
107059,SINSICAP,2010,11,10.0,-999.0,-999.0
107059,SINSICAP,2010,12,12.8,-999.0,-999.0
107059,SINSICAP,2011,1,55.9,-999.0,-999.0
107059,SINSICAP,2011,2,26.3,-999.0,-999.0
107059,SINSICAP,2011,3,59.3,-999.0,-999.0
107059,SINSICAP,2011,4,93.4,-999.0,-999.0
107059,SINSICAP,2011,5,0.8,-999.0,-999.0
107059,SINSICAP,2011,6,1.1,-999.0,-999.0
107059,SINSICAP,2011,7,0.0,-999.0,-999.0
107059,SINSICAP,2011,8,0.0,-999.0,-999.0
107059,SINSICAP,2011,9,2.6,-999.0,-999.0
107059,SINSICAP,2011,10,2.6,-999.0,-999.0
107059,SINSICAP,2011,11,19.8,-999.0,-999.0
107059,SINSICAP,2011,12,37.9,-999.0,-999.0
107059,SINSICAP,2012,1,69.3,-999.0,-999.0
107059,SINSICAP,2012,2,-999.0,-999.0,-999.0
107059,SINSICAP,2012,3,171.5,-999.0,-999.0
107059,SINSICAP,2012,4,67.6,-999.0,-999.0
107059,SINSICAP,2012,5,-999.0,-999.0,-999.0
107059,SINSICAP,2012,6,5.5,-999.0,-999.0
107059,SINSICAP,2012,7,0.0,-999.0,-999.0
107059,SINSICAP,2012,8,0.0,-999.0,-999.0
107059,SINSICAP,2012,9,2.6,-999.0,-999.0
107059,SINSICAP,2012,10,33.4,-999.0,-999.0
107059,SINSICAP,2012,11,-999.0,-999.0,-999.0
107059,SINSICAP,2012,12,17.4,-999.0,-999.0
107059,SINSICAP,2013,1,36.7,-999.0,-999.0
107059,SINSICAP,2013,2,68.8,-999.0,-999.0
107059,SINSICAP,2013,3,-999.0,-999.0,-999.0
107059,SINSICAP,2013,4,7.7,-999.0,-999.0
107059,SINSICAP,2013,5,-999.0,-999.0,-999.0
107059,SINSICAP,2013,6,0.0,-999.0,-999.0
107059,SINSICAP,2013,7,0.0,-999.0,-999.0
107059,SINSICAP,2013,8,0.0,-999.0,-999.0
107059,SINSICAP,2013,9,0.0,-999.0,-999.0
107059,SINSICAP,2013,10,40.0,-999.0,-999.0
107059,SINSICAP,2013,11,0.0,-999.0,-999.0
107059,SINSICAP,2013,12,7.7,-999.0,-999.0
107059,SINSICAP,2014,1,57.6,-999.0,-999.0
107059,SINSICAP,2014,2,21.7,-999.0,-999.0
107059,SINSICAP,2014,3,116.1,-999.0,-999.0
107059,SINSICAP,2014,4,-999.0,-999.0,-999.0
107059,SINSICAP,2014,5,-999.0,-999.0,-999.0
107059,SINSICAP,2014,6,0.0,-999.0,-999.0
107059,SINSICAP,2014,7,0.0,-999.0,-999.0
107059,SINSICAP,2014,8,0.0,-999.0,-999.0
107059,SINSICAP,2014,9,12.9,-999.0,-999.0
107059,SINSICAP,2014,10,9.1,-999.0,-999.0
107059,SINSICAP,2014,11,15.2,-999.0,-999.0
107059,SINSICAP,2014,12,36.2,-999.0,-999.0
107059,SINSICAP,2015,1,-999.0,-999.0,-999.0
107059,SINSICAP,2015,2,59.1,-999.0,-999.0
107059,SINSICAP,2015,3,147.9,-999.0,-999.0
107059,SINSICAP,2015,4,-999.0,-999.0,-999.0
107059,SINSICAP,2015,5,9.2,-999.0,-999.0
107059,SINSICAP,2015,6,0.0,-999.0,-999.0
107059,SINSICAP,2015,7,2.1,-999.0,-999.0
107059,SINSICAP,2015,8,0.0,-999.0,-999.0
107059,SINSICAP,2015,9,0.0,-999.0,-999.0
107059,SINSICAP,2015,10,-999.0,-999.0,-999.0
107059,SINSICAP,2015,11,-999.0,-999.0,-999.0
107059,SINSICAP,2015,12,22.9,-999.0,-999.0
107059,SINSICAP,2016,1,61.2,-999.0,-999.0
107059,SINSICAP,2016,2,129.3,-999.0,-999.0
107059,SINSICAP,2016,3,62.6,-999.0,-999.0
107059,SINSICAP,2016,4,32.9,-999.0,-999.0
107059,SINSICAP,2016,5,2.5,-999.0,-999.0
107059,SINSICAP,2016,6,0.0,-999.0,-999.0
107059,SINSICAP,2016,7,0.0,-999.0,-999.0
107059,SINSICAP,2016,8,0.0,-999.0,-999.0
107059,SINSICAP,2016,9,4.0,-999.0,-999.0
107059,SINSICAP,2016,10,0.3,-999.0,-999.0
107059,SINSICAP,2016,11,0.0,-999.0,-999.0
107059,SINSICAP,2016,12,11.4,-999.0,-999.0
107059,SINSICAP,2017,1,145.6,-999.0,-999.0
107059,SINSICAP,2017,2,310.8,-999.0,-999.0
107059,SINSICAP,2017,3,758.3,-999.0,-999.0
107059,SINSICAP,2017,4,36.3,-999.0,-999.0
107059,SINSICAP,2017,5,21.6,-999.0,-999.0
107059,SINSICAP,2017,6,1.9,-999.0,-999.0
107059,SINSICAP,2017,7,0.0,-999.0,-999.0
107059,SINSICAP,2017,8,4.1,-999.0,-999.0
107059,SINSICAP,2017,9,7.1,-999.0,-999.0
107059,SINSICAP,2017,10,10.4,-999.0,-999.0
107059,SINSICAP,2017,11,15.0,-999.0,-999.0
107059,SINSICAP,2017,12,10.9,-999.0,-999.0
107059,SINSICAP,2018,1,64.3,-999.0,-999.0
107059,SINSICAP,2018,2,-999.0,-999.0,-999.0
107059,SINSICAP,2018,3,45.0,-999.0,-999.0
107059,SINSICAP,2018,4,70.2,-999.0,-999.0
107059,SINSICAP,2018,5,19.2,-999.0,-999.0
107059,SINSICAP,2018,6,0.5,-999.0,-999.0
107059,SINSICAP,2018,7,0.0,-999.0,-999.0
107059,SINSICAP,2018,8,0.0,-999.0,-999.0
107059,SINSICAP,2018,9,2.8,-999.0,-999.0
107059,SINSICAP,2018,10,4.1,-999.0,-999.0
107059,SINSICAP,2018,11,5.0,-999.0,-999.0
107059,SINSICAP,2018,12,52.4,-999.0,-999.0
107059,SINSICAP,2019,1,57.1,-999.0,-999.0
107059,SINSICAP,2019,2,174.2,-999.0,-999.0
107059,SINSICAP,2019,3,86.7,-999.0,-999.0
107059,SINSICAP,2019,4,28.0,-999.0,-999.0
107059,SINSICAP,2019,5,3.2,-999.0,-999.0
107059,SINSICAP,2019,6,0.3,-999.0,-999.0
107059,SINSICAP,2019,7,2.1,-999.0,-999.0
107059,SINSICAP,2019,8,0.0,-999.0,-999.0
107059,SINSICAP,2019,9,6.0,-999.0,-999.0
107059,SINSICAP,2019,10,16.8,-999.0,-999.0
107059,SINSICAP,2019,11,-999.0,-999.0,-999.0
107059,SINSICAP,2019,12,-999.0,-999.0,-999.0
107059,SINSICAP,2020,1,-999.0,-999.0,-999.0
107059,SINSICAP,2020,2,-999.0,-999.0,-999.0
107059,SINSICAP,2020,3,-999.0,-999.0,-999.0
107059,SINSICAP,2020,4,-999.0,-999.0,-999.0
107059,SINSICAP,2020,5,-999.0,-999.0,-999.0
107059,SINSICAP,2020,6,-999.0,-999.0,-999.0
107059,SINSICAP,2020,7,-999.0,-999.0,-999.0
107059,SINSICAP,2020,8,-999.0,-999.0,-999.0
107059,SINSICAP,2020,9,-999.0,-999.0,-999.0
107059,SINSICAP,2020,10,-999.0,-999.0,-999.0
107059,SINSICAP,2020,11,-999.0,-999.0,-999.0
107059,SINSICAP,2020,12,-999.0,-999.0,-999.0
107059,SINSICAP,2021,1,-999.0,-999.0,-999.0
107059,SINSICAP,2021,2,-999.0,-999.0,-999.0
107059,SINSICAP,2021,3,-999.0,-999.0,-999.0
107059,SINSICAP,2021,4,-999.0,-999.0,-999.0
107059,SINSICAP,2021,5,-999.0,-999.0,-999.0
107059,SINSICAP,2021,6,-999.0,-999.0,-999.0
107059,SINSICAP,2021,7,-999.0,-999.0,-999.0
107059,SINSICAP,2021,8,-999.0,-999.0,-999.0
107059,SINSICAP,2021,9,-999.0,-999.0,-999.0
107059,SINSICAP,2021,10,-999.0,-999.0,-999.0
107059,SINSICAP,2021,11,-999.0,-999.0,-999.0
107059,SINSICAP,2021,12,-999.0,-999.0,-999.0
107059,SINSICAP,2022,1,-999.0,-999.0,-999.0
107059,SINSICAP,2022,2,-999.0,-999.0,-999.0
107059,SINSICAP,2022,3,-999.0,-999.0,-999.0
107059,SINSICAP,2022,4,-999.0,-999.0,-999.0
107059,SINSICAP,2022,5,-999.0,-999.0,-999.0
107059,SINSICAP,2022,6,-999.0,-999.0,-999.0
107059,SINSICAP,2022,7,-999.0,-999.0,-999.0
107059,SINSICAP,2022,8,-999.0,-999.0,-999.0
107059,SINSICAP,2022,9,-999.0,-999.0,-999.0
107059,SINSICAP,2022,10,0.9,-999.0,-999.0
107059,SINSICAP,2022,11,0.9,-999.0,-999.0
107059,SINSICAP,2022,12,43.6,-999.0,-999.0
107059,SINSICAP,2023,1,-999.0,-999.0,-999.0
107059,SINSICAP,2023,2,-999.0,-999.0,-999.0
107059,SINSICAP,2023,3,-999.0,-999.0,-999.0
107059,SINSICAP,2023,4,-999.0,-999.0,-999.0
107059,SINSICAP,2023,5,-999.0,-999.0,-999.0
107059,SINSICAP,2023,6,-999.0,-999.0,-999.0
107059,SINSICAP,2023,7,-999.0,-999.0,-999.0
107059,SINSICAP,2023,8,0.4,-999.0,-999.0
107059,SINSICAP,2023,9,1.9,-999.0,-999.0
107059,SINSICAP,2023,10,61.5,-999.0,-999.0
107059,SINSICAP,2023,11,16.0,-999.0,-999.0
107059,SINSICAP,2023,12,72.5,-999.0,-999.0
107059,SINSICAP,2024,1,-999.0,-999.0,-999.0
107059,SINSICAP,2024,2,-999.0,-999.0,-999.0
107059,SINSICAP,2024,3,29.4,-999.0,-999.0
107059,SINSICAP,2024,4,54.1,-999.0,-999.0
107059,SINSICAP,2024,5,13.4,-999.0,-999.0
107059,SINSICAP,2024,6,0.4,-999.0,-999.0
107059,SINSICAP,2024,7,0.0,-999.0,-999.0
107059,SINSICAP,2024,8,0.0,-999.0,-999.0
107059,SINSICAP,2024,9,10.5,-999.0,-999.0
107059,SINSICAP,2024,10,13.3,-999.0,-999.0
107059,SINSICAP,2024,11,0.0,-999.0,-999.0
107059,SINSICAP,2024,12,49.6,-999.0,-999.0
107059,SINSICAP,2025,1,77.0,-999.0,-999.0
107059,SINSICAP,2025,2,194.4,-999.0,-999.0
107059,SINSICAP,2025,3,143.8,-999.0,-999.0
107059,SINSICAP,2025,4,55.8,-999.0,-999.0
107059,SINSICAP,2025,5,24.5,-999.0,-999.0
107059,SINSICAP,2025,6,2.7,-999.0,-999.0
107059,SINSICAP,2025,7,0.0,-999.0,-999.0
107059,SINSICAP,2025,8,6.9,-999.0,-999.0
107059,SINSICAP,2025,9,16.7,-999.0,-999.0
107059,SINSICAP,2025,10,21.2,-999.0,-999.0
107059,SINSICAP,2025,11,22.2,-999.0,-999.0
107059,SINSICAP,2025,12,1.7,-999.0,-999.0
