CODIGO,ESTACION,YEAR,MONTH,PP,TMAX,TMIN
107091,SHAMBOYACU,1990,1,-999.0,-999.0,-999.0
107091,SHAMBOYACU,1990,2,-999.0,-999.0,-999.0
107091,SHAMBOYACU,1990,3,-999.0,-999.0,-999.0
107091,SHAMBOYACU,1990,4,-999.0,-999.0,-999.0
107091,SHAMBOYACU,1990,5,-999.0,-999.0,-999.0
107091,SHAMBOYACU,1990,6,-999.0,-999.0,-999.0
107091,SHAMBOYACU,1990,7,-999.0,-999.0,-999.0
107091,SHAMBOYACU,1990,8,-999.0,-999.0,-999.0
107091,SHAMBOYACU,1990,9,-999.0,-999.0,-999.0
107091,SHAMBOYACU,1990,10,-999.0,-999.0,-999.0
107091,SHAMBOYACU,1990,11,-999.0,-999.0,-999.0
107091,SHAMBOYACU,1990,12,-999.0,-999.0,-999.0
107091,SHAMBOYACU,1991,1,-999.0,-999.0,-999.0
107091,SHAMBOYACU,1991,2,-999.0,-999.0,-999.0
107091,SHAMBOYACU,1991,3,-999.0,-999.0,-999.0
107091,SHAMBOYACU,1991,4,-999.0,-999.0,-999.0
107091,SHAMBOYACU,1991,5,-999.0,-999.0,-999.0
107091,SHAMBOYACU,1991,6,-999.0,-999.0,-999.0
107091,SHAMBOYACU,1991,7,-999.0,-999.0,-999.0
107091,SHAMBOYACU,1991,8,-999.0,-999.0,-999.0
107091,SHAMBOYACU,1991,9,-999.0,-999.0,-999.0
107091,SHAMBOYACU,1991,10,-999.0,-999.0,-999.0
107091,SHAMBOYACU,1991,11,-999.0,-999.0,-999.0
107091,SHAMBOYACU,1991,12,-999.0,-999.0,-999.0
107091,SHAMBOYACU,1992,1,-999.0,-999.0,-999.0
107091,SHAMBOYACU,1992,2,-999.0,-999.0,-999.0
107091,SHAMBOYACU,1992,3,-999.0,-999.0,-999.0
107091,SHAMBOYACU,1992,4,-999.0,-999.0,-999.0
107091,SHAMBOYACU,1992,5,-999.0,-999.0,-999.0
107091,SHAMBOYACU,1992,6,-999.0,-999.0,-999.0
107091,SHAMBOYACU,1992,7,-999.0,-999.0,-999.0
107091,SHAMBOYACU,1992,8,-999.0,-999.0,-999.0
107091,SHAMBOYACU,1992,9,-999.0,-999.0,-999.0
107091,SHAMBOYACU,1992,10,-999.0,-999.0,-999.0
107091,SHAMBOYACU,1992,11,-999.0,-999.0,-999.0
107091,SHAMBOYACU,1992,12,-999.0,-999.0,-999.0
107091,SHAMBOYACU,1993,1,-999.0,-999.0,-999.0
107091,SHAMBOYACU,1993,2,-999.0,-999.0,-999.0
107091,SHAMBOYACU,1993,3,-999.0,-999.0,-999.0
107091,SHAMBOYACU,1993,4,-999.0,-999.0,-999.0
107091,SHAMBOYACU,1993,5,-999.0,-999.0,-999.0
107091,SHAMBOYACU,1993,6,-999.0,-999.0,-999.0
107091,SHAMBOYACU,1993,7,-999.0,-999.0,-999.0
107091,SHAMBOYACU,1993,8,-999.0,-999.0,-999.0
107091,SHAMBOYACU,1993,9,-999.0,-999.0,-999.0
107091,SHAMBOYACU,1993,10,-999.0,-999.0,-999.0
107091,SHAMBOYACU,1993,11,-999.0,-999.0,-999.0
107091,SHAMBOYACU,1993,12,-999.0,-999.0,-999.0
107091,SHAMBOYACU,1994,1,-999.0,-999.0,-999.0
107091,SHAMBOYACU,1994,2,-999.0,-999.0,-999.0
107091,SHAMBOYACU,1994,3,-999.0,-999.0,-999.0
107091,SHAMBOYACU,1994,4,-999.0,-999.0,-999.0
107091,SHAMBOYACU,1994,5,-999.0,-999.0,-999.0
107091,SHAMBOYACU,1994,6,-999.0,-999.0,-999.0
107091,SHAMBOYACU,1994,7,-999.0,-999.0,-999.0
107091,SHAMBOYACU,1994,8,-999.0,-999.0,-999.0
107091,SHAMBOYACU,1994,9,-999.0,-999.0,-999.0
107091,SHAMBOYACU,1994,10,-999.0,-999.0,-999.0
107091,SHAMBOYACU,1994,11,-999.0,-999.0,-999.0
107091,SHAMBOYACU,1994,12,-999.0,-999.0,-999.0
107091,SHAMBOYACU,1995,1,-999.0,-999.0,-999.0
107091,SHAMBOYACU,1995,2,-999.0,-999.0,-999.0
107091,SHAMBOYACU,1995,3,-999.0,-999.0,-999.0
107091,SHAMBOYACU,1995,4,-999.0,-999.0,-999.0
107091,SHAMBOYACU,1995,5,-999.0,-999.0,-999.0
107091,SHAMBOYACU,1995,6,-999.0,-999.0,-999.0
107091,SHAMBOYACU,1995,7,-999.0,-999.0,-999.0
107091,SHAMBOYACU,1995,8,-999.0,-999.0,-999.0
107091,SHAMBOYACU,1995,9,-999.0,-999.0,-999.0
107091,SHAMBOYACU,1995,10,-999.0,-999.0,-999.0
107091,SHAMBOYACU,1995,11,-999.0,-999.0,-999.0
107091,SHAMBOYACU,1995,12,-999.0,-999.0,-999.0
107091,SHAMBOYACU,1996,1,-999.0,-999.0,-999.0
107091,SHAMBOYACU,1996,2,-999.0,-999.0,-999.0
107091,SHAMBOYACU,1996,3,133.1,-999.0,-999.0
107091,SHAMBOYACU,1996,4,129.9,-999.0,-999.0
107091,SHAMBOYACU,1996,5,77.3,-999.0,-999.0
107091,SHAMBOYACU,1996,6,90.4,-999.0,-999.0
107091,SHAMBOYACU,1996,7,45.4,-999.0,-999.0
107091,SHAMBOYACU,1996,8,121.7,-999.0,-999.0
107091,SHAMBOYACU,1996,9,70.2,-999.0,-999.0
107091,SHAMBOYACU,1996,10,123.0,-999.0,-999.0
107091,SHAMBOYACU,1996,11,77.0,-999.0,-999.0
107091,SHAMBOYACU,1996,12,134.1,-999.0,-999.0
107091,SHAMBOYACU,1997,1,33.6,-999.0,-999.0
107091,SHAMBOYACU,1997,2,183.2,-999.0,-999.0
107091,SHAMBOYACU,1997,3,186.5,-999.0,-999.0
107091,SHAMBOYACU,1997,4,90.0,-999.0,-999.0
107091,SHAMBOYACU,1997,5,176.9,-999.0,-999.0
107091,SHAMBOYACU,1997,6,11.4,-999.0,-999.0
107091,SHAMBOYACU,1997,7,26.3,-999.0,-999.0
107091,SHAMBOYACU,1997,8,61.6,-999.0,-999.0
107091,SHAMBOYACU,1997,9,81.7,-999.0,-999.0
107091,SHAMBOYACU,1997,10,66.0,-999.0,-999.0
107091,SHAMBOYACU,1997,11,80.8,-999.0,-999.0
107091,SHAMBOYACU,1997,12,93.9,-999.0,-999.0
107091,SHAMBOYACU,1998,1,74.1,-999.0,-999.0
107091,SHAMBOYACU,1998,2,185.2,-999.0,-999.0
107091,SHAMBOYACU,1998,3,280.5,-999.0,-999.0
107091,SHAMBOYACU,1998,4,141.4,-999.0,-999.0
107091,SHAMBOYACU,1998,5,52.0,-999.0,-999.0
107091,SHAMBOYACU,1998,6,64.5,-999.0,-999.0
107091,SHAMBOYACU,1998,7,86.9,-999.0,-999.0
107091,SHAMBOYACU,1998,8,45.4,-999.0,-999.0
107091,SHAMBOYACU,1998,9,127.6,-999.0,-999.0
107091,SHAMBOYACU,1998,10,184.7,-999.0,-999.0
107091,SHAMBOYACU,1998,11,85.7,-999.0,-999.0
107091,SHAMBOYACU,1998,12,95.1,-999.0,-999.0
107091,SHAMBOYACU,1999,1,104.4,-999.0,-999.0
107091,SHAMBOYACU,1999,2,127.9,-999.0,-999.0
107091,SHAMBOYACU,1999,3,164.0,-999.0,-999.0
107091,SHAMBOYACU,1999,4,224.3,-999.0,-999.0
107091,SHAMBOYACU,1999,5,292.8,-999.0,-999.0
107091,SHAMBOYACU,1999,6,132.9,-999.0,-999.0
107091,SHAMBOYACU,1999,7,88.9,-999.0,-999.0
107091,SHAMBOYACU,1999,8,40.4,-999.0,-999.0
107091,SHAMBOYACU,1999,9,114.0,-999.0,-999.0
107091,SHAMBOYACU,1999,10,160.7,-999.0,-999.0
107091,SHAMBOYACU,1999,11,111.1,-999.0,-999.0
107091,SHAMBOYACU,1999,12,108.9,-999.0,-999.0
107091,SHAMBOYACU,2000,1,108.0,-999.0,-999.0
107091,SHAMBOYACU,2000,2,89.5,-999.0,-999.0
107091,SHAMBOYACU,2000,3,120.6,-999.0,-999.0
107091,SHAMBOYACU,2000,4,248.2,-999.0,-999.0
107091,SHAMBOYACU,2000,5,74.8,-999.0,-999.0
107091,SHAMBOYACU,2000,6,93.0,-999.0,-999.0
107091,SHAMBOYACU,2000,7,92.4,-999.0,-999.0
107091,SHAMBOYACU,2000,8,99.9,-999.0,-999.0
107091,SHAMBOYACU,2000,9,133.7,-999.0,-999.0
107091,SHAMBOYACU,2000,10,50.2,-999.0,-999.0
107091,SHAMBOYACU,2000,11,185.8,-999.0,-999.0
107091,SHAMBOYACU,2000,12,149.1,-999.0,-999.0
107091,SHAMBOYACU,2001,1,95.1,-999.0,-999.0
107091,SHAMBOYACU,2001,2,116.2,-999.0,-999.0
107091,SHAMBOYACU,2001,3,109.0,-999.0,-999.0
107091,SHAMBOYACU,2001,4,216.9,-999.0,-999.0
107091,SHAMBOYACU,2001,5,165.5,-999.0,-999.0
107091,SHAMBOYACU,2001,6,51.6,-999.0,-999.0
107091,SHAMBOYACU,2001,7,224.3,-999.0,-999.0
107091,SHAMBOYACU,2001,8,60.0,-999.0,-999.0
107091,SHAMBOYACU,2001,9,139.0,-999.0,-999.0
107091,SHAMBOYACU,2001,10,151.2,-999.0,-999.0
107091,SHAMBOYACU,2001,11,59.7,-999.0,-999.0
107091,SHAMBOYACU,2001,12,132.4,-999.0,-999.0
107091,SHAMBOYACU,2002,1,49.6,-999.0,-999.0
107091,SHAMBOYACU,2002,2,70.0,-999.0,-999.0
107091,SHAMBOYACU,2002,3,82.5,-999.0,-999.0
107091,SHAMBOYACU,2002,4,172.6,-999.0,-999.0
107091,SHAMBOYACU,2002,5,106.1,-999.0,-999.0
107091,SHAMBOYACU,2002,6,89.5,-999.0,-999.0
107091,SHAMBOYACU,2002,7,75.6,-999.0,-999.0
107091,SHAMBOYACU,2002,8,45.2,-999.0,-999.0
107091,SHAMBOYACU,2002,9,69.7,-999.0,-999.0
107091,SHAMBOYACU,2002,10,160.5,-999.0,-999.0
107091,SHAMBOYACU,2002,11,69.0,-999.0,-999.0
107091,SHAMBOYACU,2002,12,58.7,-999.0,-999.0
107091,SHAMBOYACU,2003,1,97.6,-999.0,-999.0
107091,SHAMBOYACU,2003,2,124.7,-999.0,-999.0
107091,SHAMBOYACU,2003,3,174.6,-999.0,-999.0
107091,SHAMBOYACU,2003,4,174.2,-999.0,-999.0
107091,SHAMBOYACU,2003,5,161.7,-999.0,-999.0
107091,SHAMBOYACU,2003,6,87.0,-999.0,-999.0
107091,SHAMBOYACU,2003,7,29.2,-999.0,-999.0
107091,SHAMBOYACU,2003,8,53.5,-999.0,-999.0
107091,SHAMBOYACU,2003,9,122.0,-999.0,-999.0
107091,SHAMBOYACU,2003,10,104.7,-999.0,-999.0
107091,SHAMBOYACU,2003,11,147.8,-999.0,-999.0
107091,SHAMBOYACU,2003,12,246.1,-999.0,-999.0
107091,SHAMBOYACU,2004,1,52.7,-999.0,-999.0
107091,SHAMBOYACU,2004,2,25.2,-999.0,-999.0
107091,SHAMBOYACU,2004,3,124.2,-999.0,-999.0
107091,SHAMBOYACU,2004,4,51.5,-999.0,-999.0
107091,SHAMBOYACU,2004,5,57.5,-999.0,-999.0
107091,SHAMBOYACU,2004,6,175.8,-999.0,-999.0
107091,SHAMBOYACU,2004,7,91.0,-999.0,-999.0
107091,SHAMBOYACU,2004,8,102.3,-999.0,-999.0
107091,SHAMBOYACU,2004,9,102.9,-999.0,-999.0
107091,SHAMBOYACU,2004,10,154.8,-999.0,-999.0
107091,SHAMBOYACU,2004,11,56.6,-999.0,-999.0
107091,SHAMBOYACU,2004,12,126.9,-999.0,-999.0
107091,SHAMBOYACU,2005,1,171.2,-999.0,-999.0
107091,SHAMBOYACU,2005,2,148.4,-999.0,-999.0
107091,SHAMBOYACU,2005,3,136.0,-999.0,-999.0
107091,SHAMBOYACU,2005,4,232.2,-999.0,-999.0
107091,SHAMBOYACU,2005,5,83.3,-999.0,-999.0
107091,SHAMBOYACU,2005,6,95.7,-999.0,-999.0
107091,SHAMBOYACU,2005,7,16.5,-999.0,-999.0
107091,SHAMBOYACU,2005,8,65.7,-999.0,-999.0
107091,SHAMBOYACU,2005,9,43.4,-999.0,-999.0
107091,SHAMBOYACU,2005,10,112.6,-999.0,-999.0
107091,SHAMBOYACU,2005,11,147.9,-999.0,-999.0
107091,SHAMBOYACU,2005,12,41.7,-999.0,-999.0
107091,SHAMBOYACU,2006,1,192.6,-999.0,-999.0
107091,SHAMBOYACU,2006,2,153.7,-999.0,-999.0
107091,SHAMBOYACU,2006,3,196.4,-999.0,-999.0
107091,SHAMBOYACU,2006,4,40.4,-999.0,-999.0
107091,SHAMBOYACU,2006,5,49.1,-999.0,-999.0
107091,SHAMBOYACU,2006,6,89.1,-999.0,-999.0
107091,SHAMBOYACU,2006,7,52.1,-999.0,-999.0
107091,SHAMBOYACU,2006,8,124.0,-999.0,-999.0
107091,SHAMBOYACU,2006,9,82.3,-999.0,-999.0
107091,SHAMBOYACU,2006,10,101.4,-999.0,-999.0
107091,SHAMBOYACU,2006,11,166.6,-999.0,-999.0
107091,SHAMBOYACU,2006,12,49.2,-999.0,-999.0
107091,SHAMBOYACU,2007,1,21.1,-999.0,-999.0
107091,SHAMBOYACU,2007,2,26.1,-999.0,-999.0
107091,SHAMBOYACU,2007,3,229.2,-999.0,-999.0
107091,SHAMBOYACU,2007,4,138.7,-999.0,-999.0
107091,SHAMBOYACU,2007,5,22.9,-999.0,-999.0
107091,SHAMBOYACU,2007,6,-999.0,-999.0,-999.0
107091,SHAMBOYACU,2007,7,69.2,-999.0,-999.0
107091,SHAMBOYACU,2007,8,103.2,-999.0,-999.0
107091,SHAMBOYACU,2007,9,76.6,-999.0,-999.0
107091,SHAMBOYACU,2007,10,115.4,-999.0,-999.0
107091,SHAMBOYACU,2007,11,232.1,-999.0,-999.0
107091,SHAMBOYACU,2007,12,56.9,-999.0,-999.0
107091,SHAMBOYACU,2008,1,64.6,-999.0,-999.0
107091,SHAMBOYACU,2008,2,88.3,-999.0,-999.0
107091,SHAMBOYACU,2008,3,158.2,-999.0,-999.0
107091,SHAMBOYACU,2008,4,175.9,-999.0,-999.0
107091,SHAMBOYACU,2008,5,110.7,-999.0,-999.0
107091,SHAMBOYACU,2008,6,46.6,-999.0,-999.0
107091,SHAMBOYACU,2008,7,47.2,-999.0,-999.0
107091,SHAMBOYACU,2008,8,43.0,-999.0,-999.0
107091,SHAMBOYACU,2008,9,93.6,-999.0,-999.0
107091,SHAMBOYACU,2008,10,151.8,-999.0,-999.0
107091,SHAMBOYACU,2008,11,166.2,-999.0,-999.0
107091,SHAMBOYACU,2008,12,61.0,-999.0,-999.0
107091,SHAMBOYACU,2009,1,220.5,-999.0,-999.0
107091,SHAMBOYACU,2009,2,95.1,-999.0,-999.0
107091,SHAMBOYACU,2009,3,154.4,-999.0,-999.0
107091,SHAMBOYACU,2009,4,385.0,-999.0,-999.0
107091,SHAMBOYACU,2009,5,139.0,-999.0,-999.0
107091,SHAMBOYACU,2009,6,33.3,-999.0,-999.0
107091,SHAMBOYACU,2009,7,41.5,-999.0,-999.0
107091,SHAMBOYACU,2009,8,101.6,-999.0,-999.0
107091,SHAMBOYACU,2009,9,189.4,-999.0,-999.0
107091,SHAMBOYACU,2009,10,64.0,-999.0,-999.0
107091,SHAMBOYACU,2009,11,68.1,-999.0,-999.0
107091,SHAMBOYACU,2009,12,30.5,-999.0,-999.0
107091,SHAMBOYACU,2010,1,71.3,-999.0,-999.0
107091,SHAMBOYACU,2010,2,151.6,-999.0,-999.0
107091,SHAMBOYACU,2010,3,140.5,-999.0,-999.0
107091,SHAMBOYACU,2010,4,83.7,-999.0,-999.0
107091,SHAMBOYACU,2010,5,83.9,-999.0,-999.0
107091,SHAMBOYACU,2010,6,81.5,-999.0,-999.0
107091,SHAMBOYACU,2010,7,19.7,-999.0,-999.0
107091,SHAMBOYACU,2010,8,18.2,-999.0,-999.0
107091,SHAMBOYACU,2010,9,132.8,-999.0,-999.0
107091,SHAMBOYACU,2010,10,159.5,-999.0,-999.0
107091,SHAMBOYACU,2010,11,129.9,-999.0,-999.0
107091,SHAMBOYACU,2010,12,36.9,-999.0,-999.0
107091,SHAMBOYACU,2011,1,45.6,-999.0,-999.0
107091,SHAMBOYACU,2011,2,43.1,-999.0,-999.0
107091,SHAMBOYACU,2011,3,192.8,-999.0,-999.0
107091,SHAMBOYACU,2011,4,210.8,-999.0,-999.0
107091,SHAMBOYACU,2011,5,58.6,-999.0,-999.0
107091,SHAMBOYACU,2011,6,98.1,-999.0,-999.0
107091,SHAMBOYACU,2011,7,99.2,-999.0,-999.0
107091,SHAMBOYACU,2011,8,26.2,-999.0,-999.0
107091,SHAMBOYACU,2011,9,123.6,-999.0,-999.0
107091,SHAMBOYACU,2011,10,149.8,-999.0,-999.0
107091,SHAMBOYACU,2011,11,127.7,-999.0,-999.0
107091,SHAMBOYACU,2011,12,174.8,-999.0,-999.0
107091,SHAMBOYACU,2012,1,45.4,-999.0,-999.0
107091,SHAMBOYACU,2012,2,142.2,-999.0,-999.0
107091,SHAMBOYACU,2012,3,308.0,-999.0,-999.0
107091,SHAMBOYACU,2012,4,169.1,-999.0,-999.0
107091,SHAMBOYACU,2012,5,43.0,-999.0,-999.0
107091,SHAMBOYACU,2012,6,130.0,-999.0,-999.0
107091,SHAMBOYACU,2012,7,68.8,-999.0,-999.0
107091,SHAMBOYACU,2012,8,16.2,-999.0,-999.0
107091,SHAMBOYACU,2012,9,61.8,-999.0,-999.0
107091,SHAMBOYACU,2012,10,143.2,-999.0,-999.0
107091,SHAMBOYACU,2012,11,138.5,-999.0,-999.0
107091,SHAMBOYACU,2012,12,135.3,-999.0,-999.0
107091,SHAMBOYACU,2013,1,83.7,-999.0,-999.0
107091,SHAMBOYACU,2013,2,186.9,-999.0,-999.0
107091,SHAMBOYACU,2013,3,112.9,-999.0,-999.0
107091,SHAMBOYACU,2013,4,115.9,-999.0,-999.0
107091,SHAMBOYACU,2013,5,79.3,-999.0,-999.0
107091,SHAMBOYACU,2013,6,159.2,-999.0,-999.0
107091,SHAMBOYACU,2013,7,44.3,-999.0,-999.0
107091,SHAMBOYACU,2013,8,86.8,-999.0,-999.0
107091,SHAMBOYACU,2013,9,61.8,-999.0,-999.0
107091,SHAMBOYACU,2013,10,154.8,-999.0,-999.0
107091,SHAMBOYACU,2013,11,125.6,-999.0,-999.0
107091,SHAMBOYACU,2013,12,90.6,-999.0,-999.0
107091,SHAMBOYACU,2014,1,97.9,-999.0,-999.0
107091,SHAMBOYACU,2014,2,120.2,-999.0,-999.0
107091,SHAMBOYACU,2014,3,217.9,-999.0,-999.0
107091,SHAMBOYACU,2014,4,216.6,-999.0,-999.0
107091,SHAMBOYACU,2014,5,76.5,-999.0,-999.0
107091,SHAMBOYACU,2014,6,78.7,-999.0,-999.0
107091,SHAMBOYACU,2014,7,82.7,-999.0,-999.0
107091,SHAMBOYACU,2014,8,121.6,-999.0,-999.0
107091,SHAMBOYACU,2014,9,104.6,-999.0,-999.0
107091,SHAMBOYACU,2014,10,167.3,-999.0,-999.0
107091,SHAMBOYACU,2014,11,108.0,-999.0,-999.0
107091,SHAMBOYACU,2014,12,72.5,-999.0,-999.0
107091,SHAMBOYACU,2015,1,171.7,-999.0,-999.0
107091,SHAMBOYACU,2015,2,221.5,-999.0,-999.0
107091,SHAMBOYACU,2015,3,209.6,-999.0,-999.0
107091,SHAMBOYACU,2015,4,291.3,-999.0,-999.0
107091,SHAMBOYACU,2015,5,132.3,-999.0,-999.0
107091,SHAMBOYACU,2015,6,118.8,-999.0,-999.0
107091,SHAMBOYACU,2015,7,79.6,-999.0,-999.0
107091,SHAMBOYACU,2015,8,27.7,-999.0,-999.0
107091,SHAMBOYACU,2015,9,63.8,-999.0,-999.0
107091,SHAMBOYACU,2015,10,106.4,-999.0,-999.0
107091,SHAMBOYACU,2015,11,108.6,-999.0,-999.0
107091,SHAMBOYACU,2015,12,113.6,-999.0,-999.0
107091,SHAMBOYACU,2016,1,25.4,-999.0,-999.0
107091,SHAMBOYACU,2016,2,145.4,-999.0,-999.0
107091,SHAMBOYACU,2016,3,293.1,-999.0,-999.0
107091,SHAMBOYACU,2016,4,141.3,-999.0,-999.0
107091,SHAMBOYACU,2016,5,89.1,-999.0,-999.0
107091,SHAMBOYACU,2016,6,66.4,-999.0,-999.0
107091,SHAMBOYACU,2016,7,64.1,-999.0,-999.0
107091,SHAMBOYACU,2016,8,35.3,-999.0,-999.0
107091,SHAMBOYACU,2016,9,118.0,-999.0,-999.0
107091,SHAMBOYACU,2016,10,187.4,-999.0,-999.0
107091,SHAMBOYACU,2016,11,42.9,-999.0,-999.0
107091,SHAMBOYACU,2016,12,62.4,-999.0,-999.0
107091,SHAMBOYACU,2017,1,235.0,-999.0,-999.0
107091,SHAMBOYACU,2017,2,111.2,-999.0,-999.0
107091,SHAMBOYACU,2017,3,132.0,-999.0,-999.0
107091,SHAMBOYACU,2017,4,91.6,-999.0,-999.0
107091,SHAMBOYACU,2017,5,64.9,-999.0,-999.0
107091,SHAMBOYACU,2017,6,63.6,-999.0,-999.0
107091,SHAMBOYACU,2017,7,57.5,-999.0,-999.0
107091,SHAMBOYACU,2017,8,91.9,-999.0,-999.0
107091,SHAMBOYACU,2017,9,168.1,-999.0,-999.0
107091,SHAMBOYACU,2017,10,156.2,-999.0,-999.0
107091,SHAMBOYACU,2017,11,246.1,-999.0,-999.0
107091,SHAMBOYACU,2017,12,96.7,-999.0,-999.0
107091,SHAMBOYACU,2018,1,203.2,-999.0,-999.0
107091,SHAMBOYACU,2018,2,153.2,-999.0,-999.0
107091,SHAMBOYACU,2018,3,216.3,-999.0,-999.0
107091,SHAMBOYACU,2018,4,214.8,-999.0,-999.0
107091,SHAMBOYACU,2018,5,59.9,-999.0,-999.0
107091,SHAMBOYACU,2018,6,78.5,-999.0,-999.0
107091,SHAMBOYACU,2018,7,19.7,-999.0,-999.0
107091,SHAMBOYACU,2018,8,98.5,-999.0,-999.0
107091,SHAMBOYACU,2018,9,124.2,-999.0,-999.0
107091,SHAMBOYACU,2018,10,180.6,-999.0,-999.0
107091,SHAMBOYACU,2018,11,141.0,-999.0,-999.0
107091,SHAMBOYACU,2018,12,57.4,-999.0,-999.0
107091,SHAMBOYACU,2019,1,230.9,-999.0,-999.0
107091,SHAMBOYACU,2019,2,114.4,-999.0,-999.0
107091,SHAMBOYACU,2019,3,298.1,-999.0,-999.0
107091,SHAMBOYACU,2019,4,164.2,-999.0,-999.0
107091,SHAMBOYACU,2019,5,95.3,-999.0,-999.0
107091,SHAMBOYACU,2019,6,47.9,-999.0,-999.0
107091,SHAMBOYACU,2019,7,112.6,-999.0,-999.0
107091,SHAMBOYACU,2019,8,46.8,-999.0,-999.0
107091,SHAMBOYACU,2019,9,155.6,-999.0,-999.0
107091,SHAMBOYACU,2019,10,144.8,-999.0,-999.0
107091,SHAMBOYACU,2019,11,173.0,-999.0,-999.0
107091,SHAMBOYACU,2019,12,103.9,-999.0,-999.0
107091,SHAMBOYACU,2020,1,103.7,-999.0,-999.0
107091,SHAMBOYACU,2020,2,69.7,-999.0,-999.0
107091,SHAMBOYACU,2020,3,192.5,-999.0,-999.0
107091,SHAMBOYACU,2020,4,258.8,-999.0,-999.0
107091,SHAMBOYACU,2020,5,144.6,-999.0,-999.0
107091,SHAMBOYACU,2020,6,31.2,-999.0,-999.0
107091,SHAMBOYACU,2020,7,61.3,-999.0,-999.0
107091,SHAMBOYACU,2020,8,22.3,-999.0,-999.0
107091,SHAMBOYACU,2020,9,74.9,-999.0,-999.0
107091,SHAMBOYACU,2020,10,124.1,-999.0,-999.0
107091,SHAMBOYACU,2020,11,109.5,-999.0,-999.0
107091,SHAMBOYACU,2020,12,133.7,-999.0,-999.0
107091,SHAMBOYACU,2021,1,-999.0,-999.0,-999.0
107091,SHAMBOYACU,2021,2,135.6,-999.0,-999.0
107091,SHAMBOYACU,2021,3,163.9,-999.0,-999.0
107091,SHAMBOYACU,2021,4,122.9,-999.0,-999.0
107091,SHAMBOYACU,2021,5,113.1,-999.0,-999.0
107091,SHAMBOYACU,2021,6,118.0,-999.0,-999.0
107091,SHAMBOYACU,2021,7,57.9,-999.0,-999.0
107091,SHAMBOYACU,2021,8,49.5,-999.0,-999.0
107091,SHAMBOYACU,2021,9,125.9,-999.0,-999.0
107091,SHAMBOYACU,2021,10,119.8,-999.0,-999.0
107091,SHAMBOYACU,2021,11,107.4,-999.0,-999.0
107091,SHAMBOYACU,2021,12,110.1,-999.0,-999.0
107091,SHAMBOYACU,2022,1,36.5,-999.0,-999.0
107091,SHAMBOYACU,2022,2,138.1,-999.0,-999.0
107091,SHAMBOYACU,2022,3,141.4,-999.0,-999.0
107091,SHAMBOYACU,2022,4,175.1,-999.0,-999.0
107091,SHAMBOYACU,2022,5,192.3,-999.0,-999.0
107091,SHAMBOYACU,2022,6,94.6,-999.0,-999.0
107091,SHAMBOYACU,2022,7,88.5,-999.0,-999.0
107091,SHAMBOYACU,2022,8,92.9,-999.0,-999.0
107091,SHAMBOYACU,2022,9,79.8,-999.0,-999.0
107091,SHAMBOYACU,2022,10,90.3,-999.0,-999.0
107091,SHAMBOYACU,2022,11,149.6,-999.0,-999.0
107091,SHAMBOYACU,2022,12,100.5,-999.0,-999.0
107091,SHAMBOYACU,2023,1,154.8,-999.0,-999.0
107091,SHAMBOYACU,2023,2,86.1,-999.0,-999.0
107091,SHAMBOYACU,2023,3,242.9,-999.0,-999.0
107091,SHAMBOYACU,2023,4,145.3,-999.0,-999.0
107091,SHAMBOYACU,2023,5,127.0,-999.0,-999.0
107091,SHAMBOYACU,2023,6,23.8,-999.0,-999.0
107091,SHAMBOYACU,2023,7,62.1,-999.0,-999.0
107091,SHAMBOYACU,2023,8,72.5,-999.0,-999.0
107091,SHAMBOYACU,2023,9,119.8,-999.0,-999.0
107091,SHAMBOYACU,2023,10,77.0,-999.0,-999.0
107091,SHAMBOYACU,2023,11,193.4,-999.0,-999.0
107091,SHAMBOYACU,2023,12,143.9,-999.0,-999.0
107091,SHAMBOYACU,2024,1,112.7,-999.0,-999.0
107091,SHAMBOYACU,2024,2,167.3,-999.0,-999.0
107091,SHAMBOYACU,2024,3,169.8,-999.0,-999.0
107091,SHAMBOYACU,2024,4,-999.0,-999.0,-999.0
107091,SHAMBOYACU,2024,5,-999.0,-999.0,-999.0
107091,SHAMBOYACU,2024,6,-999.0,-999.0,-999.0
107091,SHAMBOYACU,2024,7,-999.0,-999.0,-999.0
107091,SHAMBOYACU,2024,8,10.6,-999.0,-999.0
107091,SHAMBOYACU,2024,9,65.9,-999.0,-999.0
107091,SHAMBOYACU,2024,10,263.2,-999.0,-999.0
107091,SHAMBOYACU,2024,11,178.9,-999.0,-999.0
107091,SHAMBOYACU,2024,12,56.2,-999.0,-999.0
107091,SHAMBOYACU,2025,1,82.5,-999.0,-999.0
107091,SHAMBOYACU,2025,2,306.3,-999.0,-999.0
107091,SHAMBOYACU,2025,3,187.8,-999.0,-999.0
107091,SHAMBOYACU,2025,4,95.7,-999.0,-999.0
107091,SHAMBOYACU,2025,5,110.7,-999.0,-999.0
107091,SHAMBOYACU,2025,6,124.1,-999.0,-999.0
107091,SHAMBOYACU,2025,7,64.3,-999.0,-999.0
107091,SHAMBOYACU,2025,8,39.5,-999.0,-999.0
107091,SHAMBOYACU,2025,9,96.3,-999.0,-999.0
107091,SHAMBOYACU,2025,10,212.6,-999.0,-999.0
107091,SHAMBOYACU,2025,11,126.2,-999.0,-999.0
107091,SHAMBOYACU,2025,12,32.8,-999.0,-999.0
