CODIGO,ESTACION,YEAR,MONTH,PP,TMAX,TMIN
107016,JESUS,1990,1,-999.0,-999.0,-999.0
107016,JESUS,1990,2,-999.0,-999.0,-999.0
107016,JESUS,1990,3,-999.0,-999.0,-999.0
107016,JESUS,1990,4,-999.0,-999.0,-999.0
107016,JESUS,1990,5,-999.0,-999.0,-999.0
107016,JESUS,1990,6,-999.0,-999.0,-999.0
107016,JESUS,1990,7,-999.0,-999.0,-999.0
107016,JESUS,1990,8,-999.0,-999.0,-999.0
107016,JESUS,1990,9,-999.0,-999.0,-999.0
107016,JESUS,1990,10,-999.0,-999.0,-999.0
107016,JESUS,1990,11,-999.0,-999.0,-999.0
107016,JESUS,1990,12,-999.0,-999.0,-999.0
107016,JESUS,1991,1,-999.0,-999.0,-999.0
107016,JESUS,1991,2,-999.0,-999.0,-999.0
107016,JESUS,1991,3,-999.0,-999.0,-999.0
107016,JESUS,1991,4,-999.0,-999.0,-999.0
107016,JESUS,1991,5,-999.0,-999.0,-999.0
107016,JESUS,1991,6,-999.0,-999.0,-999.0
107016,JESUS,1991,7,-999.0,-999.0,-999.0
107016,JESUS,1991,8,-999.0,-999.0,-999.0
107016,JESUS,1991,9,-999.0,-999.0,-999.0
107016,JESUS,1991,10,-999.0,-999.0,-999.0
107016,JESUS,1991,11,-999.0,-999.0,-999.0
107016,JESUS,1991,12,-999.0,-999.0,-999.0
107016,JESUS,1992,1,-999.0,-999.0,-999.0
107016,JESUS,1992,2,-999.0,-999.0,-999.0
107016,JESUS,1992,3,-999.0,-999.0,-999.0
107016,JESUS,1992,4,-999.0,-999.0,-999.0
107016,JESUS,1992,5,-999.0,-999.0,-999.0
107016,JESUS,1992,6,-999.0,-999.0,-999.0
107016,JESUS,1992,7,-999.0,-999.0,-999.0
107016,JESUS,1992,8,-999.0,-999.0,-999.0
107016,JESUS,1992,9,-999.0,-999.0,-999.0
107016,JESUS,1992,10,-999.0,-999.0,-999.0
107016,JESUS,1992,11,-999.0,-999.0,-999.0
107016,JESUS,1992,12,-999.0,-999.0,-999.0
107016,JESUS,1993,1,-999.0,-999.0,-999.0
107016,JESUS,1993,2,-999.0,-999.0,-999.0
107016,JESUS,1993,3,-999.0,-999.0,-999.0
107016,JESUS,1993,4,-999.0,-999.0,-999.0
107016,JESUS,1993,5,-999.0,-999.0,-999.0
107016,JESUS,1993,6,-999.0,-999.0,-999.0
107016,JESUS,1993,7,-999.0,-999.0,-999.0
107016,JESUS,1993,8,-999.0,-999.0,-999.0
107016,JESUS,1993,9,-999.0,-999.0,-999.0
107016,JESUS,1993,10,-999.0,-999.0,-999.0
107016,JESUS,1993,11,-999.0,-999.0,-999.0
107016,JESUS,1993,12,-999.0,-999.0,-999.0
107016,JESUS,1994,1,-999.0,-999.0,-999.0
107016,JESUS,1994,2,137.7,21.27,11.0
107016,JESUS,1994,3,225.6,20.61,8.54
107016,JESUS,1994,4,168.5,20.96,-999.0
107016,JESUS,1994,5,26.2,21.76,7.93
107016,JESUS,1994,6,5.7,-999.0,7.22
107016,JESUS,1994,7,0.3,21.53,4.98
107016,JESUS,1994,8,0.0,21.49,5.29
107016,JESUS,1994,9,13.2,22.68,7.4
107016,JESUS,1994,10,11.3,23.11,8.2
107016,JESUS,1994,11,54.8,22.24,8.84
107016,JESUS,1994,12,129.1,21.48,10.09
107016,JESUS,1995,1,37.3,22.07,9.82
107016,JESUS,1995,2,114.0,21.0,10.37
107016,JESUS,1995,3,70.9,21.08,10.61
107016,JESUS,1995,4,57.4,21.99,9.19
107016,JESUS,1995,5,20.4,22.39,7.7
107016,JESUS,1995,6,3.5,22.68,-999.0
107016,JESUS,1995,7,5.2,21.81,6.52
107016,JESUS,1995,8,8.8,23.17,6.64
107016,JESUS,1995,9,7.7,22.1,7.67
107016,JESUS,1995,10,74.1,22.44,8.98
107016,JESUS,1995,11,56.9,21.94,9.14
107016,JESUS,1995,12,89.8,21.75,9.29
107016,JESUS,1996,1,76.8,20.27,9.69
107016,JESUS,1996,2,112.0,20.59,9.82
107016,JESUS,1996,3,142.0,20.52,10.91
107016,JESUS,1996,4,97.2,20.7,9.54
107016,JESUS,1996,5,18.2,21.97,8.2
107016,JESUS,1996,6,7.0,21.92,6.97
107016,JESUS,1996,7,0.5,22.09,6.42
107016,JESUS,1996,8,12.1,21.66,7.33
107016,JESUS,1996,9,18.2,22.71,8.99
107016,JESUS,1996,10,78.8,21.86,10.01
107016,JESUS,1996,11,45.5,22.45,7.43
107016,JESUS,1996,12,17.2,22.99,10.05
107016,JESUS,1997,1,75.6,22.15,9.57
107016,JESUS,1997,2,125.1,21.51,11.4
107016,JESUS,1997,3,30.9,22.81,8.99
107016,JESUS,1997,4,71.2,22.9,9.99
107016,JESUS,1997,5,16.0,23.15,8.89
107016,JESUS,1997,6,8.2,23.59,7.13
107016,JESUS,1997,7,0.6,23.28,7.78
107016,JESUS,1997,8,1.2,23.04,8.55
107016,JESUS,1997,9,31.3,24.22,9.92
107016,JESUS,1997,10,72.4,24.13,11.28
107016,JESUS,1997,11,102.2,22.83,11.56
107016,JESUS,1997,12,153.9,22.35,12.59
107016,JESUS,1998,1,137.4,23.11,12.54
107016,JESUS,1998,2,144.2,23.4,12.61
107016,JESUS,1998,3,165.2,22.63,13.12
107016,JESUS,1998,4,91.0,23.66,12.61
107016,JESUS,1998,5,18.2,24.32,8.75
107016,JESUS,1998,6,2.8,22.93,7.18
107016,JESUS,1998,7,0.0,23.33,6.32
107016,JESUS,1998,8,2.2,23.47,7.76
107016,JESUS,1998,9,20.0,23.65,8.58
107016,JESUS,1998,10,64.7,23.48,10.43
107016,JESUS,1998,11,37.1,22.81,8.93
107016,JESUS,1998,12,72.7,22.99,8.39
107016,JESUS,1999,1,97.3,21.44,10.41
107016,JESUS,1999,2,252.4,20.32,11.04
107016,JESUS,1999,3,93.7,21.31,10.32
107016,JESUS,1999,4,57.6,22.15,10.61
107016,JESUS,1999,5,47.7,21.71,8.97
107016,JESUS,1999,6,25.4,-999.0,8.35
107016,JESUS,1999,7,2.0,-999.0,6.45
107016,JESUS,1999,8,7.6,22.76,6.39
107016,JESUS,1999,9,75.6,-999.0,9.16
107016,JESUS,1999,10,23.3,-999.0,8.59
107016,JESUS,1999,11,65.3,-999.0,9.48
107016,JESUS,1999,12,77.4,21.26,10.74
107016,JESUS,2000,1,50.1,21.42,9.34
107016,JESUS,2000,2,145.3,-999.0,10.41
107016,JESUS,2000,3,137.9,20.46,10.62
107016,JESUS,2000,4,53.4,21.65,10.33
107016,JESUS,2000,5,50.8,21.96,9.33
107016,JESUS,2000,6,19.2,21.71,8.05
107016,JESUS,2000,7,3.7,-999.0,6.31
107016,JESUS,2000,8,21.6,-999.0,6.89
107016,JESUS,2000,9,36.9,21.99,9.43
107016,JESUS,2000,10,6.3,23.0,7.89
107016,JESUS,2000,11,41.0,-999.0,6.18
107016,JESUS,2000,12,137.9,21.34,10.08
107016,JESUS,2001,1,231.5,20.12,11.01
107016,JESUS,2001,2,115.0,20.78,11.16
107016,JESUS,2001,3,236.8,20.36,11.51
107016,JESUS,2001,4,27.5,21.89,9.48
107016,JESUS,2001,5,40.3,22.57,9.15
107016,JESUS,2001,6,5.4,21.91,6.83
107016,JESUS,2001,7,3.7,22.13,7.29
107016,JESUS,2001,8,0.3,22.42,6.77
107016,JESUS,2001,9,29.9,22.63,9.12
107016,JESUS,2001,10,99.3,22.85,10.65
107016,JESUS,2001,11,81.9,21.81,10.87
107016,JESUS,2001,12,106.8,22.16,10.38
107016,JESUS,2002,1,36.7,22.3,9.79
107016,JESUS,2002,2,59.6,21.23,11.59
107016,JESUS,2002,3,182.5,21.37,11.46
107016,JESUS,2002,4,68.1,-999.0,10.37
107016,JESUS,2002,5,17.7,22.55,8.83
107016,JESUS,2002,6,3.8,-999.0,7.26
107016,JESUS,2002,7,7.6,21.81,7.84
107016,JESUS,2002,8,0.0,-999.0,7.16
107016,JESUS,2002,9,25.0,-999.0,8.53
107016,JESUS,2002,10,135.2,21.55,10.47
107016,JESUS,2002,11,82.3,21.49,11.11
107016,JESUS,2002,12,97.8,-999.0,11.79
107016,JESUS,2003,1,46.1,-999.0,11.24
107016,JESUS,2003,2,62.1,-999.0,10.89
107016,JESUS,2003,3,104.5,21.28,10.68
107016,JESUS,2003,4,36.9,22.65,10.51
107016,JESUS,2003,5,13.9,22.78,9.35
107016,JESUS,2003,6,21.3,23.23,7.43
107016,JESUS,2003,7,3.1,22.46,6.14
107016,JESUS,2003,8,8.4,-999.0,6.8
107016,JESUS,2003,9,7.4,-999.0,7.97
107016,JESUS,2003,10,62.7,23.54,9.85
107016,JESUS,2003,11,95.0,23.3,10.39
107016,JESUS,2003,12,64.3,21.81,10.39
107016,JESUS,2004,1,66.4,23.23,8.35
107016,JESUS,2004,2,66.7,21.88,11.26
107016,JESUS,2004,3,49.8,23.26,10.84
107016,JESUS,2004,4,39.7,23.43,9.53
107016,JESUS,2004,5,56.4,24.12,8.76
107016,JESUS,2004,6,20.7,22.48,6.94
107016,JESUS,2004,7,7.5,22.34,7.33
107016,JESUS,2004,8,4.7,22.97,7.13
107016,JESUS,2004,9,18.4,23.29,8.51
107016,JESUS,2004,10,64.2,23.36,10.53
107016,JESUS,2004,11,79.0,22.35,9.95
107016,JESUS,2004,12,100.1,22.39,10.35
107016,JESUS,2005,1,92.2,22.4,10.18
107016,JESUS,2005,2,56.0,23.36,11.96
107016,JESUS,2005,3,-999.0,-999.0,-999.0
107016,JESUS,2005,4,33.0,23.21,10.75
107016,JESUS,2005,5,6.0,23.74,7.08
107016,JESUS,2005,6,4.7,24.02,7.08
107016,JESUS,2005,7,0.3,23.87,5.6
107016,JESUS,2005,8,5.4,23.75,6.73
107016,JESUS,2005,9,15.0,23.65,8.8
107016,JESUS,2005,10,87.1,22.33,10.47
107016,JESUS,2005,11,16.2,23.14,8.09
107016,JESUS,2005,12,90.9,21.54,10.04
107016,JESUS,2006,1,93.8,22.07,10.65
107016,JESUS,2006,2,62.4,21.84,12.1
107016,JESUS,2006,3,-999.0,-999.0,-999.0
107016,JESUS,2006,4,71.4,22.24,9.59
107016,JESUS,2006,5,6.4,23.09,7.33
107016,JESUS,2006,6,30.6,22.1,8.07
107016,JESUS,2006,7,1.1,22.58,6.26
107016,JESUS,2006,8,3.9,22.87,7.26
107016,JESUS,2006,9,55.9,23.34,9.05
107016,JESUS,2006,10,19.2,22.91,9.66
107016,JESUS,2006,11,74.9,22.79,10.03
107016,JESUS,2006,12,106.5,22.16,11.56
107016,JESUS,2007,1,83.4,22.76,12.23
107016,JESUS,2007,2,20.3,21.88,10.31
107016,JESUS,2007,3,209.9,21.88,11.61
107016,JESUS,2007,4,112.4,22.11,10.41
107016,JESUS,2007,5,18.3,23.15,9.03
107016,JESUS,2007,6,0.4,22.69,6.49
107016,JESUS,2007,7,7.9,22.93,6.95
107016,JESUS,2007,8,7.6,22.87,7.11
107016,JESUS,2007,9,10.9,22.46,7.38
107016,JESUS,2007,10,116.8,22.08,9.19
107016,JESUS,2007,11,86.8,21.86,10.99
107016,JESUS,2007,12,73.4,21.81,9.36
107016,JESUS,2008,1,92.9,21.15,11.27
107016,JESUS,2008,2,154.9,21.13,10.91
107016,JESUS,2008,3,147.3,20.92,10.61
107016,JESUS,2008,4,73.8,21.48,10.18
107016,JESUS,2008,5,7.0,22.91,8.46
107016,JESUS,2008,6,16.2,22.9,6.72
107016,JESUS,2008,7,1.9,22.73,6.2
107016,JESUS,2008,8,6.8,23.18,7.82
107016,JESUS,2008,9,32.1,23.04,9.09
107016,JESUS,2008,10,105.4,22.21,10.55
107016,JESUS,2008,11,62.8,22.37,10.22
107016,JESUS,2008,12,-999.0,22.42,8.6
107016,JESUS,2009,1,206.8,21.5,11.29
107016,JESUS,2009,2,97.6,21.17,11.24
107016,JESUS,2009,3,140.4,21.3,11.48
107016,JESUS,2009,4,99.5,22.13,10.84
107016,JESUS,2009,5,43.2,23.02,8.9
107016,JESUS,2009,6,18.6,23.16,6.96
107016,JESUS,2009,7,14.1,22.66,7.66
107016,JESUS,2009,8,13.9,23.99,7.69
107016,JESUS,2009,9,7.9,24.17,8.3
107016,JESUS,2009,10,80.4,23.96,10.27
107016,JESUS,2009,11,72.9,22.48,9.84
107016,JESUS,2009,12,101.1,22.5,11.3
107016,JESUS,2010,1,70.9,23.1,11.07
107016,JESUS,2010,2,110.4,23.51,11.56
107016,JESUS,2010,3,116.2,24.02,12.31
107016,JESUS,2010,4,45.8,24.9,11.02
107016,JESUS,2010,5,28.4,24.05,9.37
107016,JESUS,2010,6,12.4,24.36,7.87
107016,JESUS,2010,7,10.0,24.92,6.82
107016,JESUS,2010,8,0.2,25.01,6.2
107016,JESUS,2010,9,25.8,24.58,8.7
107016,JESUS,2010,10,41.2,23.83,8.39
107016,JESUS,2010,11,64.0,22.86,8.85
107016,JESUS,2010,12,42.1,21.51,10.3
107016,JESUS,2011,1,80.3,21.69,10.06
107016,JESUS,2011,2,65.0,21.62,9.8
107016,JESUS,2011,3,138.9,21.03,9.71
107016,JESUS,2011,4,113.0,22.6,10.37
107016,JESUS,2011,5,6.0,24.05,7.86
107016,JESUS,2011,6,0.0,24.04,7.62
107016,JESUS,2011,7,6.7,23.14,7.02
107016,JESUS,2011,8,0.8,24.25,6.82
107016,JESUS,2011,9,35.5,23.37,8.18
107016,JESUS,2011,10,34.2,22.57,8.91
107016,JESUS,2011,11,43.3,23.31,10.37
107016,JESUS,2011,12,139.4,21.69,10.83
107016,JESUS,2012,1,154.9,21.75,11.39
107016,JESUS,2012,2,125.4,21.22,10.22
107016,JESUS,2012,3,68.3,23.04,10.55
107016,JESUS,2012,4,60.6,23.26,10.29
107016,JESUS,2012,5,40.7,23.82,8.74
107016,JESUS,2012,6,13.1,23.72,6.26
107016,JESUS,2012,7,0.0,23.84,5.85
107016,JESUS,2012,8,2.7,24.42,6.67
107016,JESUS,2012,9,8.8,24.44,7.83
107016,JESUS,2012,10,130.1,23.03,10.51
107016,JESUS,2012,11,57.2,22.65,11.31
107016,JESUS,2012,12,64.2,22.58,10.33
107016,JESUS,2013,1,85.2,23.28,11.05
107016,JESUS,2013,2,124.2,22.42,10.91
107016,JESUS,2013,3,207.5,22.09,11.93
107016,JESUS,2013,4,47.6,24.13,10.39
107016,JESUS,2013,5,58.4,24.07,10.01
107016,JESUS,2013,6,0.4,24.23,7.34
107016,JESUS,2013,7,0.0,24.39,6.14
107016,JESUS,2013,8,11.6,24.44,7.21
107016,JESUS,2013,9,3.2,25.73,7.25
107016,JESUS,2013,10,91.8,23.72,10.76
107016,JESUS,2013,11,7.9,23.93,8.47
107016,JESUS,2013,12,81.0,23.22,10.02
107016,JESUS,2014,1,78.9,23.02,10.77
107016,JESUS,2014,2,69.8,23.45,11.29
107016,JESUS,2014,3,124.2,21.78,11.22
107016,JESUS,2014,4,64.0,24.46,9.77
107016,JESUS,2014,5,54.5,24.07,10.28
107016,JESUS,2014,6,10.8,25.49,7.22
107016,JESUS,2014,7,5.8,24.78,6.52
107016,JESUS,2014,8,0.0,24.35,6.65
107016,JESUS,2014,9,14.6,24.46,8.54
107016,JESUS,2014,10,33.7,24.81,9.51
107016,JESUS,2014,11,43.6,23.53,9.86
107016,JESUS,2014,12,81.8,22.8,11.07
107016,JESUS,2015,1,167.3,22.86,11.26
107016,JESUS,2015,2,57.9,23.0,10.63
107016,JESUS,2015,3,190.4,22.95,11.9
107016,JESUS,2015,4,38.5,24.37,11.02
107016,JESUS,2015,5,71.9,24.11,10.33
107016,JESUS,2015,6,0.0,25.29,8.33
107016,JESUS,2015,7,2.0,25.6,6.65
107016,JESUS,2015,8,0.5,25.74,7.0
107016,JESUS,2015,9,14.5,25.91,8.64
107016,JESUS,2015,10,19.5,25.51,10.48
107016,JESUS,2015,11,97.9,24.41,10.0
107016,JESUS,2015,12,58.9,24.97,11.32
107016,JESUS,2016,1,81.9,25.4,11.52
107016,JESUS,2016,2,71.0,24.37,12.57
107016,JESUS,2016,3,55.8,25.81,11.67
107016,JESUS,2016,4,37.4,25.65,10.86
107016,JESUS,2016,5,4.0,26.98,8.44
107016,JESUS,2016,6,5.6,25.73,6.64
107016,JESUS,2016,7,0.1,26.28,5.35
107016,JESUS,2016,8,0.4,25.94,6.72
107016,JESUS,2016,9,19.8,25.94,8.68
107016,JESUS,2016,10,47.5,25.15,9.3
107016,JESUS,2016,11,20.7,25.6,6.69
107016,JESUS,2016,12,126.3,23.4,10.67
107016,JESUS,2017,1,113.4,22.61,10.64
107016,JESUS,2017,2,43.2,22.91,10.52
107016,JESUS,2017,3,203.0,22.25,11.66
107016,JESUS,2017,4,96.8,23.43,10.65
107016,JESUS,2017,5,33.6,24.31,9.63
107016,JESUS,2017,6,34.5,25.52,7.34
107016,JESUS,2017,7,0.0,25.84,5.3
107016,JESUS,2017,8,21.1,25.14,7.19
107016,JESUS,2017,9,13.3,25.14,8.87
107016,JESUS,2017,10,78.6,25.08,9.54
107016,JESUS,2017,11,34.2,24.67,8.7
107016,JESUS,2017,12,108.0,23.03,10.63
107016,JESUS,2018,1,59.9,22.65,9.83
107016,JESUS,2018,2,101.6,23.4,9.73
107016,JESUS,2018,3,110.8,22.2,10.71
107016,JESUS,2018,4,62.2,23.22,9.53
107016,JESUS,2018,5,60.1,23.79,8.7
107016,JESUS,2018,6,2.6,24.23,5.69
107016,JESUS,2018,7,0.0,23.54,6.25
107016,JESUS,2018,8,0.0,24.44,6.81
107016,JESUS,2018,9,22.6,25.48,7.05
107016,JESUS,2018,10,67.0,23.71,9.11
107016,JESUS,2018,11,100.7,23.24,10.04
107016,JESUS,2018,12,79.4,23.44,8.46
107016,JESUS,2019,1,47.2,23.86,10.1
107016,JESUS,2019,2,158.9,23.69,11.68
107016,JESUS,2019,3,214.2,23.3,11.17
107016,JESUS,2019,4,52.9,24.35,9.85
107016,JESUS,2019,5,27.3,25.27,8.25
107016,JESUS,2019,6,3.2,25.83,6.86
107016,JESUS,2019,7,3.8,24.99,5.57
107016,JESUS,2019,8,0.0,25.85,4.79
107016,JESUS,2019,9,12.6,25.17,6.77
107016,JESUS,2019,10,97.8,24.06,9.31
107016,JESUS,2019,11,73.2,23.35,9.26
107016,JESUS,2019,12,152.6,23.41,10.41
107016,JESUS,2020,1,31.0,24.16,9.22
107016,JESUS,2020,2,40.4,24.32,10.53
107016,JESUS,2020,3,-999.0,-999.0,-999.0
107016,JESUS,2020,4,-999.0,-999.0,-999.0
107016,JESUS,2020,5,-999.0,-999.0,-999.0
107016,JESUS,2020,6,-999.0,-999.0,-999.0
107016,JESUS,2020,7,-999.0,-999.0,-999.0
107016,JESUS,2020,8,0.9,25.78,6.89
107016,JESUS,2020,9,12.0,25.24,8.57
107016,JESUS,2020,10,18.6,24.89,9.17
107016,JESUS,2020,11,50.9,25.16,9.23
107016,JESUS,2020,12,126.6,22.16,11.02
107016,JESUS,2021,1,98.1,22.45,11.35
107016,JESUS,2021,2,56.5,24.01,9.63
107016,JESUS,2021,3,144.9,21.81,10.83
107016,JESUS,2021,4,58.7,23.75,10.59
107016,JESUS,2021,5,49.9,23.99,9.08
107016,JESUS,2021,6,8.2,24.48,8.33
107016,JESUS,2021,7,4.8,24.58,5.37
107016,JESUS,2021,8,10.5,25.27,7.61
107016,JESUS,2021,9,11.0,25.18,9.13
107016,JESUS,2021,10,118.3,24.4,11.17
107016,JESUS,2021,11,86.8,22.49,11.18
107016,JESUS,2021,12,64.7,23.6,10.52
107016,JESUS,2022,1,67.8,23.63,10.31
107016,JESUS,2022,2,144.3,22.08,11.23
107016,JESUS,2022,3,147.8,22.32,10.67
107016,JESUS,2022,4,86.3,23.59,10.63
107016,JESUS,2022,5,18.2,24.65,8.77
107016,JESUS,2022,6,11.4,24.44,7.53
107016,JESUS,2022,7,1.5,25.54,7.1
107016,JESUS,2022,8,10.5,24.79,7.49
107016,JESUS,2022,9,41.7,24.72,8.07
107016,JESUS,2022,10,36.0,24.51,9.48
107016,JESUS,2022,11,11.5,25.15,8.74
107016,JESUS,2022,12,91.3,23.35,9.58
107016,JESUS,2023,1,92.2,22.66,10.33
107016,JESUS,2023,2,91.0,23.16,11.57
107016,JESUS,2023,3,123.3,22.71,10.34
107016,JESUS,2023,4,84.0,23.82,10.75
107016,JESUS,2023,5,35.0,25.63,10.2
107016,JESUS,2023,6,0.4,26.66,6.2
107016,JESUS,2023,7,0.3,27.52,6.66
107016,JESUS,2023,8,3.4,27.02,6.87
107016,JESUS,2023,9,15.9,27.32,8.88
107016,JESUS,2023,10,129.3,24.59,11.2
107016,JESUS,2023,11,80.8,24.19,10.85
107016,JESUS,2023,12,145.9,23.69,12.91
107016,JESUS,2024,1,43.3,24.56,12.18
107016,JESUS,2024,2,71.5,24.68,11.42
107016,JESUS,2024,3,77.0,25.02,11.43
107016,JESUS,2024,4,89.3,25.52,11.85
107016,JESUS,2024,5,16.7,26.4,9.75
107016,JESUS,2024,6,7.4,26.29,7.79
107016,JESUS,2024,7,9.3,26.7,6.29
107016,JESUS,2024,8,0.2,26.43,7.19
107016,JESUS,2024,9,22.0,27.12,8.07
107016,JESUS,2024,10,41.4,26.55,10.82
107016,JESUS,2024,11,37.8,24.51,9.49
107016,JESUS,2024,12,108.7,23.56,12.26
107016,JESUS,2025,1,108.5,22.48,11.07
107016,JESUS,2025,2,181.4,22.31,12.42
107016,JESUS,2025,3,119.9,22.78,11.44
107016,JESUS,2025,4,143.7,23.81,11.54
107016,JESUS,2025,5,18.9,24.73,9.39
107016,JESUS,2025,6,33.8,24.1,8.75
107016,JESUS,2025,7,0.0,24.58,5.73
107016,JESUS,2025,8,2.8,24.93,7.7
107016,JESUS,2025,9,20.1,25.3,9.08
107016,JESUS,2025,10,45.6,24.73,11.01
107016,JESUS,2025,11,69.1,24.28,11.42
107016,JESUS,2025,12,21.9,24.54,7.11
