CODIGO,ESTACION,YEAR,MONTH,PP,TMAX,TMIN
107093,LA ENCAÑADA,1990,1,-999.0,-999.0,-999.0
107093,LA ENCAÑADA,1990,2,-999.0,-999.0,-999.0
107093,LA ENCAÑADA,1990,3,-999.0,-999.0,-999.0
107093,LA ENCAÑADA,1990,4,-999.0,-999.0,-999.0
107093,LA ENCAÑADA,1990,5,-999.0,-999.0,-999.0
107093,LA ENCAÑADA,1990,6,-999.0,-999.0,-999.0
107093,LA ENCAÑADA,1990,7,-999.0,-999.0,-999.0
107093,LA ENCAÑADA,1990,8,-999.0,-999.0,-999.0
107093,LA ENCAÑADA,1990,9,-999.0,-999.0,-999.0
107093,LA ENCAÑADA,1990,10,-999.0,-999.0,-999.0
107093,LA ENCAÑADA,1990,11,-999.0,-999.0,-999.0
107093,LA ENCAÑADA,1990,12,-999.0,-999.0,-999.0
107093,LA ENCAÑADA,1991,1,-999.0,-999.0,-999.0
107093,LA ENCAÑADA,1991,2,-999.0,-999.0,-999.0
107093,LA ENCAÑADA,1991,3,-999.0,-999.0,-999.0
107093,LA ENCAÑADA,1991,4,-999.0,-999.0,-999.0
107093,LA ENCAÑADA,1991,5,-999.0,-999.0,-999.0
107093,LA ENCAÑADA,1991,6,-999.0,-999.0,-999.0
107093,LA ENCAÑADA,1991,7,-999.0,-999.0,-999.0
107093,LA ENCAÑADA,1991,8,-999.0,-999.0,-999.0
107093,LA ENCAÑADA,1991,9,-999.0,-999.0,-999.0
107093,LA ENCAÑADA,1991,10,-999.0,-999.0,-999.0
107093,LA ENCAÑADA,1991,11,-999.0,-999.0,-999.0
107093,LA ENCAÑADA,1991,12,-999.0,-999.0,-999.0
107093,LA ENCAÑADA,1992,1,-999.0,-999.0,-999.0
107093,LA ENCAÑADA,1992,2,-999.0,-999.0,-999.0
107093,LA ENCAÑADA,1992,3,-999.0,-999.0,-999.0
107093,LA ENCAÑADA,1992,4,-999.0,-999.0,-999.0
107093,LA ENCAÑADA,1992,5,-999.0,-999.0,-999.0
107093,LA ENCAÑADA,1992,6,-999.0,-999.0,-999.0
107093,LA ENCAÑADA,1992,7,-999.0,-999.0,-999.0
107093,LA ENCAÑADA,1992,8,-999.0,-999.0,-999.0
107093,LA ENCAÑADA,1992,9,-999.0,-999.0,-999.0
107093,LA ENCAÑADA,1992,10,-999.0,-999.0,-999.0
107093,LA ENCAÑADA,1992,11,-999.0,-999.0,-999.0
107093,LA ENCAÑADA,1992,12,-999.0,-999.0,-999.0
107093,LA ENCAÑADA,1993,1,-999.0,-999.0,-999.0
107093,LA ENCAÑADA,1993,2,-999.0,-999.0,-999.0
107093,LA ENCAÑADA,1993,3,-999.0,-999.0,-999.0
107093,LA ENCAÑADA,1993,4,-999.0,-999.0,-999.0
107093,LA ENCAÑADA,1993,5,-999.0,-999.0,-999.0
107093,LA ENCAÑADA,1993,6,-999.0,-999.0,-999.0
107093,LA ENCAÑADA,1993,7,-999.0,-999.0,-999.0
107093,LA ENCAÑADA,1993,8,-999.0,-999.0,-999.0
107093,LA ENCAÑADA,1993,9,-999.0,-999.0,-999.0
107093,LA ENCAÑADA,1993,10,-999.0,-999.0,-999.0
107093,LA ENCAÑADA,1993,11,-999.0,-999.0,-999.0
107093,LA ENCAÑADA,1993,12,-999.0,-999.0,-999.0
107093,LA ENCAÑADA,1994,1,-999.0,-999.0,-999.0
107093,LA ENCAÑADA,1994,2,-999.0,-999.0,-999.0
107093,LA ENCAÑADA,1994,3,-999.0,-999.0,-999.0
107093,LA ENCAÑADA,1994,4,-999.0,-999.0,-999.0
107093,LA ENCAÑADA,1994,5,-999.0,-999.0,-999.0
107093,LA ENCAÑADA,1994,6,-999.0,-999.0,-999.0
107093,LA ENCAÑADA,1994,7,-999.0,-999.0,-999.0
107093,LA ENCAÑADA,1994,8,-999.0,-999.0,-999.0
107093,LA ENCAÑADA,1994,9,-999.0,-999.0,-999.0
107093,LA ENCAÑADA,1994,10,-999.0,-999.0,-999.0
107093,LA ENCAÑADA,1994,11,-999.0,-999.0,-999.0
107093,LA ENCAÑADA,1994,12,-999.0,-999.0,-999.0
107093,LA ENCAÑADA,1995,1,-999.0,-999.0,-999.0
107093,LA ENCAÑADA,1995,2,-999.0,-999.0,-999.0
107093,LA ENCAÑADA,1995,3,-999.0,-999.0,-999.0
107093,LA ENCAÑADA,1995,4,-999.0,-999.0,-999.0
107093,LA ENCAÑADA,1995,5,-999.0,-999.0,-999.0
107093,LA ENCAÑADA,1995,6,-999.0,-999.0,-999.0
107093,LA ENCAÑADA,1995,7,-999.0,-999.0,-999.0
107093,LA ENCAÑADA,1995,8,-999.0,-999.0,-999.0
107093,LA ENCAÑADA,1995,9,-999.0,-999.0,-999.0
107093,LA ENCAÑADA,1995,10,-999.0,-999.0,-999.0
107093,LA ENCAÑADA,1995,11,-999.0,-999.0,-999.0
107093,LA ENCAÑADA,1995,12,-999.0,-999.0,-999.0
107093,LA ENCAÑADA,1996,1,-999.0,-999.0,-999.0
107093,LA ENCAÑADA,1996,2,-999.0,-999.0,-999.0
107093,LA ENCAÑADA,1996,3,-999.0,-999.0,-999.0
107093,LA ENCAÑADA,1996,4,-999.0,-999.0,-999.0
107093,LA ENCAÑADA,1996,5,-999.0,-999.0,-999.0
107093,LA ENCAÑADA,1996,6,-999.0,-999.0,-999.0
107093,LA ENCAÑADA,1996,7,-999.0,-999.0,-999.0
107093,LA ENCAÑADA,1996,8,-999.0,-999.0,-999.0
107093,LA ENCAÑADA,1996,9,-999.0,-999.0,-999.0
107093,LA ENCAÑADA,1996,10,-999.0,-999.0,-999.0
107093,LA ENCAÑADA,1996,11,-999.0,-999.0,-999.0
107093,LA ENCAÑADA,1996,12,-999.0,-999.0,-999.0
107093,LA ENCAÑADA,1997,1,-999.0,-999.0,-999.0
107093,LA ENCAÑADA,1997,2,-999.0,-999.0,-999.0
107093,LA ENCAÑADA,1997,3,-999.0,-999.0,-999.0
107093,LA ENCAÑADA,1997,4,-999.0,-999.0,-999.0
107093,LA ENCAÑADA,1997,5,-999.0,-999.0,-999.0
107093,LA ENCAÑADA,1997,6,-999.0,-999.0,-999.0
107093,LA ENCAÑADA,1997,7,-999.0,-999.0,-999.0
107093,LA ENCAÑADA,1997,8,-999.0,-999.0,-999.0
107093,LA ENCAÑADA,1997,9,-999.0,-999.0,-999.0
107093,LA ENCAÑADA,1997,10,81.1,-999.0,-999.0
107093,LA ENCAÑADA,1997,11,182.5,-999.0,-999.0
107093,LA ENCAÑADA,1997,12,148.1,-999.0,-999.0
107093,LA ENCAÑADA,1998,1,102.2,-999.0,-999.0
107093,LA ENCAÑADA,1998,2,196.0,-999.0,-999.0
107093,LA ENCAÑADA,1998,3,223.3,-999.0,-999.0
107093,LA ENCAÑADA,1998,4,181.7,-999.0,-999.0
107093,LA ENCAÑADA,1998,5,71.5,-999.0,-999.0
107093,LA ENCAÑADA,1998,6,6.2,-999.0,-999.0
107093,LA ENCAÑADA,1998,7,0.5,-999.0,-999.0
107093,LA ENCAÑADA,1998,8,8.4,-999.0,-999.0
107093,LA ENCAÑADA,1998,9,36.3,-999.0,-999.0
107093,LA ENCAÑADA,1998,10,132.7,-999.0,-999.0
107093,LA ENCAÑADA,1998,11,40.4,-999.0,-999.0
107093,LA ENCAÑADA,1998,12,86.6,-999.0,-999.0
107093,LA ENCAÑADA,1999,1,115.3,-999.0,-999.0
107093,LA ENCAÑADA,1999,2,294.8,-999.0,-999.0
107093,LA ENCAÑADA,1999,3,108.7,-999.0,-999.0
107093,LA ENCAÑADA,1999,4,99.7,-999.0,-999.0
107093,LA ENCAÑADA,1999,5,102.8,-999.0,-999.0
107093,LA ENCAÑADA,1999,6,62.9,-999.0,-999.0
107093,LA ENCAÑADA,1999,7,11.0,-999.0,-999.0
107093,LA ENCAÑADA,1999,8,9.3,-999.0,-999.0
107093,LA ENCAÑADA,1999,9,132.8,-999.0,-999.0
107093,LA ENCAÑADA,1999,10,30.3,-999.0,-999.0
107093,LA ENCAÑADA,1999,11,125.3,-999.0,-999.0
107093,LA ENCAÑADA,1999,12,143.4,-999.0,-999.0
107093,LA ENCAÑADA,2000,1,46.9,-999.0,-999.0
107093,LA ENCAÑADA,2000,2,155.9,-999.0,-999.0
107093,LA ENCAÑADA,2000,3,184.7,-999.0,-999.0
107093,LA ENCAÑADA,2000,4,106.7,-999.0,-999.0
107093,LA ENCAÑADA,2000,5,89.7,-999.0,-999.0
107093,LA ENCAÑADA,2000,6,18.2,-999.0,-999.0
107093,LA ENCAÑADA,2000,7,0.9,-999.0,-999.0
107093,LA ENCAÑADA,2000,8,20.0,-999.0,-999.0
107093,LA ENCAÑADA,2000,9,88.1,-999.0,-999.0
107093,LA ENCAÑADA,2000,10,4.7,-999.0,-999.0
107093,LA ENCAÑADA,2000,11,50.4,-999.0,-999.0
107093,LA ENCAÑADA,2000,12,117.4,-999.0,-999.0
107093,LA ENCAÑADA,2001,1,238.0,-999.0,-999.0
107093,LA ENCAÑADA,2001,2,72.4,-999.0,-999.0
107093,LA ENCAÑADA,2001,3,203.8,-999.0,-999.0
107093,LA ENCAÑADA,2001,4,105.1,-999.0,-999.0
107093,LA ENCAÑADA,2001,5,60.7,-999.0,-999.0
107093,LA ENCAÑADA,2001,6,0.5,-999.0,-999.0
107093,LA ENCAÑADA,2001,7,2.7,-999.0,-999.0
107093,LA ENCAÑADA,2001,8,0.8,-999.0,-999.0
107093,LA ENCAÑADA,2001,9,30.9,-999.0,-999.0
107093,LA ENCAÑADA,2001,10,129.3,-999.0,-999.0
107093,LA ENCAÑADA,2001,11,101.8,-999.0,-999.0
107093,LA ENCAÑADA,2001,12,86.4,-999.0,-999.0
107093,LA ENCAÑADA,2002,1,42.9,-999.0,-999.0
107093,LA ENCAÑADA,2002,2,89.4,-999.0,-999.0
107093,LA ENCAÑADA,2002,3,241.1,-999.0,-999.0
107093,LA ENCAÑADA,2002,4,117.7,-999.0,-999.0
107093,LA ENCAÑADA,2002,5,12.6,-999.0,-999.0
107093,LA ENCAÑADA,2002,6,14.1,-999.0,-999.0
107093,LA ENCAÑADA,2002,7,4.4,-999.0,-999.0
107093,LA ENCAÑADA,2002,8,1.1,-999.0,-999.0
107093,LA ENCAÑADA,2002,9,22.3,-999.0,-999.0
107093,LA ENCAÑADA,2002,10,156.3,-999.0,-999.0
107093,LA ENCAÑADA,2002,11,-999.0,-999.0,-999.0
107093,LA ENCAÑADA,2002,12,-999.0,-999.0,-999.0
107093,LA ENCAÑADA,2003,1,33.1,20.27,9.17
107093,LA ENCAÑADA,2003,2,80.6,20.14,8.48
107093,LA ENCAÑADA,2003,3,145.5,18.77,8.05
107093,LA ENCAÑADA,2003,4,93.0,18.8,7.91
107093,LA ENCAÑADA,2003,5,37.8,18.75,6.63
107093,LA ENCAÑADA,2003,6,38.3,19.01,5.15
107093,LA ENCAÑADA,2003,7,0.0,19.41,4.03
107093,LA ENCAÑADA,2003,8,9.9,19.98,4.99
107093,LA ENCAÑADA,2003,9,41.9,20.6,6.12
107093,LA ENCAÑADA,2003,10,93.8,20.08,7.16
107093,LA ENCAÑADA,2003,11,124.4,19.73,7.77
107093,LA ENCAÑADA,2003,12,85.0,18.6,8.22
107093,LA ENCAÑADA,2004,1,95.4,19.91,5.57
107093,LA ENCAÑADA,2004,2,72.5,18.59,8.69
107093,LA ENCAÑADA,2004,3,54.6,19.33,8.37
107093,LA ENCAÑADA,2004,4,91.1,19.01,6.74
107093,LA ENCAÑADA,2004,5,39.8,19.38,5.52
107093,LA ENCAÑADA,2004,6,5.8,18.4,4.84
107093,LA ENCAÑADA,2004,7,21.7,18.02,5.55
107093,LA ENCAÑADA,2004,8,0.5,19.01,5.18
107093,LA ENCAÑADA,2004,9,44.2,19.71,6.1
107093,LA ENCAÑADA,2004,10,173.2,19.41,8.01
107093,LA ENCAÑADA,2004,11,108.5,19.01,8.18
107093,LA ENCAÑADA,2004,12,171.2,18.66,8.64
107093,LA ENCAÑADA,2005,1,119.6,19.09,7.38
107093,LA ENCAÑADA,2005,2,107.1,19.41,9.87
107093,LA ENCAÑADA,2005,3,260.8,18.01,9.59
107093,LA ENCAÑADA,2005,4,51.2,18.98,8.0
107093,LA ENCAÑADA,2005,5,42.0,19.47,4.57
107093,LA ENCAÑADA,2005,6,12.4,19.74,4.75
107093,LA ENCAÑADA,2005,7,1.2,20.07,3.34
107093,LA ENCAÑADA,2005,8,7.0,19.95,5.0
107093,LA ENCAÑADA,2005,9,13.4,20.23,7.26
107093,LA ENCAÑADA,2005,10,205.5,18.64,7.94
107093,LA ENCAÑADA,2005,11,38.2,20.2,5.24
107093,LA ENCAÑADA,2005,12,145.4,18.56,7.76
107093,LA ENCAÑADA,2006,1,74.6,19.25,7.82
107093,LA ENCAÑADA,2006,2,134.7,18.32,9.61
107093,LA ENCAÑADA,2006,3,292.1,18.08,9.6
107093,LA ENCAÑADA,2006,4,124.5,18.84,6.66
107093,LA ENCAÑADA,2006,5,14.8,19.62,4.77
107093,LA ENCAÑADA,2006,6,41.8,18.67,5.97
107093,LA ENCAÑADA,2006,7,11.4,19.02,4.58
107093,LA ENCAÑADA,2006,8,4.9,19.31,6.28
107093,LA ENCAÑADA,2006,9,65.4,20.0,6.44
107093,LA ENCAÑADA,2006,10,61.2,19.86,6.75
107093,LA ENCAÑADA,2006,11,106.9,19.12,7.34
107093,LA ENCAÑADA,2006,12,91.7,19.43,9.0
107093,LA ENCAÑADA,2007,1,105.2,19.66,9.73
107093,LA ENCAÑADA,2007,2,44.8,18.42,7.48
107093,LA ENCAÑADA,2007,3,260.4,18.19,8.98
107093,LA ENCAÑADA,2007,4,140.5,18.65,7.46
107093,LA ENCAÑADA,2007,5,70.9,19.47,6.23
107093,LA ENCAÑADA,2007,6,0.0,19.03,4.44
107093,LA ENCAÑADA,2007,7,9.4,18.95,4.82
107093,LA ENCAÑADA,2007,8,5.3,19.38,4.94
107093,LA ENCAÑADA,2007,9,26.4,19.1,5.43
107093,LA ENCAÑADA,2007,10,138.0,18.99,6.72
107093,LA ENCAÑADA,2007,11,127.5,18.38,8.86
107093,LA ENCAÑADA,2007,12,98.1,19.01,6.73
107093,LA ENCAÑADA,2008,1,104.1,18.17,8.92
107093,LA ENCAÑADA,2008,2,149.0,17.97,8.69
107093,LA ENCAÑADA,2008,3,175.9,17.29,7.92
107093,LA ENCAÑADA,2008,4,151.5,17.84,7.77
107093,LA ENCAÑADA,2008,5,44.0,18.65,6.04
107093,LA ENCAÑADA,2008,6,15.2,18.75,4.19
107093,LA ENCAÑADA,2008,7,9.2,18.24,4.23
107093,LA ENCAÑADA,2008,8,22.6,19.16,5.25
107093,LA ENCAÑADA,2008,9,53.7,18.89,6.66
107093,LA ENCAÑADA,2008,10,140.9,17.87,7.67
107093,LA ENCAÑADA,2008,11,119.7,18.56,7.68
107093,LA ENCAÑADA,2008,12,37.7,19.49,6.36
107093,LA ENCAÑADA,2009,1,222.7,17.94,9.2
107093,LA ENCAÑADA,2009,2,70.9,17.78,8.98
107093,LA ENCAÑADA,2009,3,215.2,17.97,9.04
107093,LA ENCAÑADA,2009,4,122.8,18.39,8.68
107093,LA ENCAÑADA,2009,5,75.2,19.05,6.44
107093,LA ENCAÑADA,2009,6,9.3,18.89,5.17
107093,LA ENCAÑADA,2009,7,12.5,18.52,5.33
107093,LA ENCAÑADA,2009,8,10.5,19.46,6.43
107093,LA ENCAÑADA,2009,9,6.8,19.97,6.92
107093,LA ENCAÑADA,2009,10,90.0,19.82,7.72
107093,LA ENCAÑADA,2009,11,115.3,19.57,6.99
107093,LA ENCAÑADA,2009,12,66.6,19.22,8.87
107093,LA ENCAÑADA,2010,1,70.0,18.87,9.2
107093,LA ENCAÑADA,2010,2,94.8,19.91,8.84
107093,LA ENCAÑADA,2010,3,184.3,19.85,9.7
107093,LA ENCAÑADA,2010,4,123.0,20.43,7.55
107093,LA ENCAÑADA,2010,5,39.8,19.99,6.7
107093,LA ENCAÑADA,2010,6,11.8,20.12,5.2
107093,LA ENCAÑADA,2010,7,7.7,20.72,3.26
107093,LA ENCAÑADA,2010,8,0.0,20.22,3.87
107093,LA ENCAÑADA,2010,9,35.7,19.87,5.91
107093,LA ENCAÑADA,2010,10,100.0,19.34,5.81
107093,LA ENCAÑADA,2010,11,98.9,19.27,6.1
107093,LA ENCAÑADA,2010,12,94.0,18.43,7.57
107093,LA ENCAÑADA,2011,1,66.4,18.69,7.55
107093,LA ENCAÑADA,2011,2,96.8,18.55,7.39
107093,LA ENCAÑADA,2011,3,153.6,17.34,7.15
107093,LA ENCAÑADA,2011,4,139.6,18.39,7.6
107093,LA ENCAÑADA,2011,5,32.9,19.3,5.64
107093,LA ENCAÑADA,2011,6,0.4,19.1,5.17
107093,LA ENCAÑADA,2011,7,13.1,18.62,4.55
107093,LA ENCAÑADA,2011,8,0.0,19.48,5.5
107093,LA ENCAÑADA,2011,9,51.2,18.27,6.4
107093,LA ENCAÑADA,2011,10,47.9,19.07,6.22
107093,LA ENCAÑADA,2011,11,93.8,19.19,7.92
107093,LA ENCAÑADA,2011,12,149.5,18.23,-999.0
107093,LA ENCAÑADA,2012,1,166.1,18.56,-999.0
107093,LA ENCAÑADA,2012,2,101.5,18.39,-999.0
107093,LA ENCAÑADA,2012,3,108.0,18.71,-999.0
107093,LA ENCAÑADA,2012,4,108.3,18.39,7.21
107093,LA ENCAÑADA,2012,5,59.7,18.55,6.21
107093,LA ENCAÑADA,2012,6,10.6,18.54,4.31
107093,LA ENCAÑADA,2012,7,0.0,18.85,4.43
107093,LA ENCAÑADA,2012,8,7.7,19.51,4.84
107093,LA ENCAÑADA,2012,9,1.5,19.56,5.73
107093,LA ENCAÑADA,2012,10,169.6,18.28,7.16
107093,LA ENCAÑADA,2012,11,153.0,18.81,7.79
107093,LA ENCAÑADA,2012,12,56.0,19.46,6.51
107093,LA ENCAÑADA,2013,1,44.5,19.46,8.09
107093,LA ENCAÑADA,2013,2,96.9,18.99,6.92
107093,LA ENCAÑADA,2013,3,181.5,18.81,8.45
107093,LA ENCAÑADA,2013,4,39.4,19.44,6.65
107093,LA ENCAÑADA,2013,5,114.7,18.59,5.9
107093,LA ENCAÑADA,2013,6,11.2,18.13,4.99
107093,LA ENCAÑADA,2013,7,3.6,18.28,3.31
107093,LA ENCAÑADA,2013,8,19.1,18.87,3.67
107093,LA ENCAÑADA,2013,9,0.0,20.01,4.2
107093,LA ENCAÑADA,2013,10,157.0,18.79,7.21
107093,LA ENCAÑADA,2013,11,39.5,20.1,4.48
107093,LA ENCAÑADA,2013,12,94.5,19.36,6.59
107093,LA ENCAÑADA,2014,1,90.3,19.27,7.07
107093,LA ENCAÑADA,2014,2,138.9,19.26,8.11
107093,LA ENCAÑADA,2014,3,175.4,18.51,8.11
107093,LA ENCAÑADA,2014,4,95.3,19.09,5.7
107093,LA ENCAÑADA,2014,5,79.8,18.9,6.39
107093,LA ENCAÑADA,2014,6,0.0,19.54,3.66
107093,LA ENCAÑADA,2014,7,0.3,19.08,4.17
107093,LA ENCAÑADA,2014,8,0.6,19.08,3.45
107093,LA ENCAÑADA,2014,9,44.1,18.9,5.56
107093,LA ENCAÑADA,2014,10,91.9,19.17,6.27
107093,LA ENCAÑADA,2014,11,100.1,19.71,5.94
107093,LA ENCAÑADA,2014,12,135.9,19.44,7.36
107093,LA ENCAÑADA,2015,1,188.3,18.41,7.78
107093,LA ENCAÑADA,2015,2,71.4,18.88,6.82
107093,LA ENCAÑADA,2015,3,260.7,18.65,8.51
107093,LA ENCAÑADA,2015,4,70.4,18.98,7.33
107093,LA ENCAÑADA,2015,5,104.1,19.01,6.58
107093,LA ENCAÑADA,2015,6,3.3,18.83,5.24
107093,LA ENCAÑADA,2015,7,5.3,19.39,3.74
107093,LA ENCAÑADA,2015,8,0.0,19.97,3.95
107093,LA ENCAÑADA,2015,9,3.0,20.59,6.58
107093,LA ENCAÑADA,2015,10,27.8,20.43,6.15
107093,LA ENCAÑADA,2015,11,170.5,20.02,5.83
107093,LA ENCAÑADA,2015,12,23.2,20.37,7.87
107093,LA ENCAÑADA,2016,1,138.7,21.35,7.05
107093,LA ENCAÑADA,2016,2,95.2,20.05,9.2
107093,LA ENCAÑADA,2016,3,125.2,20.01,7.83
107093,LA ENCAÑADA,2016,4,72.3,20.04,6.84
107093,LA ENCAÑADA,2016,5,3.2,21.13,4.44
107093,LA ENCAÑADA,2016,6,23.1,19.41,3.43
107093,LA ENCAÑADA,2016,7,0.8,20.03,2.62
107093,LA ENCAÑADA,2016,8,0.6,20.15,4.53
107093,LA ENCAÑADA,2016,9,61.7,19.89,5.99
107093,LA ENCAÑADA,2016,10,85.1,20.71,5.95
107093,LA ENCAÑADA,2016,11,8.2,22.27,3.43
107093,LA ENCAÑADA,2016,12,197.1,19.27,7.88
107093,LA ENCAÑADA,2017,1,105.9,18.98,8.15
107093,LA ENCAÑADA,2017,2,101.1,19.36,7.81
107093,LA ENCAÑADA,2017,3,276.2,18.56,8.53
107093,LA ENCAÑADA,2017,4,93.2,19.18,8.1
107093,LA ENCAÑADA,2017,5,69.6,18.95,6.58
107093,LA ENCAÑADA,2017,6,18.4,19.39,4.41
107093,LA ENCAÑADA,2017,7,3.2,18.92,4.04
107093,LA ENCAÑADA,2017,8,27.7,20.01,4.71
107093,LA ENCAÑADA,2017,9,13.8,19.9,6.69
107093,LA ENCAÑADA,2017,10,103.3,20.39,7.04
107093,LA ENCAÑADA,2017,11,41.6,20.85,6.22
107093,LA ENCAÑADA,2017,12,130.8,19.61,8.26
107093,LA ENCAÑADA,2018,1,98.3,19.05,7.53
107093,LA ENCAÑADA,2018,2,187.0,19.6,7.3
107093,LA ENCAÑADA,2018,3,76.8,19.11,8.48
107093,LA ENCAÑADA,2018,4,146.1,18.86,7.15
107093,LA ENCAÑADA,2018,5,144.9,18.5,5.77
107093,LA ENCAÑADA,2018,6,6.3,18.82,4.11
107093,LA ENCAÑADA,2018,7,0.0,18.86,4.39
107093,LA ENCAÑADA,2018,8,0.0,19.14,5.76
107093,LA ENCAÑADA,2018,9,56.3,20.46,4.88
107093,LA ENCAÑADA,2018,10,107.5,19.74,6.93
107093,LA ENCAÑADA,2018,11,207.2,19.85,8.15
107093,LA ENCAÑADA,2018,12,52.6,19.54,6.33
107093,LA ENCAÑADA,2019,1,53.1,20.1,8.25
107093,LA ENCAÑADA,2019,2,133.5,19.63,9.61
107093,LA ENCAÑADA,2019,3,199.4,19.19,9.38
107093,LA ENCAÑADA,2019,4,152.1,19.62,7.24
107093,LA ENCAÑADA,2019,5,56.2,19.67,5.58
107093,LA ENCAÑADA,2019,6,15.4,19.37,5.26
107093,LA ENCAÑADA,2019,7,7.2,18.92,3.85
107093,LA ENCAÑADA,2019,8,0.0,19.59,3.13
107093,LA ENCAÑADA,2019,9,19.0,19.62,6.58
107093,LA ENCAÑADA,2019,10,134.9,19.07,8.18
107093,LA ENCAÑADA,2019,11,82.2,19.74,7.56
107093,LA ENCAÑADA,2019,12,171.5,19.42,9.35
107093,LA ENCAÑADA,2020,1,67.6,20.06,7.98
107093,LA ENCAÑADA,2020,2,50.6,20.62,8.54
107093,LA ENCAÑADA,2020,3,114.7,20.05,8.35
107093,LA ENCAÑADA,2020,4,74.5,19.74,7.79
107093,LA ENCAÑADA,2020,5,47.5,20.33,6.11
107093,LA ENCAÑADA,2020,6,19.8,20.56,4.69
107093,LA ENCAÑADA,2020,7,41.1,19.76,4.35
107093,LA ENCAÑADA,2020,8,1.0,20.52,3.41
107093,LA ENCAÑADA,2020,9,19.3,20.03,5.53
107093,LA ENCAÑADA,2020,10,45.1,20.19,5.99
107093,LA ENCAÑADA,2020,11,112.3,20.27,5.98
107093,LA ENCAÑADA,2020,12,207.8,18.71,7.99
107093,LA ENCAÑADA,2021,1,116.5,18.35,8.22
107093,LA ENCAÑADA,2021,2,89.7,20.23,5.74
107093,LA ENCAÑADA,2021,3,242.4,18.15,7.28
107093,LA ENCAÑADA,2021,4,110.4,19.3,6.65
107093,LA ENCAÑADA,2021,5,80.9,19.11,6.03
107093,LA ENCAÑADA,2021,6,24.1,18.69,4.1
107093,LA ENCAÑADA,2021,7,2.1,19.19,2.45
107093,LA ENCAÑADA,2021,8,14.3,19.53,3.94
107093,LA ENCAÑADA,2021,9,16.0,19.95,5.47
107093,LA ENCAÑADA,2021,10,210.7,19.93,7.55
107093,LA ENCAÑADA,2021,11,160.6,19.28,8.19
107093,LA ENCAÑADA,2021,12,114.5,19.62,7.06
107093,LA ENCAÑADA,2022,1,73.8,19.76,6.55
107093,LA ENCAÑADA,2022,2,220.3,18.78,7.92
107093,LA ENCAÑADA,2022,3,299.4,18.69,6.64
107093,LA ENCAÑADA,2022,4,132.8,18.95,7.01
107093,LA ENCAÑADA,2022,5,46.4,19.1,4.76
107093,LA ENCAÑADA,2022,6,59.6,19.0,3.73
107093,LA ENCAÑADA,2022,7,7.0,19.25,3.55
107093,LA ENCAÑADA,2022,8,11.4,19.29,2.81
107093,LA ENCAÑADA,2022,9,36.4,19.81,3.63
107093,LA ENCAÑADA,2022,10,109.1,20.42,5.41
107093,LA ENCAÑADA,2022,11,8.0,20.77,4.08
107093,LA ENCAÑADA,2022,12,121.1,19.83,4.94
107093,LA ENCAÑADA,2023,1,263.2,18.74,6.36
107093,LA ENCAÑADA,2023,2,186.4,19.5,8.0
107093,LA ENCAÑADA,2023,3,184.6,18.69,6.15
107093,LA ENCAÑADA,2023,4,129.9,18.69,5.62
107093,LA ENCAÑADA,2023,5,56.2,19.75,5.93
107093,LA ENCAÑADA,2023,6,5.0,19.34,2.5
107093,LA ENCAÑADA,2023,7,4.3,20.47,2.01
107093,LA ENCAÑADA,2023,8,9.0,20.7,2.95
107093,LA ENCAÑADA,2023,9,16.8,21.09,5.61
107093,LA ENCAÑADA,2023,10,168.8,19.53,6.27
107093,LA ENCAÑADA,2023,11,69.1,20.14,5.81
107093,LA ENCAÑADA,2023,12,190.1,19.52,8.61
107093,LA ENCAÑADA,2024,1,137.3,19.69,8.59
107093,LA ENCAÑADA,2024,2,83.3,20.36,7.3
107093,LA ENCAÑADA,2024,3,69.0,20.56,8.57
107093,LA ENCAÑADA,2024,4,163.3,19.89,8.33
107093,LA ENCAÑADA,2024,5,69.3,20.49,6.28
107093,LA ENCAÑADA,2024,6,29.4,20.33,4.44
107093,LA ENCAÑADA,2024,7,9.8,20.3,3.65
107093,LA ENCAÑADA,2024,8,0.0,20.7,4.39
107093,LA ENCAÑADA,2024,9,14.6,20.95,5.32
107093,LA ENCAÑADA,2024,10,104.7,21.27,7.08
107093,LA ENCAÑADA,2024,11,36.9,21.07,5.91
107093,LA ENCAÑADA,2024,12,180.7,19.64,8.41
107093,LA ENCAÑADA,2025,1,186.1,19.05,8.28
107093,LA ENCAÑADA,2025,2,303.7,18.76,9.6
107093,LA ENCAÑADA,2025,3,221.2,18.57,8.33
107093,LA ENCAÑADA,2025,4,154.9,19.03,8.39
107093,LA ENCAÑADA,2025,5,31.4,19.56,5.78
107093,LA ENCAÑADA,2025,6,52.8,19.42,5.22
107093,LA ENCAÑADA,2025,7,0.4,19.35,2.9
107093,LA ENCAÑADA,2025,8,13.5,19.97,5.3
107093,LA ENCAÑADA,2025,9,19.2,19.53,7.0
107093,LA ENCAÑADA,2025,10,107.2,19.52,8.78
107093,LA ENCAÑADA,2025,11,145.8,19.69,8.92
107093,LA ENCAÑADA,2025,12,48.2,21.11,4.48
