CODIGO,ESTACION,YEAR,MONTH,PP,TMAX,TMIN
108021,PUCALLPA,1990,1,-999.0,-999.0,-999.0
108021,PUCALLPA,1990,2,-999.0,-999.0,-999.0
108021,PUCALLPA,1990,3,-999.0,-999.0,-999.0
108021,PUCALLPA,1990,4,-999.0,-999.0,-999.0
108021,PUCALLPA,1990,5,-999.0,-999.0,-999.0
108021,PUCALLPA,1990,6,-999.0,-999.0,-999.0
108021,PUCALLPA,1990,7,-999.0,-999.0,-999.0
108021,PUCALLPA,1990,8,-999.0,-999.0,-999.0
108021,PUCALLPA,1990,9,-999.0,-999.0,-999.0
108021,PUCALLPA,1990,10,-999.0,-999.0,-999.0
108021,PUCALLPA,1990,11,-999.0,-999.0,-999.0
108021,PUCALLPA,1990,12,-999.0,-999.0,-999.0
108021,PUCALLPA,1991,1,-999.0,-999.0,-999.0
108021,PUCALLPA,1991,2,-999.0,-999.0,-999.0
108021,PUCALLPA,1991,3,-999.0,-999.0,-999.0
108021,PUCALLPA,1991,4,-999.0,-999.0,-999.0
108021,PUCALLPA,1991,5,-999.0,-999.0,-999.0
108021,PUCALLPA,1991,6,-999.0,-999.0,-999.0
108021,PUCALLPA,1991,7,-999.0,-999.0,-999.0
108021,PUCALLPA,1991,8,-999.0,-999.0,-999.0
108021,PUCALLPA,1991,9,-999.0,-999.0,-999.0
108021,PUCALLPA,1991,10,-999.0,-999.0,-999.0
108021,PUCALLPA,1991,11,-999.0,-999.0,-999.0
108021,PUCALLPA,1991,12,-999.0,-999.0,-999.0
108021,PUCALLPA,1992,1,-999.0,-999.0,-999.0
108021,PUCALLPA,1992,2,-999.0,-999.0,-999.0
108021,PUCALLPA,1992,3,-999.0,-999.0,-999.0
108021,PUCALLPA,1992,4,-999.0,-999.0,-999.0
108021,PUCALLPA,1992,5,-999.0,-999.0,-999.0
108021,PUCALLPA,1992,6,-999.0,-999.0,-999.0
108021,PUCALLPA,1992,7,-999.0,-999.0,-999.0
108021,PUCALLPA,1992,8,-999.0,-999.0,-999.0
108021,PUCALLPA,1992,9,-999.0,-999.0,-999.0
108021,PUCALLPA,1992,10,-999.0,-999.0,-999.0
108021,PUCALLPA,1992,11,-999.0,-999.0,-999.0
108021,PUCALLPA,1992,12,-999.0,-999.0,-999.0
108021,PUCALLPA,1993,1,-999.0,-999.0,-999.0
108021,PUCALLPA,1993,2,-999.0,-999.0,-999.0
108021,PUCALLPA,1993,3,-999.0,-999.0,-999.0
108021,PUCALLPA,1993,4,-999.0,-999.0,-999.0
108021,PUCALLPA,1993,5,-999.0,-999.0,-999.0
108021,PUCALLPA,1993,6,-999.0,-999.0,-999.0
108021,PUCALLPA,1993,7,-999.0,-999.0,-999.0
108021,PUCALLPA,1993,8,-999.0,-999.0,-999.0
108021,PUCALLPA,1993,9,-999.0,-999.0,-999.0
108021,PUCALLPA,1993,10,-999.0,-999.0,-999.0
108021,PUCALLPA,1993,11,-999.0,-999.0,-999.0
108021,PUCALLPA,1993,12,-999.0,-999.0,-999.0
108021,PUCALLPA,1994,1,228.4,31.16,-999.0
108021,PUCALLPA,1994,2,63.6,30.56,-999.0
108021,PUCALLPA,1994,3,273.8,31.84,-999.0
108021,PUCALLPA,1994,4,196.8,30.94,-999.0
108021,PUCALLPA,1994,5,85.6,31.22,-999.0
108021,PUCALLPA,1994,6,89.6,30.85,-999.0
108021,PUCALLPA,1994,7,9.7,30.86,-999.0
108021,PUCALLPA,1994,8,0.0,-999.0,-999.0
108021,PUCALLPA,1994,9,48.8,-999.0,-999.0
108021,PUCALLPA,1994,10,254.6,32.38,-999.0
108021,PUCALLPA,1994,11,180.6,31.39,-999.0
108021,PUCALLPA,1994,12,229.3,31.43,-999.0
108021,PUCALLPA,1995,1,40.0,32.05,-999.0
108021,PUCALLPA,1995,2,119.2,-999.0,-999.0
108021,PUCALLPA,1995,3,230.6,30.57,-999.0
108021,PUCALLPA,1995,4,190.8,31.25,-999.0
108021,PUCALLPA,1995,5,66.4,30.71,-999.0
108021,PUCALLPA,1995,6,101.7,30.56,-999.0
108021,PUCALLPA,1995,7,42.7,31.9,-999.0
108021,PUCALLPA,1995,8,54.1,32.53,-999.0
108021,PUCALLPA,1995,9,62.6,33.54,-999.0
108021,PUCALLPA,1995,10,183.4,-999.0,-999.0
108021,PUCALLPA,1995,11,126.7,32.39,-999.0
108021,PUCALLPA,1995,12,179.5,31.65,-999.0
108021,PUCALLPA,1996,1,299.7,-999.0,-999.0
108021,PUCALLPA,1996,2,502.0,-999.0,-999.0
108021,PUCALLPA,1996,3,303.2,-999.0,-999.0
108021,PUCALLPA,1996,4,144.6,31.1,-999.0
108021,PUCALLPA,1996,5,104.4,-999.0,-999.0
108021,PUCALLPA,1996,6,59.8,29.8,-999.0
108021,PUCALLPA,1996,7,37.2,30.78,-999.0
108021,PUCALLPA,1996,8,104.1,32.11,-999.0
108021,PUCALLPA,1996,9,101.7,-999.0,-999.0
108021,PUCALLPA,1996,10,126.9,32.18,-999.0
108021,PUCALLPA,1996,11,208.1,-999.0,-999.0
108021,PUCALLPA,1996,12,156.0,31.26,-999.0
108021,PUCALLPA,1997,1,167.1,-999.0,-999.0
108021,PUCALLPA,1997,2,238.4,-999.0,-999.0
108021,PUCALLPA,1997,3,438.5,30.89,-999.0
108021,PUCALLPA,1997,4,185.9,31.77,-999.0
108021,PUCALLPA,1997,5,100.1,30.56,-999.0
108021,PUCALLPA,1997,6,-999.0,-999.0,-999.0
108021,PUCALLPA,1997,7,-999.0,-999.0,-999.0
108021,PUCALLPA,1997,8,50.7,31.11,-999.0
108021,PUCALLPA,1997,9,90.2,33.31,-999.0
108021,PUCALLPA,1997,10,-999.0,-999.0,-999.0
108021,PUCALLPA,1997,11,136.8,32.92,-999.0
108021,PUCALLPA,1997,12,60.5,32.69,-999.0
108021,PUCALLPA,1998,1,28.2,33.24,-999.0
108021,PUCALLPA,1998,2,120.1,32.94,-999.0
108021,PUCALLPA,1998,3,222.0,31.77,-999.0
108021,PUCALLPA,1998,4,285.9,32.44,-999.0
108021,PUCALLPA,1998,5,162.5,31.08,-999.0
108021,PUCALLPA,1998,6,44.6,30.46,-999.0
108021,PUCALLPA,1998,7,19.3,32.49,-999.0
108021,PUCALLPA,1998,8,34.1,-999.0,-999.0
108021,PUCALLPA,1998,9,199.1,-999.0,-999.0
108021,PUCALLPA,1998,10,140.8,33.0,-999.0
108021,PUCALLPA,1998,11,193.8,-999.0,-999.0
108021,PUCALLPA,1998,12,178.6,31.28,-999.0
108021,PUCALLPA,1999,1,409.0,-999.0,-999.0
108021,PUCALLPA,1999,2,302.0,30.65,-999.0
108021,PUCALLPA,1999,3,253.1,31.3,-999.0
108021,PUCALLPA,1999,4,251.2,30.58,-999.0
108021,PUCALLPA,1999,5,346.9,30.72,-999.0
108021,PUCALLPA,1999,6,45.2,30.56,-999.0
108021,PUCALLPA,1999,7,31.7,30.5,-999.0
108021,PUCALLPA,1999,8,45.2,31.3,-999.0
108021,PUCALLPA,1999,9,216.1,-999.0,-999.0
108021,PUCALLPA,1999,10,68.9,31.95,-999.0
108021,PUCALLPA,1999,11,196.6,-999.0,-999.0
108021,PUCALLPA,1999,12,240.3,-999.0,-999.0
108021,PUCALLPA,2000,1,99.7,30.93,-999.0
108021,PUCALLPA,2000,2,334.2,30.98,-999.0
108021,PUCALLPA,2000,3,219.2,31.41,-999.0
108021,PUCALLPA,2000,4,337.3,31.27,-999.0
108021,PUCALLPA,2000,5,95.5,31.47,-999.0
108021,PUCALLPA,2000,6,92.6,31.18,-999.0
108021,PUCALLPA,2000,7,92.4,-999.0,-999.0
108021,PUCALLPA,2000,8,46.7,32.4,-999.0
108021,PUCALLPA,2000,9,69.0,33.05,-999.0
108021,PUCALLPA,2000,10,100.4,-999.0,-999.0
108021,PUCALLPA,2000,11,185.2,32.46,-999.0
108021,PUCALLPA,2000,12,160.7,31.69,-999.0
108021,PUCALLPA,2001,1,222.8,-999.0,-999.0
108021,PUCALLPA,2001,2,222.1,31.38,-999.0
108021,PUCALLPA,2001,3,113.8,29.94,-999.0
108021,PUCALLPA,2001,4,192.7,-999.0,-999.0
108021,PUCALLPA,2001,5,64.9,31.28,-999.0
108021,PUCALLPA,2001,6,122.4,-999.0,-999.0
108021,PUCALLPA,2001,7,108.7,31.43,-999.0
108021,PUCALLPA,2001,8,12.8,33.08,-999.0
108021,PUCALLPA,2001,9,115.6,33.1,-999.0
108021,PUCALLPA,2001,10,152.2,34.36,-999.0
108021,PUCALLPA,2001,11,183.6,32.95,-999.0
108021,PUCALLPA,2001,12,-999.0,-999.0,-999.0
108021,PUCALLPA,2002,1,-999.0,-999.0,-999.0
108021,PUCALLPA,2002,2,-999.0,-999.0,-999.0
108021,PUCALLPA,2002,3,-999.0,-999.0,-999.0
108021,PUCALLPA,2002,4,-999.0,-999.0,-999.0
108021,PUCALLPA,2002,5,-999.0,-999.0,-999.0
108021,PUCALLPA,2002,6,-999.0,-999.0,-999.0
108021,PUCALLPA,2002,7,-999.0,-999.0,-999.0
108021,PUCALLPA,2002,8,-999.0,-999.0,-999.0
108021,PUCALLPA,2002,9,-999.0,-999.0,-999.0
108021,PUCALLPA,2002,10,-999.0,-999.0,-999.0
108021,PUCALLPA,2002,11,99.7,-999.0,-999.0
108021,PUCALLPA,2002,12,173.2,32.02,23.12
108021,PUCALLPA,2003,1,132.0,32.16,23.38
108021,PUCALLPA,2003,2,161.5,31.6,23.14
108021,PUCALLPA,2003,3,227.5,31.29,22.91
108021,PUCALLPA,2003,4,154.9,31.32,22.76
108021,PUCALLPA,2003,5,229.0,30.65,22.28
108021,PUCALLPA,2003,6,210.2,31.26,22.06
108021,PUCALLPA,2003,7,17.9,30.7,20.12
108021,PUCALLPA,2003,8,87.7,30.89,20.3
108021,PUCALLPA,2003,9,288.4,31.55,20.79
108021,PUCALLPA,2003,10,59.1,33.22,22.89
108021,PUCALLPA,2003,11,55.8,32.92,22.6
108021,PUCALLPA,2003,12,250.9,31.69,23.29
108021,PUCALLPA,2004,1,156.1,31.26,23.03
108021,PUCALLPA,2004,2,104.9,31.1,22.97
108021,PUCALLPA,2004,3,235.5,30.89,23.06
108021,PUCALLPA,2004,4,272.5,31.67,23.07
108021,PUCALLPA,2004,5,62.7,29.3,21.13
108021,PUCALLPA,2004,6,79.4,30.48,21.01
108021,PUCALLPA,2004,7,186.5,29.78,20.93
108021,PUCALLPA,2004,8,127.0,31.14,20.68
108021,PUCALLPA,2004,9,202.7,31.45,21.32
108021,PUCALLPA,2004,10,113.0,31.95,22.9
108021,PUCALLPA,2004,11,221.3,31.3,22.78
108021,PUCALLPA,2004,12,240.7,31.48,23.22
108021,PUCALLPA,2005,1,81.6,31.6,23.1
108021,PUCALLPA,2005,2,141.3,31.13,23.05
108021,PUCALLPA,2005,3,234.5,31.31,-999.0
108021,PUCALLPA,2005,4,203.7,30.75,22.86
108021,PUCALLPA,2005,5,26.0,32.12,22.24
108021,PUCALLPA,2005,6,65.8,-999.0,21.33
108021,PUCALLPA,2005,7,5.4,31.48,18.97
108021,PUCALLPA,2005,8,43.8,-999.0,21.08
108021,PUCALLPA,2005,9,28.4,-999.0,21.39
108021,PUCALLPA,2005,10,213.5,-999.0,22.74
108021,PUCALLPA,2005,11,137.4,-999.0,22.85
108021,PUCALLPA,2005,12,301.0,-999.0,22.45
108021,PUCALLPA,2006,1,133.2,-999.0,22.56
108021,PUCALLPA,2006,2,436.9,-999.0,22.28
108021,PUCALLPA,2006,3,98.7,-999.0,22.19
108021,PUCALLPA,2006,4,250.1,-999.0,22.45
108021,PUCALLPA,2006,5,22.7,-999.0,20.21
108021,PUCALLPA,2006,6,44.5,-999.0,21.15
108021,PUCALLPA,2006,7,29.8,-999.0,20.14
108021,PUCALLPA,2006,8,86.0,-999.0,20.67
108021,PUCALLPA,2006,9,18.1,-999.0,20.45
108021,PUCALLPA,2006,10,161.0,-999.0,22.06
108021,PUCALLPA,2006,11,314.2,-999.0,22.38
108021,PUCALLPA,2006,12,137.3,-999.0,22.38
108021,PUCALLPA,2007,1,49.7,-999.0,22.43
108021,PUCALLPA,2007,2,204.0,-999.0,21.88
108021,PUCALLPA,2007,3,202.5,-999.0,21.85
108021,PUCALLPA,2007,4,112.5,-999.0,21.29
108021,PUCALLPA,2007,5,266.8,-999.0,20.96
108021,PUCALLPA,2007,6,7.8,-999.0,20.53
108021,PUCALLPA,2007,7,16.8,-999.0,20.02
108021,PUCALLPA,2007,8,88.3,-999.0,20.72
108021,PUCALLPA,2007,9,40.9,-999.0,-999.0
108021,PUCALLPA,2007,10,172.9,-999.0,22.47
108021,PUCALLPA,2007,11,136.0,-999.0,22.51
108021,PUCALLPA,2007,12,170.3,-999.0,22.7
108021,PUCALLPA,2008,1,403.5,-999.0,22.53
108021,PUCALLPA,2008,2,237.5,-999.0,21.92
108021,PUCALLPA,2008,3,214.2,-999.0,22.1
108021,PUCALLPA,2008,4,227.5,-999.0,22.48
108021,PUCALLPA,2008,5,123.3,-999.0,20.99
108021,PUCALLPA,2008,6,234.1,-999.0,20.23
108021,PUCALLPA,2008,7,75.0,-999.0,21.26
108021,PUCALLPA,2008,8,33.4,-999.0,-999.0
108021,PUCALLPA,2008,9,171.4,-999.0,21.17
108021,PUCALLPA,2008,10,177.1,-999.0,22.35
108021,PUCALLPA,2008,11,153.8,-999.0,22.34
108021,PUCALLPA,2008,12,88.6,-999.0,22.46
108021,PUCALLPA,2009,1,434.4,-999.0,22.31
108021,PUCALLPA,2009,2,168.2,-999.0,22.49
108021,PUCALLPA,2009,3,138.7,-999.0,22.52
108021,PUCALLPA,2009,4,295.1,-999.0,22.47
108021,PUCALLPA,2009,5,185.4,-999.0,22.12
108021,PUCALLPA,2009,6,36.6,-999.0,21.02
108021,PUCALLPA,2009,7,27.3,-999.0,21.45
108021,PUCALLPA,2009,8,15.2,-999.0,21.43
108021,PUCALLPA,2009,9,67.8,-999.0,21.94
108021,PUCALLPA,2009,10,170.9,-999.0,22.72
108021,PUCALLPA,2009,11,94.2,-999.0,23.19
108021,PUCALLPA,2009,12,84.9,-999.0,23.4
108021,PUCALLPA,2010,1,75.1,-999.0,-999.0
108021,PUCALLPA,2010,2,168.8,-999.0,23.54
108021,PUCALLPA,2010,3,270.2,-999.0,23.57
108021,PUCALLPA,2010,4,234.9,-999.0,23.29
108021,PUCALLPA,2010,5,201.9,-999.0,22.45
108021,PUCALLPA,2010,6,14.5,-999.0,21.23
108021,PUCALLPA,2010,7,64.8,-999.0,19.71
108021,PUCALLPA,2010,8,45.8,-999.0,20.65
108021,PUCALLPA,2010,9,83.1,-999.0,22.07
108021,PUCALLPA,2010,10,75.9,-999.0,22.19
108021,PUCALLPA,2010,11,173.1,-999.0,22.56
108021,PUCALLPA,2010,12,98.3,-999.0,22.93
108021,PUCALLPA,2011,1,204.9,31.31,23.09
108021,PUCALLPA,2011,2,305.8,28.89,22.67
108021,PUCALLPA,2011,3,272.9,29.58,22.88
108021,PUCALLPA,2011,4,165.8,31.13,22.77
108021,PUCALLPA,2011,5,219.1,29.95,22.18
108021,PUCALLPA,2011,6,133.9,30.06,21.86
108021,PUCALLPA,2011,7,33.6,31.0,21.34
108021,PUCALLPA,2011,8,59.1,-999.0,21.03
108021,PUCALLPA,2011,9,150.6,32.24,22.26
108021,PUCALLPA,2011,10,260.5,31.16,22.92
108021,PUCALLPA,2011,11,177.3,31.83,23.11
108021,PUCALLPA,2011,12,390.0,30.03,23.18
108021,PUCALLPA,2012,1,137.7,30.96,23.21
108021,PUCALLPA,2012,2,177.8,29.46,-999.0
108021,PUCALLPA,2012,3,258.0,30.17,22.5
108021,PUCALLPA,2012,4,109.0,30.59,23.19
108021,PUCALLPA,2012,5,93.5,31.03,21.94
108021,PUCALLPA,2012,6,100.2,29.93,21.05
108021,PUCALLPA,2012,7,57.4,30.77,19.7
108021,PUCALLPA,2012,8,-999.0,-999.0,-999.0
108021,PUCALLPA,2012,9,-999.0,-999.0,-999.0
108021,PUCALLPA,2012,10,-999.0,-999.0,-999.0
108021,PUCALLPA,2012,11,-999.0,-999.0,-999.0
108021,PUCALLPA,2012,12,-999.0,-999.0,-999.0
108021,PUCALLPA,2013,1,234.5,31.26,23.07
108021,PUCALLPA,2013,2,251.0,30.69,23.08
108021,PUCALLPA,2013,3,170.3,30.98,23.66
108021,PUCALLPA,2013,4,95.2,31.64,22.81
108021,PUCALLPA,2013,5,71.3,30.7,22.54
108021,PUCALLPA,2013,6,58.5,30.99,22.59
108021,PUCALLPA,2013,7,65.6,30.79,20.85
108021,PUCALLPA,2013,8,79.3,31.34,20.45
108021,PUCALLPA,2013,9,200.7,32.72,21.85
108021,PUCALLPA,2013,10,191.9,32.16,22.92
108021,PUCALLPA,2013,11,296.2,31.04,22.53
108021,PUCALLPA,2013,12,88.1,31.95,22.88
108021,PUCALLPA,2014,1,180.9,30.64,22.81
108021,PUCALLPA,2014,2,90.8,30.83,22.94
108021,PUCALLPA,2014,3,164.9,29.78,22.81
108021,PUCALLPA,2014,4,246.1,30.78,22.7
108021,PUCALLPA,2014,5,70.1,30.41,22.51
108021,PUCALLPA,2014,6,232.4,31.3,22.23
108021,PUCALLPA,2014,7,34.1,30.03,20.7
108021,PUCALLPA,2014,8,100.1,31.52,20.9
108021,PUCALLPA,2014,9,5.3,33.47,22.07
108021,PUCALLPA,2014,10,233.1,32.54,22.55
108021,PUCALLPA,2014,11,406.9,31.06,22.74
108021,PUCALLPA,2014,12,142.5,31.26,23.34
108021,PUCALLPA,2015,1,-999.0,30.24,22.72
108021,PUCALLPA,2015,2,112.1,30.69,23.02
108021,PUCALLPA,2015,3,141.9,31.32,23.1
108021,PUCALLPA,2015,4,272.5,30.83,22.68
108021,PUCALLPA,2015,5,90.1,30.74,22.69
108021,PUCALLPA,2015,6,42.7,31.37,21.64
108021,PUCALLPA,2015,7,94.7,31.32,21.83
108021,PUCALLPA,2015,8,64.6,32.85,22.35
108021,PUCALLPA,2015,9,113.3,33.95,22.99
108021,PUCALLPA,2015,10,140.3,32.94,22.93
108021,PUCALLPA,2015,11,337.2,32.5,23.6
108021,PUCALLPA,2015,12,109.9,31.79,23.1
108021,PUCALLPA,2016,1,78.9,33.36,24.09
108021,PUCALLPA,2016,2,275.5,31.5,23.57
108021,PUCALLPA,2016,3,221.5,31.38,23.52
108021,PUCALLPA,2016,4,132.2,31.54,22.7
108021,PUCALLPA,2016,5,65.2,31.35,21.96
108021,PUCALLPA,2016,6,12.1,30.35,20.46
108021,PUCALLPA,2016,7,42.5,32.43,21.44
108021,PUCALLPA,2016,8,144.9,32.71,21.3
108021,PUCALLPA,2016,9,134.0,31.65,21.68
108021,PUCALLPA,2016,10,163.2,32.45,22.58
108021,PUCALLPA,2016,11,131.2,32.35,23.34
108021,PUCALLPA,2016,12,166.2,31.75,23.06
108021,PUCALLPA,2017,1,633.8,29.65,22.51
108021,PUCALLPA,2017,2,168.3,31.07,22.98
108021,PUCALLPA,2017,3,325.9,30.85,22.92
108021,PUCALLPA,2017,4,61.4,31.34,23.37
108021,PUCALLPA,2017,5,251.9,31.36,23.5
108021,PUCALLPA,2017,6,56.7,30.41,21.83
108021,PUCALLPA,2017,7,-999.0,31.43,21.48
108021,PUCALLPA,2017,8,-999.0,-999.0,-999.0
108021,PUCALLPA,2017,9,-999.0,-999.0,-999.0
108021,PUCALLPA,2017,10,-999.0,-999.0,-999.0
108021,PUCALLPA,2017,11,-999.0,-999.0,-999.0
108021,PUCALLPA,2017,12,-999.0,-999.0,-999.0
108021,PUCALLPA,2018,1,131.3,31.19,23.28
108021,PUCALLPA,2018,2,277.9,31.02,23.36
108021,PUCALLPA,2018,3,137.7,31.85,22.84
108021,PUCALLPA,2018,4,248.8,30.78,22.95
108021,PUCALLPA,2018,5,169.6,30.99,22.01
108021,PUCALLPA,2018,6,58.0,29.22,20.58
108021,PUCALLPA,2018,7,132.7,30.76,20.54
108021,PUCALLPA,2018,8,103.4,30.09,20.52
108021,PUCALLPA,2018,9,57.7,33.47,21.96
108021,PUCALLPA,2018,10,251.1,32.07,22.85
108021,PUCALLPA,2018,11,179.1,31.97,23.12
108021,PUCALLPA,2018,12,36.6,30.9,22.56
108021,PUCALLPA,2019,1,329.2,30.45,22.62
108021,PUCALLPA,2019,2,243.3,30.61,22.76
108021,PUCALLPA,2019,3,267.3,30.06,23.22
108021,PUCALLPA,2019,4,208.4,31.81,23.16
108021,PUCALLPA,2019,5,85.5,31.27,22.53
108021,PUCALLPA,2019,6,126.5,32.03,22.27
108021,PUCALLPA,2019,7,32.3,31.4,20.99
108021,PUCALLPA,2019,8,16.8,32.57,19.97
108021,PUCALLPA,2019,9,51.8,33.77,22.51
108021,PUCALLPA,2019,10,128.7,31.92,22.41
108021,PUCALLPA,2019,11,302.5,32.57,22.52
108021,PUCALLPA,2019,12,306.1,31.18,23.0
108021,PUCALLPA,2020,1,243.4,32.25,23.2
108021,PUCALLPA,2020,2,180.7,31.49,23.38
108021,PUCALLPA,2020,3,387.6,30.98,23.02
108021,PUCALLPA,2020,4,-999.0,-999.0,-999.0
108021,PUCALLPA,2020,5,-999.0,-999.0,-999.0
108021,PUCALLPA,2020,6,-999.0,-999.0,-999.0
108021,PUCALLPA,2020,7,-999.0,-999.0,-999.0
108021,PUCALLPA,2020,8,-999.0,-999.0,-999.0
108021,PUCALLPA,2020,9,-999.0,-999.0,-999.0
108021,PUCALLPA,2020,10,-999.0,-999.0,-999.0
108021,PUCALLPA,2020,11,-999.0,-999.0,-999.0
108021,PUCALLPA,2020,12,-999.0,-999.0,-999.0
108021,PUCALLPA,2021,1,119.7,31.32,22.09
108021,PUCALLPA,2021,2,375.7,31.03,22.14
108021,PUCALLPA,2021,3,-999.0,-999.0,-999.0
108021,PUCALLPA,2021,4,125.8,31.11,22.14
108021,PUCALLPA,2021,5,-999.0,-999.0,-999.0
108021,PUCALLPA,2021,6,87.5,30.31,-999.0
108021,PUCALLPA,2021,7,32.7,31.2,19.68
108021,PUCALLPA,2021,8,75.6,32.33,21.67
108021,PUCALLPA,2021,9,61.8,32.91,22.38
108021,PUCALLPA,2021,10,80.8,33.23,23.47
108021,PUCALLPA,2021,11,156.5,32.21,23.24
108021,PUCALLPA,2021,12,143.2,32.01,23.86
108021,PUCALLPA,2022,1,-999.0,-999.0,-999.0
108021,PUCALLPA,2022,2,326.5,30.92,22.76
108021,PUCALLPA,2022,3,185.2,30.45,23.43
108021,PUCALLPA,2022,4,170.3,30.75,23.14
108021,PUCALLPA,2022,5,151.0,30.73,22.28
108021,PUCALLPA,2022,6,66.9,30.25,21.19
108021,PUCALLPA,2022,7,70.0,32.49,22.79
108021,PUCALLPA,2022,8,57.0,31.93,21.15
108021,PUCALLPA,2022,9,78.9,34.35,22.44
108021,PUCALLPA,2022,10,119.5,32.74,23.54
108021,PUCALLPA,2022,11,249.0,32.5,22.7
108021,PUCALLPA,2022,12,169.4,31.75,23.21
108021,PUCALLPA,2023,1,161.8,31.51,23.15
108021,PUCALLPA,2023,2,115.3,30.89,23.55
108021,PUCALLPA,2023,3,250.4,30.51,23.27
108021,PUCALLPA,2023,4,43.7,31.28,23.3
108021,PUCALLPA,2023,5,103.3,31.66,23.68
108021,PUCALLPA,2023,6,41.4,31.28,21.31
108021,PUCALLPA,2023,7,77.6,32.5,22.63
108021,PUCALLPA,2023,8,20.0,34.2,22.99
108021,PUCALLPA,2023,9,92.2,34.61,23.69
108021,PUCALLPA,2023,10,256.4,34.83,24.58
108021,PUCALLPA,2023,11,266.9,33.03,24.24
108021,PUCALLPA,2023,12,260.5,31.82,24.19
108021,PUCALLPA,2024,1,99.9,32.57,24.53
108021,PUCALLPA,2024,2,280.2,31.9,24.42
108021,PUCALLPA,2024,3,71.1,32.55,24.56
108021,PUCALLPA,2024,4,110.7,32.78,24.63
108021,PUCALLPA,2024,5,146.8,30.37,22.82
108021,PUCALLPA,2024,6,28.2,32.29,22.32
108021,PUCALLPA,2024,7,31.0,31.39,21.66
108021,PUCALLPA,2024,8,50.5,33.48,21.86
108021,PUCALLPA,2024,9,42.1,35.03,23.79
108021,PUCALLPA,2024,10,84.3,34.1,23.93
108021,PUCALLPA,2024,11,155.8,31.89,23.99
108021,PUCALLPA,2024,12,195.7,31.94,23.97
108021,PUCALLPA,2025,1,173.9,32.06,23.98
108021,PUCALLPA,2025,2,138.9,31.1,24.02
108021,PUCALLPA,2025,3,234.2,30.51,23.76
108021,PUCALLPA,2025,4,209.4,31.38,23.88
108021,PUCALLPA,2025,5,158.1,31.19,23.09
108021,PUCALLPA,2025,6,160.3,30.81,22.55
108021,PUCALLPA,2025,7,6.2,30.88,20.66
108021,PUCALLPA,2025,8,19.0,31.61,21.91
108021,PUCALLPA,2025,9,37.8,31.8,22.57
108021,PUCALLPA,2025,10,277.9,32.29,23.41
108021,PUCALLPA,2025,11,115.8,31.56,23.76
108021,PUCALLPA,2025,12,216.3,31.27,23.66
