CODIGO,ESTACION,YEAR,MONTH,PP,TMAX,TMIN
108043,JULCAN,1990,1,-999.0,-999.0,-999.0
108043,JULCAN,1990,2,-999.0,-999.0,-999.0
108043,JULCAN,1990,3,-999.0,-999.0,-999.0
108043,JULCAN,1990,4,-999.0,-999.0,-999.0
108043,JULCAN,1990,5,-999.0,-999.0,-999.0
108043,JULCAN,1990,6,-999.0,-999.0,-999.0
108043,JULCAN,1990,7,-999.0,-999.0,-999.0
108043,JULCAN,1990,8,-999.0,-999.0,-999.0
108043,JULCAN,1990,9,-999.0,-999.0,-999.0
108043,JULCAN,1990,10,-999.0,-999.0,-999.0
108043,JULCAN,1990,11,-999.0,-999.0,-999.0
108043,JULCAN,1990,12,-999.0,-999.0,-999.0
108043,JULCAN,1991,1,-999.0,-999.0,-999.0
108043,JULCAN,1991,2,-999.0,-999.0,-999.0
108043,JULCAN,1991,3,-999.0,-999.0,-999.0
108043,JULCAN,1991,4,-999.0,-999.0,-999.0
108043,JULCAN,1991,5,-999.0,-999.0,-999.0
108043,JULCAN,1991,6,-999.0,-999.0,-999.0
108043,JULCAN,1991,7,-999.0,-999.0,-999.0
108043,JULCAN,1991,8,-999.0,-999.0,-999.0
108043,JULCAN,1991,9,-999.0,-999.0,-999.0
108043,JULCAN,1991,10,-999.0,-999.0,-999.0
108043,JULCAN,1991,11,-999.0,-999.0,-999.0
108043,JULCAN,1991,12,-999.0,-999.0,-999.0
108043,JULCAN,1992,1,-999.0,-999.0,-999.0
108043,JULCAN,1992,2,-999.0,-999.0,-999.0
108043,JULCAN,1992,3,-999.0,-999.0,-999.0
108043,JULCAN,1992,4,-999.0,-999.0,-999.0
108043,JULCAN,1992,5,-999.0,-999.0,-999.0
108043,JULCAN,1992,6,-999.0,-999.0,-999.0
108043,JULCAN,1992,7,-999.0,-999.0,-999.0
108043,JULCAN,1992,8,-999.0,-999.0,-999.0
108043,JULCAN,1992,9,-999.0,-999.0,-999.0
108043,JULCAN,1992,10,-999.0,-999.0,-999.0
108043,JULCAN,1992,11,-999.0,-999.0,-999.0
108043,JULCAN,1992,12,-999.0,-999.0,-999.0
108043,JULCAN,1993,1,-999.0,-999.0,-999.0
108043,JULCAN,1993,2,-999.0,-999.0,-999.0
108043,JULCAN,1993,3,-999.0,-999.0,-999.0
108043,JULCAN,1993,4,-999.0,-999.0,-999.0
108043,JULCAN,1993,5,-999.0,-999.0,-999.0
108043,JULCAN,1993,6,-999.0,-999.0,-999.0
108043,JULCAN,1993,7,-999.0,-999.0,-999.0
108043,JULCAN,1993,8,-999.0,-999.0,-999.0
108043,JULCAN,1993,9,-999.0,-999.0,-999.0
108043,JULCAN,1993,10,-999.0,-999.0,-999.0
108043,JULCAN,1993,11,-999.0,-999.0,-999.0
108043,JULCAN,1993,12,-999.0,-999.0,-999.0
108043,JULCAN,1994,1,-999.0,-999.0,-999.0
108043,JULCAN,1994,2,-999.0,-999.0,-999.0
108043,JULCAN,1994,3,-999.0,-999.0,-999.0
108043,JULCAN,1994,4,-999.0,-999.0,-999.0
108043,JULCAN,1994,5,-999.0,-999.0,-999.0
108043,JULCAN,1994,6,-999.0,-999.0,-999.0
108043,JULCAN,1994,7,-999.0,-999.0,-999.0
108043,JULCAN,1994,8,-999.0,-999.0,-999.0
108043,JULCAN,1994,9,-999.0,-999.0,-999.0
108043,JULCAN,1994,10,-999.0,-999.0,-999.0
108043,JULCAN,1994,11,-999.0,-999.0,-999.0
108043,JULCAN,1994,12,-999.0,-999.0,-999.0
108043,JULCAN,1995,1,225.0,-999.0,-999.0
108043,JULCAN,1995,2,71.1,-999.0,-999.0
108043,JULCAN,1995,3,212.8,-999.0,-999.0
108043,JULCAN,1995,4,33.7,-999.0,-999.0
108043,JULCAN,1995,5,114.2,-999.0,-999.0
108043,JULCAN,1995,6,6.4,-999.0,-999.0
108043,JULCAN,1995,7,7.7,-999.0,-999.0
108043,JULCAN,1995,8,3.3,-999.0,-999.0
108043,JULCAN,1995,9,27.9,-999.0,-999.0
108043,JULCAN,1995,10,108.3,-999.0,-999.0
108043,JULCAN,1995,11,125.3,-999.0,-999.0
108043,JULCAN,1995,12,143.6,-999.0,-999.0
108043,JULCAN,1996,1,153.7,-999.0,-999.0
108043,JULCAN,1996,2,231.7,-999.0,-999.0
108043,JULCAN,1996,3,192.7,-999.0,-999.0
108043,JULCAN,1996,4,103.7,-999.0,-999.0
108043,JULCAN,1996,5,49.1,-999.0,-999.0
108043,JULCAN,1996,6,5.7,-999.0,-999.0
108043,JULCAN,1996,7,0.6,-999.0,-999.0
108043,JULCAN,1996,8,25.1,-999.0,-999.0
108043,JULCAN,1996,9,44.3,-999.0,-999.0
108043,JULCAN,1996,10,99.9,-999.0,-999.0
108043,JULCAN,1996,11,62.8,-999.0,-999.0
108043,JULCAN,1996,12,34.7,-999.0,-999.0
108043,JULCAN,1997,1,20.9,-999.0,-999.0
108043,JULCAN,1997,2,245.4,-999.0,-999.0
108043,JULCAN,1997,3,67.3,-999.0,-999.0
108043,JULCAN,1997,4,164.9,-999.0,-999.0
108043,JULCAN,1997,5,49.7,-999.0,-999.0
108043,JULCAN,1997,6,2.5,-999.0,-999.0
108043,JULCAN,1997,7,0.0,-999.0,-999.0
108043,JULCAN,1997,8,5.2,-999.0,-999.0
108043,JULCAN,1997,9,38.3,-999.0,-999.0
108043,JULCAN,1997,10,78.7,-999.0,-999.0
108043,JULCAN,1997,11,141.7,-999.0,-999.0
108043,JULCAN,1997,12,268.0,-999.0,-999.0
108043,JULCAN,1998,1,295.9,-999.0,-999.0
108043,JULCAN,1998,2,333.3,-999.0,-999.0
108043,JULCAN,1998,3,363.1,-999.0,-999.0
108043,JULCAN,1998,4,224.6,-999.0,-999.0
108043,JULCAN,1998,5,15.5,-999.0,-999.0
108043,JULCAN,1998,6,11.5,-999.0,-999.0
108043,JULCAN,1998,7,0.9,-999.0,-999.0
108043,JULCAN,1998,8,16.7,-999.0,-999.0
108043,JULCAN,1998,9,51.2,-999.0,-999.0
108043,JULCAN,1998,10,81.1,-999.0,-999.0
108043,JULCAN,1998,11,34.4,-999.0,-999.0
108043,JULCAN,1998,12,56.3,-999.0,-999.0
108043,JULCAN,1999,1,183.1,-999.0,-999.0
108043,JULCAN,1999,2,434.8,-999.0,-999.0
108043,JULCAN,1999,3,175.1,-999.0,-999.0
108043,JULCAN,1999,4,136.6,-999.0,-999.0
108043,JULCAN,1999,5,125.4,-999.0,-999.0
108043,JULCAN,1999,6,48.4,-999.0,-999.0
108043,JULCAN,1999,7,51.9,-999.0,-999.0
108043,JULCAN,1999,8,9.3,-999.0,-999.0
108043,JULCAN,1999,9,200.9,-999.0,-999.0
108043,JULCAN,1999,10,124.3,-999.0,-999.0
108043,JULCAN,1999,11,34.0,-999.0,-999.0
108043,JULCAN,1999,12,102.8,-999.0,-999.0
108043,JULCAN,2000,1,125.9,-999.0,-999.0
108043,JULCAN,2000,2,254.9,-999.0,-999.0
108043,JULCAN,2000,3,270.7,-999.0,-999.0
108043,JULCAN,2000,4,240.6,-999.0,-999.0
108043,JULCAN,2000,5,107.4,-999.0,-999.0
108043,JULCAN,2000,6,30.9,-999.0,-999.0
108043,JULCAN,2000,7,8.1,-999.0,-999.0
108043,JULCAN,2000,8,82.0,-999.0,-999.0
108043,JULCAN,2000,9,35.0,-999.0,-999.0
108043,JULCAN,2000,10,56.6,-999.0,-999.0
108043,JULCAN,2000,11,67.1,-999.0,-999.0
108043,JULCAN,2000,12,180.5,-999.0,-999.0
108043,JULCAN,2001,1,336.5,-999.0,-999.0
108043,JULCAN,2001,2,191.5,-999.0,-999.0
108043,JULCAN,2001,3,443.1,-999.0,-999.0
108043,JULCAN,2001,4,139.9,-999.0,-999.0
108043,JULCAN,2001,5,74.6,-999.0,-999.0
108043,JULCAN,2001,6,22.5,-999.0,-999.0
108043,JULCAN,2001,7,5.3,-999.0,-999.0
108043,JULCAN,2001,8,0.0,-999.0,-999.0
108043,JULCAN,2001,9,78.4,-999.0,-999.0
108043,JULCAN,2001,10,83.2,-999.0,-999.0
108043,JULCAN,2001,11,76.7,-999.0,-999.0
108043,JULCAN,2001,12,100.7,-999.0,-999.0
108043,JULCAN,2002,1,75.9,-999.0,-999.0
108043,JULCAN,2002,2,209.3,-999.0,-999.0
108043,JULCAN,2002,3,261.0,-999.0,-999.0
108043,JULCAN,2002,4,156.6,-999.0,-999.0
108043,JULCAN,2002,5,14.1,-999.0,-999.0
108043,JULCAN,2002,6,28.6,-999.0,-999.0
108043,JULCAN,2002,7,2.3,-999.0,-999.0
108043,JULCAN,2002,8,0.0,-999.0,-999.0
108043,JULCAN,2002,9,0.0,-999.0,-999.0
108043,JULCAN,2002,10,85.4,-999.0,-999.0
108043,JULCAN,2002,11,140.5,-999.0,-999.0
108043,JULCAN,2002,12,71.2,-999.0,-999.0
108043,JULCAN,2003,1,86.3,-999.0,-999.0
108043,JULCAN,2003,2,131.8,-999.0,-999.0
108043,JULCAN,2003,3,201.5,-999.0,-999.0
108043,JULCAN,2003,4,133.2,-999.0,-999.0
108043,JULCAN,2003,5,25.5,-999.0,-999.0
108043,JULCAN,2003,6,9.9,-999.0,-999.0
108043,JULCAN,2003,7,7.4,-999.0,-999.0
108043,JULCAN,2003,8,5.5,-999.0,-999.0
108043,JULCAN,2003,9,5.0,-999.0,-999.0
108043,JULCAN,2003,10,37.7,-999.0,-999.0
108043,JULCAN,2003,11,25.5,-999.0,-999.0
108043,JULCAN,2003,12,121.5,-999.0,-999.0
108043,JULCAN,2004,1,28.9,-999.0,-999.0
108043,JULCAN,2004,2,235.1,-999.0,-999.0
108043,JULCAN,2004,3,191.5,-999.0,-999.0
108043,JULCAN,2004,4,70.5,-999.0,-999.0
108043,JULCAN,2004,5,36.7,-999.0,-999.0
108043,JULCAN,2004,6,4.2,-999.0,-999.0
108043,JULCAN,2004,7,16.1,-999.0,-999.0
108043,JULCAN,2004,8,0.0,-999.0,-999.0
108043,JULCAN,2004,9,63.2,-999.0,-999.0
108043,JULCAN,2004,10,106.9,-999.0,-999.0
108043,JULCAN,2004,11,174.9,-999.0,-999.0
108043,JULCAN,2004,12,136.4,-999.0,-999.0
108043,JULCAN,2005,1,118.6,-999.0,-999.0
108043,JULCAN,2005,2,121.0,-999.0,-999.0
108043,JULCAN,2005,3,222.2,-999.0,-999.0
108043,JULCAN,2005,4,102.8,-999.0,-999.0
108043,JULCAN,2005,5,5.3,-999.0,-999.0
108043,JULCAN,2005,6,3.2,-999.0,-999.0
108043,JULCAN,2005,7,0.0,-999.0,-999.0
108043,JULCAN,2005,8,9.7,-999.0,-999.0
108043,JULCAN,2005,9,4.2,-999.0,-999.0
108043,JULCAN,2005,10,44.4,-999.0,-999.0
108043,JULCAN,2005,11,14.7,-999.0,-999.0
108043,JULCAN,2005,12,118.2,-999.0,-999.0
108043,JULCAN,2006,1,104.2,-999.0,-999.0
108043,JULCAN,2006,2,229.8,-999.0,-999.0
108043,JULCAN,2006,3,336.5,-999.0,-999.0
108043,JULCAN,2006,4,126.7,-999.0,-999.0
108043,JULCAN,2006,5,3.8,-999.0,-999.0
108043,JULCAN,2006,6,37.8,-999.0,-999.0
108043,JULCAN,2006,7,2.6,-999.0,-999.0
108043,JULCAN,2006,8,20.2,-999.0,-999.0
108043,JULCAN,2006,9,55.8,-999.0,-999.0
108043,JULCAN,2006,10,30.1,-999.0,-999.0
108043,JULCAN,2006,11,172.5,-999.0,-999.0
108043,JULCAN,2006,12,168.5,-999.0,-999.0
108043,JULCAN,2007,1,238.6,-999.0,-999.0
108043,JULCAN,2007,2,89.2,-999.0,-999.0
108043,JULCAN,2007,3,281.2,-999.0,-999.0
108043,JULCAN,2007,4,212.1,-999.0,-999.0
108043,JULCAN,2007,5,77.4,-999.0,-999.0
108043,JULCAN,2007,6,10.8,-999.0,-999.0
108043,JULCAN,2007,7,6.2,-999.0,-999.0
108043,JULCAN,2007,8,14.6,-999.0,-999.0
108043,JULCAN,2007,9,61.7,-999.0,-999.0
108043,JULCAN,2007,10,115.8,-999.0,-999.0
108043,JULCAN,2007,11,71.7,-999.0,-999.0
108043,JULCAN,2007,12,95.7,-999.0,-999.0
108043,JULCAN,2008,1,156.6,-999.0,-999.0
108043,JULCAN,2008,2,243.0,-999.0,-999.0
108043,JULCAN,2008,3,188.7,-999.0,-999.0
108043,JULCAN,2008,4,123.9,-999.0,-999.0
108043,JULCAN,2008,5,9.9,-999.0,-999.0
108043,JULCAN,2008,6,27.3,-999.0,-999.0
108043,JULCAN,2008,7,6.0,-999.0,-999.0
108043,JULCAN,2008,8,10.1,-999.0,-999.0
108043,JULCAN,2008,9,53.5,-999.0,-999.0
108043,JULCAN,2008,10,115.7,-999.0,-999.0
108043,JULCAN,2008,11,79.4,-999.0,-999.0
108043,JULCAN,2008,12,31.7,-999.0,-999.0
108043,JULCAN,2009,1,246.2,-999.0,-999.0
108043,JULCAN,2009,2,180.5,-999.0,-999.0
108043,JULCAN,2009,3,244.8,-999.0,-999.0
108043,JULCAN,2009,4,171.1,-999.0,-999.0
108043,JULCAN,2009,5,49.5,-999.0,-999.0
108043,JULCAN,2009,6,19.8,-999.0,-999.0
108043,JULCAN,2009,7,14.9,-999.0,-999.0
108043,JULCAN,2009,8,28.4,-999.0,-999.0
108043,JULCAN,2009,9,16.4,-999.0,-999.0
108043,JULCAN,2009,10,117.1,-999.0,-999.0
108043,JULCAN,2009,11,126.6,-999.0,-999.0
108043,JULCAN,2009,12,125.0,-999.0,-999.0
108043,JULCAN,2010,1,99.4,-999.0,-999.0
108043,JULCAN,2010,2,175.8,-999.0,-999.0
108043,JULCAN,2010,3,226.5,-999.0,-999.0
108043,JULCAN,2010,4,141.3,-999.0,-999.0
108043,JULCAN,2010,5,46.7,-999.0,-999.0
108043,JULCAN,2010,6,19.9,-999.0,-999.0
108043,JULCAN,2010,7,21.4,-999.0,-999.0
108043,JULCAN,2010,8,3.6,-999.0,-999.0
108043,JULCAN,2010,9,44.3,-999.0,-999.0
108043,JULCAN,2010,10,3.3,-999.0,-999.0
108043,JULCAN,2010,11,39.7,-999.0,-999.0
108043,JULCAN,2010,12,86.7,-999.0,-999.0
108043,JULCAN,2011,1,124.3,-999.0,-999.0
108043,JULCAN,2011,2,44.9,-999.0,-999.0
108043,JULCAN,2011,3,171.3,-999.0,-999.0
108043,JULCAN,2011,4,310.0,-999.0,-999.0
108043,JULCAN,2011,5,14.1,-999.0,-999.0
108043,JULCAN,2011,6,5.3,-999.0,-999.0
108043,JULCAN,2011,7,19.4,-999.0,-999.0
108043,JULCAN,2011,8,0.0,-999.0,-999.0
108043,JULCAN,2011,9,52.1,-999.0,-999.0
108043,JULCAN,2011,10,25.3,-999.0,-999.0
108043,JULCAN,2011,11,78.1,-999.0,-999.0
108043,JULCAN,2011,12,163.8,-999.0,-999.0
108043,JULCAN,2012,1,158.0,-999.0,-999.0
108043,JULCAN,2012,2,190.7,-999.0,-999.0
108043,JULCAN,2012,3,325.5,-999.0,-999.0
108043,JULCAN,2012,4,206.0,-999.0,-999.0
108043,JULCAN,2012,5,77.8,-999.0,-999.0
108043,JULCAN,2012,6,6.1,-999.0,-999.0
108043,JULCAN,2012,7,0.0,-999.0,-999.0
108043,JULCAN,2012,8,2.3,-999.0,-999.0
108043,JULCAN,2012,9,37.5,-999.0,-999.0
108043,JULCAN,2012,10,110.1,-999.0,-999.0
108043,JULCAN,2012,11,109.5,-999.0,-999.0
108043,JULCAN,2012,12,106.5,-999.0,-999.0
108043,JULCAN,2013,1,78.5,-999.0,-999.0
108043,JULCAN,2013,2,219.6,-999.0,-999.0
108043,JULCAN,2013,3,334.5,-999.0,-999.0
108043,JULCAN,2013,4,60.4,-999.0,-999.0
108043,JULCAN,2013,5,38.1,-999.0,-999.0
108043,JULCAN,2013,6,21.4,-999.0,-999.0
108043,JULCAN,2013,7,1.2,-999.0,-999.0
108043,JULCAN,2013,8,6.6,-999.0,-999.0
108043,JULCAN,2013,9,3.6,-999.0,-999.0
108043,JULCAN,2013,10,169.4,-999.0,-999.0
108043,JULCAN,2013,11,20.5,-999.0,-999.0
108043,JULCAN,2013,12,115.2,-999.0,-999.0
108043,JULCAN,2014,1,104.3,-999.0,-999.0
108043,JULCAN,2014,2,89.0,-999.0,-999.0
108043,JULCAN,2014,3,220.9,-999.0,-999.0
108043,JULCAN,2014,4,156.4,-999.0,-999.0
108043,JULCAN,2014,5,60.4,-999.0,-999.0
108043,JULCAN,2014,6,14.1,-999.0,-999.0
108043,JULCAN,2014,7,5.5,-999.0,-999.0
108043,JULCAN,2014,8,1.7,-999.0,-999.0
108043,JULCAN,2014,9,70.8,-999.0,-999.0
108043,JULCAN,2014,10,100.3,-999.0,-999.0
108043,JULCAN,2014,11,58.1,-999.0,-999.0
108043,JULCAN,2014,12,153.0,-999.0,-999.0
108043,JULCAN,2015,1,206.4,-999.0,-999.0
108043,JULCAN,2015,2,96.8,-999.0,-999.0
108043,JULCAN,2015,3,288.7,-999.0,-999.0
108043,JULCAN,2015,4,172.9,-999.0,-999.0
108043,JULCAN,2015,5,81.3,-999.0,-999.0
108043,JULCAN,2015,6,7.5,-999.0,-999.0
108043,JULCAN,2015,7,8.6,-999.0,-999.0
108043,JULCAN,2015,8,0.0,-999.0,-999.0
108043,JULCAN,2015,9,35.2,-999.0,-999.0
108043,JULCAN,2015,10,100.1,-999.0,-999.0
108043,JULCAN,2015,11,124.8,-999.0,-999.0
108043,JULCAN,2015,12,235.0,-999.0,-999.0
108043,JULCAN,2016,1,66.0,-999.0,-999.0
108043,JULCAN,2016,2,198.5,-999.0,-999.0
108043,JULCAN,2016,3,104.3,-999.0,-999.0
108043,JULCAN,2016,4,124.6,-999.0,-999.0
108043,JULCAN,2016,5,29.1,-999.0,-999.0
108043,JULCAN,2016,6,8.0,-999.0,-999.0
108043,JULCAN,2016,7,0.0,-999.0,-999.0
108043,JULCAN,2016,8,0.7,-999.0,-999.0
108043,JULCAN,2016,9,50.9,-999.0,-999.0
108043,JULCAN,2016,10,50.6,-999.0,-999.0
108043,JULCAN,2016,11,5.1,-999.0,-999.0
108043,JULCAN,2016,12,89.7,-999.0,-999.0
108043,JULCAN,2017,1,172.2,-999.0,-999.0
108043,JULCAN,2017,2,179.1,-999.0,-999.0
108043,JULCAN,2017,3,429.1,-999.0,-999.0
108043,JULCAN,2017,4,195.3,-999.0,-999.0
108043,JULCAN,2017,5,105.3,-999.0,-999.0
108043,JULCAN,2017,6,15.0,-999.0,-999.0
108043,JULCAN,2017,7,1.5,-999.0,-999.0
108043,JULCAN,2017,8,9.6,-999.0,-999.0
108043,JULCAN,2017,9,12.0,-999.0,-999.0
108043,JULCAN,2017,10,101.4,-999.0,-999.0
108043,JULCAN,2017,11,23.4,-999.0,-999.0
108043,JULCAN,2017,12,76.7,-999.0,-999.0
108043,JULCAN,2018,1,178.1,-999.0,-999.0
108043,JULCAN,2018,2,113.8,-999.0,-999.0
108043,JULCAN,2018,3,163.5,-999.0,-999.0
108043,JULCAN,2018,4,148.2,-999.0,-999.0
108043,JULCAN,2018,5,87.8,-999.0,-999.0
108043,JULCAN,2018,6,10.2,-999.0,-999.0
108043,JULCAN,2018,7,8.6,-999.0,-999.0
108043,JULCAN,2018,8,1.5,-999.0,-999.0
108043,JULCAN,2018,9,33.0,-999.0,-999.0
108043,JULCAN,2018,10,51.8,-999.0,-999.0
108043,JULCAN,2018,11,88.6,-999.0,-999.0
108043,JULCAN,2018,12,131.1,-999.0,-999.0
108043,JULCAN,2019,1,118.5,-999.0,-999.0
108043,JULCAN,2019,2,215.5,-999.0,-999.0
108043,JULCAN,2019,3,218.2,-999.0,-999.0
108043,JULCAN,2019,4,91.2,-999.0,-999.0
108043,JULCAN,2019,5,50.9,-999.0,-999.0
108043,JULCAN,2019,6,15.7,-999.0,-999.0
108043,JULCAN,2019,7,28.0,-999.0,-999.0
108043,JULCAN,2019,8,0.0,-999.0,-999.0
108043,JULCAN,2019,9,38.0,-999.0,-999.0
108043,JULCAN,2019,10,101.7,-999.0,-999.0
108043,JULCAN,2019,11,83.2,-999.0,-999.0
108043,JULCAN,2019,12,193.2,-999.0,-999.0
108043,JULCAN,2020,1,43.3,-999.0,-999.0
108043,JULCAN,2020,2,92.6,-999.0,-999.0
108043,JULCAN,2020,3,187.7,-999.0,-999.0
108043,JULCAN,2020,4,123.8,-999.0,-999.0
108043,JULCAN,2020,5,58.6,-999.0,-999.0
108043,JULCAN,2020,6,2.6,-999.0,-999.0
108043,JULCAN,2020,7,8.0,-999.0,-999.0
108043,JULCAN,2020,8,0.8,-999.0,-999.0
108043,JULCAN,2020,9,19.6,-999.0,-999.0
108043,JULCAN,2020,10,45.5,-999.0,-999.0
108043,JULCAN,2020,11,60.0,-999.0,-999.0
108043,JULCAN,2020,12,211.2,-999.0,-999.0
108043,JULCAN,2021,1,239.0,-999.0,-999.0
108043,JULCAN,2021,2,17.2,-999.0,-999.0
108043,JULCAN,2021,3,254.4,-999.0,-999.0
108043,JULCAN,2021,4,155.4,-999.0,-999.0
108043,JULCAN,2021,5,45.4,-999.0,-999.0
108043,JULCAN,2021,6,37.1,-999.0,-999.0
108043,JULCAN,2021,7,13.4,-999.0,-999.0
108043,JULCAN,2021,8,37.7,-999.0,-999.0
108043,JULCAN,2021,9,43.6,-999.0,-999.0
108043,JULCAN,2021,10,199.6,-999.0,-999.0
108043,JULCAN,2021,11,47.6,-999.0,-999.0
108043,JULCAN,2021,12,70.5,-999.0,-999.0
108043,JULCAN,2022,1,118.0,-999.0,-999.0
108043,JULCAN,2022,2,208.7,-999.0,-999.0
108043,JULCAN,2022,3,175.2,-999.0,-999.0
108043,JULCAN,2022,4,194.9,-999.0,-999.0
108043,JULCAN,2022,5,59.7,-999.0,-999.0
108043,JULCAN,2022,6,12.0,-999.0,-999.0
108043,JULCAN,2022,7,13.6,-999.0,-999.0
108043,JULCAN,2022,8,8.8,-999.0,-999.0
108043,JULCAN,2022,9,54.4,-999.0,-999.0
108043,JULCAN,2022,10,41.9,-999.0,-999.0
108043,JULCAN,2022,11,1.4,-999.0,-999.0
108043,JULCAN,2022,12,127.3,-999.0,-999.0
108043,JULCAN,2023,1,167.3,-999.0,-999.0
108043,JULCAN,2023,2,109.6,-999.0,-999.0
108043,JULCAN,2023,3,242.1,-999.0,-999.0
108043,JULCAN,2023,4,104.9,-999.0,-999.0
108043,JULCAN,2023,5,32.1,-999.0,-999.0
108043,JULCAN,2023,6,4.0,-999.0,-999.0
108043,JULCAN,2023,7,7.3,-999.0,-999.0
108043,JULCAN,2023,8,15.0,-999.0,-999.0
108043,JULCAN,2023,9,37.6,-999.0,-999.0
108043,JULCAN,2023,10,198.6,-999.0,-999.0
108043,JULCAN,2023,11,127.1,-999.0,-999.0
108043,JULCAN,2023,12,219.5,-999.0,-999.0
108043,JULCAN,2024,1,193.7,-999.0,-999.0
108043,JULCAN,2024,2,172.8,-999.0,-999.0
108043,JULCAN,2024,3,90.8,-999.0,-999.0
108043,JULCAN,2024,4,200.2,-999.0,-999.0
108043,JULCAN,2024,5,-999.0,-999.0,-999.0
108043,JULCAN,2024,6,-999.0,-999.0,-999.0
108043,JULCAN,2024,7,-999.0,-999.0,-999.0
108043,JULCAN,2024,8,4.5,-999.0,-999.0
108043,JULCAN,2024,9,31.8,-999.0,-999.0
108043,JULCAN,2024,10,80.1,-999.0,-999.0
108043,JULCAN,2024,11,19.4,-999.0,-999.0
108043,JULCAN,2024,12,122.3,-999.0,-999.0
108043,JULCAN,2025,1,165.1,-999.0,-999.0
108043,JULCAN,2025,2,320.7,-999.0,-999.0
108043,JULCAN,2025,3,361.7,-999.0,-999.0
108043,JULCAN,2025,4,232.8,-999.0,-999.0
108043,JULCAN,2025,5,73.7,-999.0,-999.0
108043,JULCAN,2025,6,17.6,-999.0,-999.0
108043,JULCAN,2025,7,0.0,-999.0,-999.0
108043,JULCAN,2025,8,2.8,-999.0,-999.0
108043,JULCAN,2025,9,55.6,-999.0,-999.0
108043,JULCAN,2025,10,161.1,-999.0,-999.0
108043,JULCAN,2025,11,104.6,-999.0,-999.0
108043,JULCAN,2025,12,13.3,-999.0,-999.0
