CODIGO,ESTACION,YEAR,MONTH,PP,TMAX,TMIN
109016,AIJA,1990,1,-999.0,-999.0,-999.0
109016,AIJA,1990,2,-999.0,-999.0,-999.0
109016,AIJA,1990,3,-999.0,-999.0,-999.0
109016,AIJA,1990,4,-999.0,-999.0,-999.0
109016,AIJA,1990,5,-999.0,-999.0,-999.0
109016,AIJA,1990,6,-999.0,-999.0,-999.0
109016,AIJA,1990,7,-999.0,-999.0,-999.0
109016,AIJA,1990,8,-999.0,-999.0,-999.0
109016,AIJA,1990,9,-999.0,-999.0,-999.0
109016,AIJA,1990,10,-999.0,-999.0,-999.0
109016,AIJA,1990,11,-999.0,-999.0,-999.0
109016,AIJA,1990,12,-999.0,-999.0,-999.0
109016,AIJA,1991,1,-999.0,-999.0,-999.0
109016,AIJA,1991,2,-999.0,-999.0,-999.0
109016,AIJA,1991,3,-999.0,-999.0,-999.0
109016,AIJA,1991,4,-999.0,-999.0,-999.0
109016,AIJA,1991,5,-999.0,-999.0,-999.0
109016,AIJA,1991,6,-999.0,-999.0,-999.0
109016,AIJA,1991,7,-999.0,-999.0,-999.0
109016,AIJA,1991,8,-999.0,-999.0,-999.0
109016,AIJA,1991,9,-999.0,-999.0,-999.0
109016,AIJA,1991,10,-999.0,-999.0,-999.0
109016,AIJA,1991,11,-999.0,-999.0,-999.0
109016,AIJA,1991,12,-999.0,-999.0,-999.0
109016,AIJA,1992,1,-999.0,-999.0,-999.0
109016,AIJA,1992,2,-999.0,-999.0,-999.0
109016,AIJA,1992,3,-999.0,-999.0,-999.0
109016,AIJA,1992,4,-999.0,-999.0,-999.0
109016,AIJA,1992,5,-999.0,-999.0,-999.0
109016,AIJA,1992,6,-999.0,-999.0,-999.0
109016,AIJA,1992,7,-999.0,-999.0,-999.0
109016,AIJA,1992,8,-999.0,-999.0,-999.0
109016,AIJA,1992,9,-999.0,-999.0,-999.0
109016,AIJA,1992,10,-999.0,-999.0,-999.0
109016,AIJA,1992,11,-999.0,-999.0,-999.0
109016,AIJA,1992,12,-999.0,-999.0,-999.0
109016,AIJA,1993,1,-999.0,-999.0,-999.0
109016,AIJA,1993,2,-999.0,-999.0,-999.0
109016,AIJA,1993,3,-999.0,-999.0,-999.0
109016,AIJA,1993,4,-999.0,-999.0,-999.0
109016,AIJA,1993,5,-999.0,-999.0,-999.0
109016,AIJA,1993,6,-999.0,-999.0,-999.0
109016,AIJA,1993,7,-999.0,-999.0,-999.0
109016,AIJA,1993,8,-999.0,-999.0,-999.0
109016,AIJA,1993,9,-999.0,-999.0,-999.0
109016,AIJA,1993,10,-999.0,-999.0,-999.0
109016,AIJA,1993,11,-999.0,-999.0,-999.0
109016,AIJA,1993,12,-999.0,-999.0,-999.0
109016,AIJA,1994,1,-999.0,-999.0,-999.0
109016,AIJA,1994,2,-999.0,-999.0,-999.0
109016,AIJA,1994,3,-999.0,-999.0,-999.0
109016,AIJA,1994,4,-999.0,-999.0,-999.0
109016,AIJA,1994,5,-999.0,-999.0,-999.0
109016,AIJA,1994,6,-999.0,-999.0,-999.0
109016,AIJA,1994,7,-999.0,-999.0,-999.0
109016,AIJA,1994,8,-999.0,-999.0,-999.0
109016,AIJA,1994,9,-999.0,-999.0,-999.0
109016,AIJA,1994,10,-999.0,-999.0,-999.0
109016,AIJA,1994,11,-999.0,-999.0,-999.0
109016,AIJA,1994,12,-999.0,-999.0,-999.0
109016,AIJA,1995,1,-999.0,-999.0,-999.0
109016,AIJA,1995,2,-999.0,-999.0,-999.0
109016,AIJA,1995,3,-999.0,-999.0,-999.0
109016,AIJA,1995,4,-999.0,-999.0,-999.0
109016,AIJA,1995,5,-999.0,-999.0,-999.0
109016,AIJA,1995,6,-999.0,-999.0,-999.0
109016,AIJA,1995,7,-999.0,-999.0,-999.0
109016,AIJA,1995,8,-999.0,-999.0,-999.0
109016,AIJA,1995,9,-999.0,-999.0,-999.0
109016,AIJA,1995,10,-999.0,-999.0,-999.0
109016,AIJA,1995,11,-999.0,-999.0,-999.0
109016,AIJA,1995,12,-999.0,-999.0,-999.0
109016,AIJA,1996,1,-999.0,-999.0,-999.0
109016,AIJA,1996,2,-999.0,-999.0,-999.0
109016,AIJA,1996,3,-999.0,-999.0,-999.0
109016,AIJA,1996,4,-999.0,-999.0,-999.0
109016,AIJA,1996,5,-999.0,-999.0,-999.0
109016,AIJA,1996,6,-999.0,-999.0,-999.0
109016,AIJA,1996,7,-999.0,-999.0,-999.0
109016,AIJA,1996,8,-999.0,-999.0,-999.0
109016,AIJA,1996,9,-999.0,-999.0,-999.0
109016,AIJA,1996,10,-999.0,-999.0,-999.0
109016,AIJA,1996,11,-999.0,-999.0,-999.0
109016,AIJA,1996,12,-999.0,-999.0,-999.0
109016,AIJA,1997,1,-999.0,-999.0,-999.0
109016,AIJA,1997,2,-999.0,-999.0,-999.0
109016,AIJA,1997,3,-999.0,-999.0,-999.0
109016,AIJA,1997,4,-999.0,-999.0,-999.0
109016,AIJA,1997,5,-999.0,-999.0,-999.0
109016,AIJA,1997,6,-999.0,-999.0,-999.0
109016,AIJA,1997,7,-999.0,-999.0,-999.0
109016,AIJA,1997,8,-999.0,-999.0,-999.0
109016,AIJA,1997,9,-999.0,-999.0,-999.0
109016,AIJA,1997,10,-999.0,-999.0,-999.0
109016,AIJA,1997,11,-999.0,-999.0,-999.0
109016,AIJA,1997,12,-999.0,-999.0,-999.0
109016,AIJA,1998,1,-999.0,-999.0,-999.0
109016,AIJA,1998,2,-999.0,-999.0,-999.0
109016,AIJA,1998,3,-999.0,-999.0,-999.0
109016,AIJA,1998,4,-999.0,-999.0,-999.0
109016,AIJA,1998,5,-999.0,-999.0,-999.0
109016,AIJA,1998,6,-999.0,-999.0,-999.0
109016,AIJA,1998,7,-999.0,-999.0,-999.0
109016,AIJA,1998,8,-999.0,-999.0,-999.0
109016,AIJA,1998,9,-999.0,-999.0,-999.0
109016,AIJA,1998,10,-999.0,-999.0,-999.0
109016,AIJA,1998,11,-999.0,-999.0,-999.0
109016,AIJA,1998,12,-999.0,-999.0,-999.0
109016,AIJA,1999,1,-999.0,-999.0,-999.0
109016,AIJA,1999,2,-999.0,-999.0,-999.0
109016,AIJA,1999,3,-999.0,-999.0,-999.0
109016,AIJA,1999,4,-999.0,-999.0,-999.0
109016,AIJA,1999,5,-999.0,-999.0,-999.0
109016,AIJA,1999,6,-999.0,-999.0,-999.0
109016,AIJA,1999,7,-999.0,-999.0,-999.0
109016,AIJA,1999,8,-999.0,-999.0,-999.0
109016,AIJA,1999,9,-999.0,-999.0,-999.0
109016,AIJA,1999,10,-999.0,-999.0,-999.0
109016,AIJA,1999,11,33.3,-999.0,-999.0
109016,AIJA,1999,12,45.2,-999.0,-999.0
109016,AIJA,2000,1,63.5,-999.0,-999.0
109016,AIJA,2000,2,122.0,-999.0,-999.0
109016,AIJA,2000,3,105.1,-999.0,-999.0
109016,AIJA,2000,4,57.4,-999.0,-999.0
109016,AIJA,2000,5,22.4,-999.0,-999.0
109016,AIJA,2000,6,0.0,-999.0,-999.0
109016,AIJA,2000,7,0.0,-999.0,-999.0
109016,AIJA,2000,8,7.0,-999.0,-999.0
109016,AIJA,2000,9,12.5,-999.0,-999.0
109016,AIJA,2000,10,9.9,-999.0,-999.0
109016,AIJA,2000,11,15.9,-999.0,-999.0
109016,AIJA,2000,12,101.5,-999.0,-999.0
109016,AIJA,2001,1,131.1,-999.0,-999.0
109016,AIJA,2001,2,67.5,-999.0,-999.0
109016,AIJA,2001,3,167.1,-999.0,-999.0
109016,AIJA,2001,4,48.6,-999.0,-999.0
109016,AIJA,2001,5,6.7,-999.0,-999.0
109016,AIJA,2001,6,0.0,-999.0,-999.0
109016,AIJA,2001,7,0.0,-999.0,-999.0
109016,AIJA,2001,8,0.0,-999.0,-999.0
109016,AIJA,2001,9,29.4,-999.0,-999.0
109016,AIJA,2001,10,49.9,-999.0,-999.0
109016,AIJA,2001,11,65.1,-999.0,-999.0
109016,AIJA,2001,12,31.7,-999.0,-999.0
109016,AIJA,2002,1,28.6,-999.0,-999.0
109016,AIJA,2002,2,89.2,-999.0,-999.0
109016,AIJA,2002,3,105.3,-999.0,-999.0
109016,AIJA,2002,4,30.9,-999.0,-999.0
109016,AIJA,2002,5,1.2,-999.0,-999.0
109016,AIJA,2002,6,4.6,-999.0,-999.0
109016,AIJA,2002,7,0.0,-999.0,-999.0
109016,AIJA,2002,8,0.0,-999.0,-999.0
109016,AIJA,2002,9,11.2,-999.0,-999.0
109016,AIJA,2002,10,55.1,-999.0,-999.0
109016,AIJA,2002,11,83.6,-999.0,-999.0
109016,AIJA,2002,12,40.7,-999.0,-999.0
109016,AIJA,2003,1,88.7,-999.0,-999.0
109016,AIJA,2003,2,52.7,-999.0,-999.0
109016,AIJA,2003,3,97.0,-999.0,-999.0
109016,AIJA,2003,4,32.4,-999.0,-999.0
109016,AIJA,2003,5,2.7,-999.0,-999.0
109016,AIJA,2003,6,0.0,-999.0,-999.0
109016,AIJA,2003,7,0.3,-999.0,-999.0
109016,AIJA,2003,8,0.0,-999.0,-999.0
109016,AIJA,2003,9,0.0,-999.0,-999.0
109016,AIJA,2003,10,-999.0,-999.0,-999.0
109016,AIJA,2003,11,39.7,-999.0,-999.0
109016,AIJA,2003,12,50.3,-999.0,-999.0
109016,AIJA,2004,1,19.0,-999.0,-999.0
109016,AIJA,2004,2,54.5,-999.0,-999.0
109016,AIJA,2004,3,46.5,-999.0,-999.0
109016,AIJA,2004,4,42.0,-999.0,-999.0
109016,AIJA,2004,5,1.9,-999.0,-999.0
109016,AIJA,2004,6,0.7,-999.0,-999.0
109016,AIJA,2004,7,0.3,-999.0,-999.0
109016,AIJA,2004,8,0.2,-999.0,-999.0
109016,AIJA,2004,9,27.5,-999.0,-999.0
109016,AIJA,2004,10,52.8,-999.0,-999.0
109016,AIJA,2004,11,2.3,-999.0,-999.0
109016,AIJA,2004,12,62.2,-999.0,-999.0
109016,AIJA,2005,1,30.2,-999.0,-999.0
109016,AIJA,2005,2,19.4,-999.0,-999.0
109016,AIJA,2005,3,91.6,-999.0,-999.0
109016,AIJA,2005,4,11.5,-999.0,-999.0
109016,AIJA,2005,5,5.1,-999.0,-999.0
109016,AIJA,2005,6,0.0,-999.0,-999.0
109016,AIJA,2005,7,0.0,-999.0,-999.0
109016,AIJA,2005,8,0.0,-999.0,-999.0
109016,AIJA,2005,9,0.3,-999.0,-999.0
109016,AIJA,2005,10,17.7,-999.0,-999.0
109016,AIJA,2005,11,0.0,-999.0,-999.0
109016,AIJA,2005,12,58.3,-999.0,-999.0
109016,AIJA,2006,1,78.1,-999.0,-999.0
109016,AIJA,2006,2,63.1,-999.0,-999.0
109016,AIJA,2006,3,196.6,-999.0,-999.0
109016,AIJA,2006,4,73.4,-999.0,-999.0
109016,AIJA,2006,5,0.0,-999.0,-999.0
109016,AIJA,2006,6,0.0,-999.0,-999.0
109016,AIJA,2006,7,0.0,-999.0,-999.0
109016,AIJA,2006,8,0.7,-999.0,-999.0
109016,AIJA,2006,9,1.1,-999.0,-999.0
109016,AIJA,2006,10,33.0,-999.0,-999.0
109016,AIJA,2006,11,57.8,-999.0,-999.0
109016,AIJA,2006,12,76.4,-999.0,-999.0
109016,AIJA,2007,1,84.3,-999.0,-999.0
109016,AIJA,2007,2,45.1,-999.0,-999.0
109016,AIJA,2007,3,131.2,-999.0,-999.0
109016,AIJA,2007,4,37.9,-999.0,-999.0
109016,AIJA,2007,5,0.0,-999.0,-999.0
109016,AIJA,2007,6,0.8,-999.0,-999.0
109016,AIJA,2007,7,3.3,-999.0,-999.0
109016,AIJA,2007,8,7.4,-999.0,-999.0
109016,AIJA,2007,9,0.0,-999.0,-999.0
109016,AIJA,2007,10,41.3,-999.0,-999.0
109016,AIJA,2007,11,12.8,-999.0,-999.0
109016,AIJA,2007,12,26.1,-999.0,-999.0
109016,AIJA,2008,1,-999.0,-999.0,-999.0
109016,AIJA,2008,2,125.3,-999.0,-999.0
109016,AIJA,2008,3,111.3,-999.0,-999.0
109016,AIJA,2008,4,35.9,-999.0,-999.0
109016,AIJA,2008,5,0.4,-999.0,-999.0
109016,AIJA,2008,6,4.4,-999.0,-999.0
109016,AIJA,2008,7,0.0,-999.0,-999.0
109016,AIJA,2008,8,7.8,-999.0,-999.0
109016,AIJA,2008,9,3.8,-999.0,-999.0
109016,AIJA,2008,10,73.2,-999.0,-999.0
109016,AIJA,2008,11,33.8,-999.0,-999.0
109016,AIJA,2008,12,46.7,-999.0,-999.0
109016,AIJA,2009,1,95.9,-999.0,-999.0
109016,AIJA,2009,2,106.0,-999.0,-999.0
109016,AIJA,2009,3,-999.0,-999.0,-999.0
109016,AIJA,2009,4,82.8,-999.0,-999.0
109016,AIJA,2009,5,0.0,-999.0,-999.0
109016,AIJA,2009,6,0.0,-999.0,-999.0
109016,AIJA,2009,7,0.0,-999.0,-999.0
109016,AIJA,2009,8,3.5,-999.0,-999.0
109016,AIJA,2009,9,9.1,-999.0,-999.0
109016,AIJA,2009,10,100.5,-999.0,-999.0
109016,AIJA,2009,11,59.8,-999.0,-999.0
109016,AIJA,2009,12,45.1,-999.0,-999.0
109016,AIJA,2010,1,55.2,-999.0,-999.0
109016,AIJA,2010,2,71.6,-999.0,-999.0
109016,AIJA,2010,3,95.0,-999.0,-999.0
109016,AIJA,2010,4,44.0,-999.0,-999.0
109016,AIJA,2010,5,3.7,-999.0,-999.0
109016,AIJA,2010,6,0.0,-999.0,-999.0
109016,AIJA,2010,7,0.6,-999.0,-999.0
109016,AIJA,2010,8,2.4,-999.0,-999.0
109016,AIJA,2010,9,15.9,-999.0,-999.0
109016,AIJA,2010,10,5.4,-999.0,-999.0
109016,AIJA,2010,11,15.6,-999.0,-999.0
109016,AIJA,2010,12,104.2,-999.0,-999.0
109016,AIJA,2011,1,83.5,-999.0,-999.0
109016,AIJA,2011,2,31.3,-999.0,-999.0
109016,AIJA,2011,3,81.1,-999.0,-999.0
109016,AIJA,2011,4,85.5,-999.0,-999.0
109016,AIJA,2011,5,0.0,-999.0,-999.0
109016,AIJA,2011,6,0.0,-999.0,-999.0
109016,AIJA,2011,7,-999.0,-999.0,-999.0
109016,AIJA,2011,8,2.2,-999.0,-999.0
109016,AIJA,2011,9,2.1,-999.0,-999.0
109016,AIJA,2011,10,5.5,-999.0,-999.0
109016,AIJA,2011,11,56.3,-999.0,-999.0
109016,AIJA,2011,12,110.2,-999.0,-999.0
109016,AIJA,2012,1,39.4,-999.0,-999.0
109016,AIJA,2012,2,78.0,-999.0,-999.0
109016,AIJA,2012,3,115.6,-999.0,-999.0
109016,AIJA,2012,4,78.2,-999.0,-999.0
109016,AIJA,2012,5,-999.0,-999.0,-999.0
109016,AIJA,2012,6,0.0,-999.0,-999.0
109016,AIJA,2012,7,0.0,-999.0,-999.0
109016,AIJA,2012,8,0.0,-999.0,-999.0
109016,AIJA,2012,9,7.6,-999.0,-999.0
109016,AIJA,2012,10,21.0,-999.0,-999.0
109016,AIJA,2012,11,-999.0,-999.0,-999.0
109016,AIJA,2012,12,41.2,-999.0,-999.0
109016,AIJA,2013,1,33.5,-999.0,-999.0
109016,AIJA,2013,2,134.7,-999.0,-999.0
109016,AIJA,2013,3,167.1,-999.0,-999.0
109016,AIJA,2013,4,13.7,-999.0,-999.0
109016,AIJA,2013,5,15.8,-999.0,-999.0
109016,AIJA,2013,6,0.0,-999.0,-999.0
109016,AIJA,2013,7,0.0,-999.0,-999.0
109016,AIJA,2013,8,0.2,-999.0,-999.0
109016,AIJA,2013,9,5.1,-999.0,-999.0
109016,AIJA,2013,10,79.4,-999.0,-999.0
109016,AIJA,2013,11,36.0,-999.0,-999.0
109016,AIJA,2013,12,61.8,-999.0,-999.0
109016,AIJA,2014,1,92.3,-999.0,-999.0
109016,AIJA,2014,2,126.7,-999.0,-999.0
109016,AIJA,2014,3,134.3,-999.0,-999.0
109016,AIJA,2014,4,45.6,-999.0,-999.0
109016,AIJA,2014,5,14.0,-999.0,-999.0
109016,AIJA,2014,6,0.0,-999.0,-999.0
109016,AIJA,2014,7,0.2,-999.0,-999.0
109016,AIJA,2014,8,0.4,-999.0,-999.0
109016,AIJA,2014,9,16.3,-999.0,-999.0
109016,AIJA,2014,10,43.0,-999.0,-999.0
109016,AIJA,2014,11,47.4,-999.0,-999.0
109016,AIJA,2014,12,95.5,-999.0,-999.0
109016,AIJA,2015,1,90.9,-999.0,-999.0
109016,AIJA,2015,2,60.2,-999.0,-999.0
109016,AIJA,2015,3,122.0,-999.0,-999.0
109016,AIJA,2015,4,56.1,-999.0,-999.0
109016,AIJA,2015,5,40.8,-999.0,-999.0
109016,AIJA,2015,6,2.3,-999.0,-999.0
109016,AIJA,2015,7,0.0,-999.0,-999.0
109016,AIJA,2015,8,6.5,-999.0,-999.0
109016,AIJA,2015,9,14.7,-999.0,-999.0
109016,AIJA,2015,10,84.5,-999.0,-999.0
109016,AIJA,2015,11,79.0,-999.0,-999.0
109016,AIJA,2015,12,110.7,-999.0,-999.0
109016,AIJA,2016,1,41.7,-999.0,-999.0
109016,AIJA,2016,2,141.4,-999.0,-999.0
109016,AIJA,2016,3,57.0,-999.0,-999.0
109016,AIJA,2016,4,43.3,-999.0,-999.0
109016,AIJA,2016,5,9.6,-999.0,-999.0
109016,AIJA,2016,6,0.0,-999.0,-999.0
109016,AIJA,2016,7,0.0,-999.0,-999.0
109016,AIJA,2016,8,0.0,-999.0,-999.0
109016,AIJA,2016,9,35.9,-999.0,-999.0
109016,AIJA,2016,10,9.1,-999.0,-999.0
109016,AIJA,2016,11,0.0,-999.0,-999.0
109016,AIJA,2016,12,46.1,-999.0,-999.0
109016,AIJA,2017,1,103.9,-999.0,-999.0
109016,AIJA,2017,2,155.8,-999.0,-999.0
109016,AIJA,2017,3,251.3,-999.0,-999.0
109016,AIJA,2017,4,51.1,-999.0,-999.0
109016,AIJA,2017,5,22.0,-999.0,-999.0
109016,AIJA,2017,6,6.7,-999.0,-999.0
109016,AIJA,2017,7,0.0,-999.0,-999.0
109016,AIJA,2017,8,5.8,-999.0,-999.0
109016,AIJA,2017,9,27.4,-999.0,-999.0
109016,AIJA,2017,10,54.3,-999.0,-999.0
109016,AIJA,2017,11,20.4,-999.0,-999.0
109016,AIJA,2017,12,34.4,-999.0,-999.0
109016,AIJA,2018,1,115.6,-999.0,-999.0
109016,AIJA,2018,2,85.7,-999.0,-999.0
109016,AIJA,2018,3,175.9,-999.0,-999.0
109016,AIJA,2018,4,82.8,-999.0,-999.0
109016,AIJA,2018,5,26.3,-999.0,-999.0
109016,AIJA,2018,6,3.1,-999.0,-999.0
109016,AIJA,2018,7,0.0,-999.0,-999.0
109016,AIJA,2018,8,0.0,-999.0,-999.0
109016,AIJA,2018,9,11.2,-999.0,-999.0
109016,AIJA,2018,10,23.3,-999.0,-999.0
109016,AIJA,2018,11,23.9,-999.0,-999.0
109016,AIJA,2018,12,55.9,-999.0,-999.0
109016,AIJA,2019,1,97.8,-999.0,-999.0
109016,AIJA,2019,2,76.7,-999.0,-999.0
109016,AIJA,2019,3,107.8,-999.0,-999.0
109016,AIJA,2019,4,24.6,-999.0,-999.0
109016,AIJA,2019,5,16.6,-999.0,-999.0
109016,AIJA,2019,6,8.7,-999.0,-999.0
109016,AIJA,2019,7,0.0,-999.0,-999.0
109016,AIJA,2019,8,0.0,-999.0,-999.0
109016,AIJA,2019,9,5.5,-999.0,-999.0
109016,AIJA,2019,10,18.7,-999.0,-999.0
109016,AIJA,2019,11,11.2,-999.0,-999.0
109016,AIJA,2019,12,69.5,-999.0,-999.0
109016,AIJA,2020,1,24.3,-999.0,-999.0
109016,AIJA,2020,2,59.3,-999.0,-999.0
109016,AIJA,2020,3,-999.0,-999.0,-999.0
109016,AIJA,2020,4,-999.0,-999.0,-999.0
109016,AIJA,2020,5,-999.0,-999.0,-999.0
109016,AIJA,2020,6,-999.0,-999.0,-999.0
109016,AIJA,2020,7,-999.0,-999.0,-999.0
109016,AIJA,2020,8,-999.0,-999.0,-999.0
109016,AIJA,2020,9,14.7,-999.0,-999.0
109016,AIJA,2020,10,9.5,-999.0,-999.0
109016,AIJA,2020,11,28.5,-999.0,-999.0
109016,AIJA,2020,12,123.1,-999.0,-999.0
109016,AIJA,2021,1,121.1,-999.0,-999.0
109016,AIJA,2021,2,11.4,-999.0,-999.0
109016,AIJA,2021,3,77.1,-999.0,-999.0
109016,AIJA,2021,4,47.5,-999.0,-999.0
109016,AIJA,2021,5,3.7,-999.0,-999.0
109016,AIJA,2021,6,0.0,-999.0,-999.0
109016,AIJA,2021,7,0.0,-999.0,-999.0
109016,AIJA,2021,8,7.8,-999.0,-999.0
109016,AIJA,2021,9,5.8,-999.0,-999.0
109016,AIJA,2021,10,49.9,-999.0,-999.0
109016,AIJA,2021,11,23.4,-999.0,-999.0
109016,AIJA,2021,12,44.7,-999.0,-999.0
109016,AIJA,2022,1,16.9,-999.0,-999.0
109016,AIJA,2022,2,64.9,-999.0,-999.0
109016,AIJA,2022,3,124.9,-999.0,-999.0
109016,AIJA,2022,4,40.1,-999.0,-999.0
109016,AIJA,2022,5,12.8,-999.0,-999.0
109016,AIJA,2022,6,0.4,-999.0,-999.0
109016,AIJA,2022,7,2.1,-999.0,-999.0
109016,AIJA,2022,8,0.0,-999.0,-999.0
109016,AIJA,2022,9,6.0,-999.0,-999.0
109016,AIJA,2022,10,11.8,-999.0,-999.0
109016,AIJA,2022,11,8.6,-999.0,-999.0
109016,AIJA,2022,12,48.0,-999.0,-999.0
109016,AIJA,2023,1,84.4,-999.0,-999.0
109016,AIJA,2023,2,87.4,-999.0,-999.0
109016,AIJA,2023,3,146.5,-999.0,-999.0
109016,AIJA,2023,4,48.8,-999.0,-999.0
109016,AIJA,2023,5,1.3,-999.0,-999.0
109016,AIJA,2023,6,0.0,-999.0,-999.0
109016,AIJA,2023,7,0.0,-999.0,-999.0
109016,AIJA,2023,8,0.0,-999.0,-999.0
109016,AIJA,2023,9,6.2,-999.0,-999.0
109016,AIJA,2023,10,58.4,-999.0,-999.0
109016,AIJA,2023,11,36.0,-999.0,-999.0
109016,AIJA,2023,12,56.2,-999.0,-999.0
109016,AIJA,2024,1,69.3,-999.0,-999.0
109016,AIJA,2024,2,48.0,-999.0,-999.0
109016,AIJA,2024,3,63.1,-999.0,-999.0
109016,AIJA,2024,4,52.5,-999.0,-999.0
109016,AIJA,2024,5,5.4,-999.0,-999.0
109016,AIJA,2024,6,0.0,-999.0,-999.0
109016,AIJA,2024,7,0.0,-999.0,-999.0
109016,AIJA,2024,8,2.3,-999.0,-999.0
109016,AIJA,2024,9,9.0,-999.0,-999.0
109016,AIJA,2024,10,16.5,-999.0,-999.0
109016,AIJA,2024,11,28.7,-999.0,-999.0
109016,AIJA,2024,12,49.0,-999.0,-999.0
109016,AIJA,2025,1,57.5,-999.0,-999.0
109016,AIJA,2025,2,100.2,-999.0,-999.0
109016,AIJA,2025,3,85.3,-999.0,-999.0
109016,AIJA,2025,4,34.9,-999.0,-999.0
109016,AIJA,2025,5,24.6,-999.0,-999.0
109016,AIJA,2025,6,0.0,-999.0,-999.0
109016,AIJA,2025,7,0.0,-999.0,-999.0
109016,AIJA,2025,8,0.0,-999.0,-999.0
109016,AIJA,2025,9,14.4,-999.0,-999.0
109016,AIJA,2025,10,28.2,-999.0,-999.0
109016,AIJA,2025,11,0.0,-999.0,-999.0
109016,AIJA,2025,12,0.0,-999.0,-999.0
