CODIGO,ESTACION,YEAR,MONTH,PP,TMAX,TMIN
109045,CHACCHAN,1990,1,1.7,-999.0,-999.0
109045,CHACCHAN,1990,2,6.5,-999.0,-999.0
109045,CHACCHAN,1990,3,24.4,-999.0,-999.0
109045,CHACCHAN,1990,4,0.0,-999.0,-999.0
109045,CHACCHAN,1990,5,0.0,-999.0,-999.0
109045,CHACCHAN,1990,6,0.0,-999.0,-999.0
109045,CHACCHAN,1990,7,0.0,-999.0,-999.0
109045,CHACCHAN,1990,8,0.0,-999.0,-999.0
109045,CHACCHAN,1990,9,0.0,-999.0,-999.0
109045,CHACCHAN,1990,10,30.8,-999.0,-999.0
109045,CHACCHAN,1990,11,-999.0,-999.0,-999.0
109045,CHACCHAN,1990,12,-999.0,-999.0,-999.0
109045,CHACCHAN,1991,1,10.0,-999.0,-999.0
109045,CHACCHAN,1991,2,12.5,-999.0,-999.0
109045,CHACCHAN,1991,3,33.8,-999.0,-999.0
109045,CHACCHAN,1991,4,0.0,-999.0,-999.0
109045,CHACCHAN,1991,5,0.0,-999.0,-999.0
109045,CHACCHAN,1991,6,0.0,-999.0,-999.0
109045,CHACCHAN,1991,7,0.0,-999.0,-999.0
109045,CHACCHAN,1991,8,0.0,-999.0,-999.0
109045,CHACCHAN,1991,9,0.0,-999.0,-999.0
109045,CHACCHAN,1991,10,1.4,-999.0,-999.0
109045,CHACCHAN,1991,11,13.0,-999.0,-999.0
109045,CHACCHAN,1991,12,35.5,-999.0,-999.0
109045,CHACCHAN,1992,1,14.1,-999.0,-999.0
109045,CHACCHAN,1992,2,21.3,-999.0,-999.0
109045,CHACCHAN,1992,3,-999.0,-999.0,-999.0
109045,CHACCHAN,1992,4,0.0,-999.0,-999.0
109045,CHACCHAN,1992,5,0.0,-999.0,-999.0
109045,CHACCHAN,1992,6,0.0,-999.0,-999.0
109045,CHACCHAN,1992,7,2.1,-999.0,-999.0
109045,CHACCHAN,1992,8,0.0,-999.0,-999.0
109045,CHACCHAN,1992,9,7.1,-999.0,-999.0
109045,CHACCHAN,1992,10,-999.0,-999.0,-999.0
109045,CHACCHAN,1992,11,-999.0,-999.0,-999.0
109045,CHACCHAN,1992,12,4.9,-999.0,-999.0
109045,CHACCHAN,1993,1,-999.0,-999.0,-999.0
109045,CHACCHAN,1993,2,51.2,-999.0,-999.0
109045,CHACCHAN,1993,3,72.2,-999.0,-999.0
109045,CHACCHAN,1993,4,-999.0,-999.0,-999.0
109045,CHACCHAN,1993,5,-999.0,-999.0,-999.0
109045,CHACCHAN,1993,6,0.0,-999.0,-999.0
109045,CHACCHAN,1993,7,0.0,-999.0,-999.0
109045,CHACCHAN,1993,8,0.0,-999.0,-999.0
109045,CHACCHAN,1993,9,7.3,-999.0,-999.0
109045,CHACCHAN,1993,10,9.9,-999.0,-999.0
109045,CHACCHAN,1993,11,33.7,-999.0,-999.0
109045,CHACCHAN,1993,12,-999.0,-999.0,-999.0
109045,CHACCHAN,1994,1,-999.0,-999.0,-999.0
109045,CHACCHAN,1994,2,-999.0,-999.0,-999.0
109045,CHACCHAN,1994,3,57.6,-999.0,-999.0
109045,CHACCHAN,1994,4,29.9,-999.0,-999.0
109045,CHACCHAN,1994,5,4.1,-999.0,-999.0
109045,CHACCHAN,1994,6,0.0,-999.0,-999.0
109045,CHACCHAN,1994,7,0.0,-999.0,-999.0
109045,CHACCHAN,1994,8,0.0,-999.0,-999.0
109045,CHACCHAN,1994,9,6.5,-999.0,-999.0
109045,CHACCHAN,1994,10,0.0,-999.0,-999.0
109045,CHACCHAN,1994,11,7.5,-999.0,-999.0
109045,CHACCHAN,1994,12,-999.0,-999.0,-999.0
109045,CHACCHAN,1995,1,-999.0,-999.0,-999.0
109045,CHACCHAN,1995,2,-999.0,-999.0,-999.0
109045,CHACCHAN,1995,3,-999.0,-999.0,-999.0
109045,CHACCHAN,1995,4,16.0,-999.0,-999.0
109045,CHACCHAN,1995,5,-999.0,-999.0,-999.0
109045,CHACCHAN,1995,6,0.0,-999.0,-999.0
109045,CHACCHAN,1995,7,0.0,-999.0,-999.0
109045,CHACCHAN,1995,8,0.0,-999.0,-999.0
109045,CHACCHAN,1995,9,0.0,-999.0,-999.0
109045,CHACCHAN,1995,10,17.9,-999.0,-999.0
109045,CHACCHAN,1995,11,23.5,-999.0,-999.0
109045,CHACCHAN,1995,12,31.1,-999.0,-999.0
109045,CHACCHAN,1996,1,-999.0,-999.0,-999.0
109045,CHACCHAN,1996,2,69.8,-999.0,-999.0
109045,CHACCHAN,1996,3,-999.0,-999.0,-999.0
109045,CHACCHAN,1996,4,-999.0,-999.0,-999.0
109045,CHACCHAN,1996,5,4.7,-999.0,-999.0
109045,CHACCHAN,1996,6,0.0,-999.0,-999.0
109045,CHACCHAN,1996,7,0.0,-999.0,-999.0
109045,CHACCHAN,1996,8,0.0,-999.0,-999.0
109045,CHACCHAN,1996,9,0.0,-999.0,-999.0
109045,CHACCHAN,1996,10,-999.0,-999.0,-999.0
109045,CHACCHAN,1996,11,-999.0,-999.0,-999.0
109045,CHACCHAN,1996,12,-999.0,-999.0,-999.0
109045,CHACCHAN,1997,1,37.0,-999.0,-999.0
109045,CHACCHAN,1997,2,43.2,-999.0,-999.0
109045,CHACCHAN,1997,3,16.6,-999.0,-999.0
109045,CHACCHAN,1997,4,8.2,-999.0,-999.0
109045,CHACCHAN,1997,5,0.0,-999.0,-999.0
109045,CHACCHAN,1997,6,0.0,-999.0,-999.0
109045,CHACCHAN,1997,7,0.0,-999.0,-999.0
109045,CHACCHAN,1997,8,0.0,-999.0,-999.0
109045,CHACCHAN,1997,9,1.2,-999.0,-999.0
109045,CHACCHAN,1997,10,4.1,-999.0,-999.0
109045,CHACCHAN,1997,11,29.7,-999.0,-999.0
109045,CHACCHAN,1997,12,104.3,-999.0,-999.0
109045,CHACCHAN,1998,1,126.2,-999.0,-999.0
109045,CHACCHAN,1998,2,149.2,-999.0,-999.0
109045,CHACCHAN,1998,3,177.4,-999.0,-999.0
109045,CHACCHAN,1998,4,-999.0,-999.0,-999.0
109045,CHACCHAN,1998,5,0.0,-999.0,-999.0
109045,CHACCHAN,1998,6,0.0,-999.0,-999.0
109045,CHACCHAN,1998,7,0.0,-999.0,-999.0
109045,CHACCHAN,1998,8,0.0,-999.0,-999.0
109045,CHACCHAN,1998,9,13.8,-999.0,-999.0
109045,CHACCHAN,1998,10,52.8,-999.0,-999.0
109045,CHACCHAN,1998,11,4.8,-999.0,-999.0
109045,CHACCHAN,1998,12,41.2,-999.0,-999.0
109045,CHACCHAN,1999,1,61.8,-999.0,-999.0
109045,CHACCHAN,1999,2,240.4,-999.0,-999.0
109045,CHACCHAN,1999,3,37.6,-999.0,-999.0
109045,CHACCHAN,1999,4,44.0,-999.0,-999.0
109045,CHACCHAN,1999,5,11.4,-999.0,-999.0
109045,CHACCHAN,1999,6,0.0,-999.0,-999.0
109045,CHACCHAN,1999,7,0.0,-999.0,-999.0
109045,CHACCHAN,1999,8,0.0,-999.0,-999.0
109045,CHACCHAN,1999,9,2.5,-999.0,-999.0
109045,CHACCHAN,1999,10,4.5,-999.0,-999.0
109045,CHACCHAN,1999,11,15.0,-999.0,-999.0
109045,CHACCHAN,1999,12,14.2,-999.0,-999.0
109045,CHACCHAN,2000,1,37.9,-999.0,-999.0
109045,CHACCHAN,2000,2,132.5,-999.0,-999.0
109045,CHACCHAN,2000,3,85.8,-999.0,-999.0
109045,CHACCHAN,2000,4,32.4,-999.0,-999.0
109045,CHACCHAN,2000,5,11.8,-999.0,-999.0
109045,CHACCHAN,2000,6,0.0,-999.0,-999.0
109045,CHACCHAN,2000,7,0.0,-999.0,-999.0
109045,CHACCHAN,2000,8,2.2,-999.0,-999.0
109045,CHACCHAN,2000,9,2.5,-999.0,-999.0
109045,CHACCHAN,2000,10,3.5,-999.0,-999.0
109045,CHACCHAN,2000,11,9.9,-999.0,-999.0
109045,CHACCHAN,2000,12,58.4,-999.0,-999.0
109045,CHACCHAN,2001,1,87.6,-999.0,-999.0
109045,CHACCHAN,2001,2,51.9,-999.0,-999.0
109045,CHACCHAN,2001,3,98.5,-999.0,-999.0
109045,CHACCHAN,2001,4,24.2,-999.0,-999.0
109045,CHACCHAN,2001,5,0.0,-999.0,-999.0
109045,CHACCHAN,2001,6,0.0,-999.0,-999.0
109045,CHACCHAN,2001,7,0.0,-999.0,-999.0
109045,CHACCHAN,2001,8,0.0,-999.0,-999.0
109045,CHACCHAN,2001,9,17.5,-999.0,-999.0
109045,CHACCHAN,2001,10,0.0,-999.0,-999.0
109045,CHACCHAN,2001,11,47.8,-999.0,-999.0
109045,CHACCHAN,2001,12,6.7,-999.0,-999.0
109045,CHACCHAN,2002,1,2.9,-999.0,-999.0
109045,CHACCHAN,2002,2,114.4,-999.0,-999.0
109045,CHACCHAN,2002,3,70.2,-999.0,-999.0
109045,CHACCHAN,2002,4,27.4,-999.0,-999.0
109045,CHACCHAN,2002,5,0.0,-999.0,-999.0
109045,CHACCHAN,2002,6,0.0,-999.0,-999.0
109045,CHACCHAN,2002,7,0.0,-999.0,-999.0
109045,CHACCHAN,2002,8,-999.0,-999.0,-999.0
109045,CHACCHAN,2002,9,1.8,-999.0,-999.0
109045,CHACCHAN,2002,10,14.9,-999.0,-999.0
109045,CHACCHAN,2002,11,25.4,-999.0,-999.0
109045,CHACCHAN,2002,12,6.1,-999.0,-999.0
109045,CHACCHAN,2003,1,9.3,-999.0,-999.0
109045,CHACCHAN,2003,2,35.5,-999.0,-999.0
109045,CHACCHAN,2003,3,43.3,-999.0,-999.0
109045,CHACCHAN,2003,4,10.7,-999.0,-999.0
109045,CHACCHAN,2003,5,0.0,-999.0,-999.0
109045,CHACCHAN,2003,6,0.0,-999.0,-999.0
109045,CHACCHAN,2003,7,0.0,-999.0,-999.0
109045,CHACCHAN,2003,8,0.0,-999.0,-999.0
109045,CHACCHAN,2003,9,0.0,-999.0,-999.0
109045,CHACCHAN,2003,10,9.1,-999.0,-999.0
109045,CHACCHAN,2003,11,1.5,-999.0,-999.0
109045,CHACCHAN,2003,12,68.2,-999.0,-999.0
109045,CHACCHAN,2004,1,5.1,-999.0,-999.0
109045,CHACCHAN,2004,2,18.8,-999.0,-999.0
109045,CHACCHAN,2004,3,30.0,-999.0,-999.0
109045,CHACCHAN,2004,4,21.9,-999.0,-999.0
109045,CHACCHAN,2004,5,0.0,-999.0,-999.0
109045,CHACCHAN,2004,6,0.0,-999.0,-999.0
109045,CHACCHAN,2004,7,0.0,-999.0,-999.0
109045,CHACCHAN,2004,8,0.0,-999.0,-999.0
109045,CHACCHAN,2004,9,1.0,-999.0,-999.0
109045,CHACCHAN,2004,10,18.8,-999.0,-999.0
109045,CHACCHAN,2004,11,17.6,-999.0,-999.0
109045,CHACCHAN,2004,12,24.3,-999.0,-999.0
109045,CHACCHAN,2005,1,0.0,-999.0,-999.0
109045,CHACCHAN,2005,2,15.1,-999.0,-999.0
109045,CHACCHAN,2005,3,47.8,-999.0,-999.0
109045,CHACCHAN,2005,4,4.5,-999.0,-999.0
109045,CHACCHAN,2005,5,0.0,-999.0,-999.0
109045,CHACCHAN,2005,6,0.0,-999.0,-999.0
109045,CHACCHAN,2005,7,0.0,-999.0,-999.0
109045,CHACCHAN,2005,8,0.0,-999.0,-999.0
109045,CHACCHAN,2005,9,0.5,-999.0,-999.0
109045,CHACCHAN,2005,10,0.0,-999.0,-999.0
109045,CHACCHAN,2005,11,0.0,-999.0,-999.0
109045,CHACCHAN,2005,12,44.5,-999.0,-999.0
109045,CHACCHAN,2006,1,34.7,-999.0,-999.0
109045,CHACCHAN,2006,2,42.6,-999.0,-999.0
109045,CHACCHAN,2006,3,130.7,-999.0,-999.0
109045,CHACCHAN,2006,4,57.0,-999.0,-999.0
109045,CHACCHAN,2006,5,0.0,-999.0,-999.0
109045,CHACCHAN,2006,6,0.0,-999.0,-999.0
109045,CHACCHAN,2006,7,0.0,-999.0,-999.0
109045,CHACCHAN,2006,8,0.0,-999.0,-999.0
109045,CHACCHAN,2006,9,0.0,-999.0,-999.0
109045,CHACCHAN,2006,10,3.5,-999.0,-999.0
109045,CHACCHAN,2006,11,20.6,-999.0,-999.0
109045,CHACCHAN,2006,12,36.0,-999.0,-999.0
109045,CHACCHAN,2007,1,39.7,-999.0,-999.0
109045,CHACCHAN,2007,2,25.6,-999.0,-999.0
109045,CHACCHAN,2007,3,89.3,-999.0,-999.0
109045,CHACCHAN,2007,4,55.2,-999.0,-999.0
109045,CHACCHAN,2007,5,6.2,-999.0,-999.0
109045,CHACCHAN,2007,6,0.0,-999.0,-999.0
109045,CHACCHAN,2007,7,0.0,-999.0,-999.0
109045,CHACCHAN,2007,8,0.0,-999.0,-999.0
109045,CHACCHAN,2007,9,0.0,-999.0,-999.0
109045,CHACCHAN,2007,10,4.6,-999.0,-999.0
109045,CHACCHAN,2007,11,12.6,-999.0,-999.0
109045,CHACCHAN,2007,12,15.8,-999.0,-999.0
109045,CHACCHAN,2008,1,103.3,-999.0,-999.0
109045,CHACCHAN,2008,2,83.0,-999.0,-999.0
109045,CHACCHAN,2008,3,133.4,-999.0,-999.0
109045,CHACCHAN,2008,4,28.5,-999.0,-999.0
109045,CHACCHAN,2008,5,0.0,-999.0,-999.0
109045,CHACCHAN,2008,6,0.0,-999.0,-999.0
109045,CHACCHAN,2008,7,0.0,-999.0,-999.0
109045,CHACCHAN,2008,8,0.0,-999.0,-999.0
109045,CHACCHAN,2008,9,0.0,-999.0,-999.0
109045,CHACCHAN,2008,10,72.6,-999.0,-999.0
109045,CHACCHAN,2008,11,9.1,-999.0,-999.0
109045,CHACCHAN,2008,12,0.0,-999.0,-999.0
109045,CHACCHAN,2009,1,109.0,-999.0,-999.0
109045,CHACCHAN,2009,2,136.4,-999.0,-999.0
109045,CHACCHAN,2009,3,102.1,-999.0,-999.0
109045,CHACCHAN,2009,4,83.6,-999.0,-999.0
109045,CHACCHAN,2009,5,18.5,-999.0,-999.0
109045,CHACCHAN,2009,6,0.0,-999.0,-999.0
109045,CHACCHAN,2009,7,0.0,-999.0,-999.0
109045,CHACCHAN,2009,8,0.0,-999.0,-999.0
109045,CHACCHAN,2009,9,0.0,-999.0,-999.0
109045,CHACCHAN,2009,10,24.1,-999.0,-999.0
109045,CHACCHAN,2009,11,40.7,-999.0,-999.0
109045,CHACCHAN,2009,12,124.9,-999.0,-999.0
109045,CHACCHAN,2010,1,87.7,-999.0,-999.0
109045,CHACCHAN,2010,2,17.4,-999.0,-999.0
109045,CHACCHAN,2010,3,21.5,-999.0,-999.0
109045,CHACCHAN,2010,4,9.9,-999.0,-999.0
109045,CHACCHAN,2010,5,0.0,-999.0,-999.0
109045,CHACCHAN,2010,6,0.0,-999.0,-999.0
109045,CHACCHAN,2010,7,0.0,-999.0,-999.0
109045,CHACCHAN,2010,8,0.0,-999.0,-999.0
109045,CHACCHAN,2010,9,0.0,-999.0,-999.0
109045,CHACCHAN,2010,10,0.0,-999.0,-999.0
109045,CHACCHAN,2010,11,0.0,-999.0,-999.0
109045,CHACCHAN,2010,12,71.0,-999.0,-999.0
109045,CHACCHAN,2011,1,106.0,-999.0,-999.0
109045,CHACCHAN,2011,2,15.7,-999.0,-999.0
109045,CHACCHAN,2011,3,70.7,-999.0,-999.0
109045,CHACCHAN,2011,4,19.3,-999.0,-999.0
109045,CHACCHAN,2011,5,0.0,-999.0,-999.0
109045,CHACCHAN,2011,6,0.0,-999.0,-999.0
109045,CHACCHAN,2011,7,0.0,-999.0,-999.0
109045,CHACCHAN,2011,8,0.0,-999.0,-999.0
109045,CHACCHAN,2011,9,0.0,-999.0,-999.0
109045,CHACCHAN,2011,10,0.0,-999.0,-999.0
109045,CHACCHAN,2011,11,26.5,-999.0,-999.0
109045,CHACCHAN,2011,12,90.0,-999.0,-999.0
109045,CHACCHAN,2012,1,26.6,-999.0,-999.0
109045,CHACCHAN,2012,2,84.9,-999.0,-999.0
109045,CHACCHAN,2012,3,79.2,-999.0,-999.0
109045,CHACCHAN,2012,4,47.7,-999.0,-999.0
109045,CHACCHAN,2012,5,0.0,-999.0,-999.0
109045,CHACCHAN,2012,6,0.0,-999.0,-999.0
109045,CHACCHAN,2012,7,0.0,-999.0,-999.0
109045,CHACCHAN,2012,8,0.0,-999.0,-999.0
109045,CHACCHAN,2012,9,0.0,-999.0,-999.0
109045,CHACCHAN,2012,10,0.0,-999.0,-999.0
109045,CHACCHAN,2012,11,15.4,-999.0,-999.0
109045,CHACCHAN,2012,12,13.1,-999.0,-999.0
109045,CHACCHAN,2013,1,0.0,-999.0,-999.0
109045,CHACCHAN,2013,2,83.2,-999.0,-999.0
109045,CHACCHAN,2013,3,92.1,-999.0,-999.0
109045,CHACCHAN,2013,4,0.0,-999.0,-999.0
109045,CHACCHAN,2013,5,0.0,-999.0,-999.0
109045,CHACCHAN,2013,6,0.0,-999.0,-999.0
109045,CHACCHAN,2013,7,0.0,-999.0,-999.0
109045,CHACCHAN,2013,8,0.0,-999.0,-999.0
109045,CHACCHAN,2013,9,0.0,-999.0,-999.0
109045,CHACCHAN,2013,10,9.5,-999.0,-999.0
109045,CHACCHAN,2013,11,0.0,-999.0,-999.0
109045,CHACCHAN,2013,12,51.5,-999.0,-999.0
109045,CHACCHAN,2014,1,11.8,-999.0,-999.0
109045,CHACCHAN,2014,2,71.1,-999.0,-999.0
109045,CHACCHAN,2014,3,98.1,-999.0,-999.0
109045,CHACCHAN,2014,4,4.4,-999.0,-999.0
109045,CHACCHAN,2014,5,0.0,-999.0,-999.0
109045,CHACCHAN,2014,6,0.0,-999.0,-999.0
109045,CHACCHAN,2014,7,0.0,-999.0,-999.0
109045,CHACCHAN,2014,8,0.0,-999.0,-999.0
109045,CHACCHAN,2014,9,0.0,-999.0,-999.0
109045,CHACCHAN,2014,10,0.0,-999.0,-999.0
109045,CHACCHAN,2014,11,49.2,-999.0,-999.0
109045,CHACCHAN,2014,12,36.8,-999.0,-999.0
109045,CHACCHAN,2015,1,23.8,-999.0,-999.0
109045,CHACCHAN,2015,2,50.4,-999.0,-999.0
109045,CHACCHAN,2015,3,109.9,-999.0,-999.0
109045,CHACCHAN,2015,4,0.0,-999.0,-999.0
109045,CHACCHAN,2015,5,0.0,-999.0,-999.0
109045,CHACCHAN,2015,6,0.0,-999.0,-999.0
109045,CHACCHAN,2015,7,0.0,-999.0,-999.0
109045,CHACCHAN,2015,8,0.0,-999.0,-999.0
109045,CHACCHAN,2015,9,0.0,-999.0,-999.0
109045,CHACCHAN,2015,10,7.3,-999.0,-999.0
109045,CHACCHAN,2015,11,22.2,-999.0,-999.0
109045,CHACCHAN,2015,12,43.9,-999.0,-999.0
109045,CHACCHAN,2016,1,36.8,-999.0,-999.0
109045,CHACCHAN,2016,2,84.1,-999.0,-999.0
109045,CHACCHAN,2016,3,51.5,-999.0,-999.0
109045,CHACCHAN,2016,4,0.0,-999.0,-999.0
109045,CHACCHAN,2016,5,0.0,-999.0,-999.0
109045,CHACCHAN,2016,6,0.0,-999.0,-999.0
109045,CHACCHAN,2016,7,0.0,-999.0,-999.0
109045,CHACCHAN,2016,8,0.0,-999.0,-999.0
109045,CHACCHAN,2016,9,0.0,-999.0,-999.0
109045,CHACCHAN,2016,10,0.0,-999.0,-999.0
109045,CHACCHAN,2016,11,0.0,-999.0,-999.0
109045,CHACCHAN,2016,12,0.0,-999.0,-999.0
109045,CHACCHAN,2017,1,135.1,-999.0,-999.0
109045,CHACCHAN,2017,2,101.8,-999.0,-999.0
109045,CHACCHAN,2017,3,242.9,-999.0,-999.0
109045,CHACCHAN,2017,4,0.0,-999.0,-999.0
109045,CHACCHAN,2017,5,0.0,-999.0,-999.0
109045,CHACCHAN,2017,6,0.0,-999.0,-999.0
109045,CHACCHAN,2017,7,0.0,-999.0,-999.0
109045,CHACCHAN,2017,8,0.0,-999.0,-999.0
109045,CHACCHAN,2017,9,0.0,-999.0,-999.0
109045,CHACCHAN,2017,10,0.0,-999.0,-999.0
109045,CHACCHAN,2017,11,0.0,-999.0,-999.0
109045,CHACCHAN,2017,12,0.0,-999.0,-999.0
109045,CHACCHAN,2018,1,91.0,-999.0,-999.0
109045,CHACCHAN,2018,2,43.5,-999.0,-999.0
109045,CHACCHAN,2018,3,71.9,-999.0,-999.0
109045,CHACCHAN,2018,4,8.8,-999.0,-999.0
109045,CHACCHAN,2018,5,0.0,-999.0,-999.0
109045,CHACCHAN,2018,6,0.0,-999.0,-999.0
109045,CHACCHAN,2018,7,0.0,-999.0,-999.0
109045,CHACCHAN,2018,8,0.0,-999.0,-999.0
109045,CHACCHAN,2018,9,0.0,-999.0,-999.0
109045,CHACCHAN,2018,10,0.0,-999.0,-999.0
109045,CHACCHAN,2018,11,0.0,-999.0,-999.0
109045,CHACCHAN,2018,12,23.2,-999.0,-999.0
109045,CHACCHAN,2019,1,105.9,-999.0,-999.0
109045,CHACCHAN,2019,2,69.5,-999.0,-999.0
109045,CHACCHAN,2019,3,43.4,-999.0,-999.0
109045,CHACCHAN,2019,4,0.0,-999.0,-999.0
109045,CHACCHAN,2019,5,0.0,-999.0,-999.0
109045,CHACCHAN,2019,6,0.0,-999.0,-999.0
109045,CHACCHAN,2019,7,0.0,-999.0,-999.0
109045,CHACCHAN,2019,8,0.0,-999.0,-999.0
109045,CHACCHAN,2019,9,0.0,-999.0,-999.0
109045,CHACCHAN,2019,10,0.0,-999.0,-999.0
109045,CHACCHAN,2019,11,0.0,-999.0,-999.0
109045,CHACCHAN,2019,12,9.4,-999.0,-999.0
109045,CHACCHAN,2020,1,31.7,-999.0,-999.0
109045,CHACCHAN,2020,2,0.0,-999.0,-999.0
109045,CHACCHAN,2020,3,0.0,-999.0,-999.0
109045,CHACCHAN,2020,4,5.9,-999.0,-999.0
109045,CHACCHAN,2020,5,15.4,-999.0,-999.0
109045,CHACCHAN,2020,6,0.0,-999.0,-999.0
109045,CHACCHAN,2020,7,0.0,-999.0,-999.0
109045,CHACCHAN,2020,8,0.0,-999.0,-999.0
109045,CHACCHAN,2020,9,3.2,-999.0,-999.0
109045,CHACCHAN,2020,10,5.7,-999.0,-999.0
109045,CHACCHAN,2020,11,0.0,-999.0,-999.0
109045,CHACCHAN,2020,12,68.9,-999.0,-999.0
109045,CHACCHAN,2021,1,43.6,-999.0,-999.0
109045,CHACCHAN,2021,2,4.3,-999.0,-999.0
109045,CHACCHAN,2021,3,75.3,-999.0,-999.0
109045,CHACCHAN,2021,4,10.1,-999.0,-999.0
109045,CHACCHAN,2021,5,2.1,-999.0,-999.0
109045,CHACCHAN,2021,6,0.0,-999.0,-999.0
109045,CHACCHAN,2021,7,0.0,-999.0,-999.0
109045,CHACCHAN,2021,8,0.0,-999.0,-999.0
109045,CHACCHAN,2021,9,0.0,-999.0,-999.0
109045,CHACCHAN,2021,10,15.8,-999.0,-999.0
109045,CHACCHAN,2021,11,9.2,-999.0,-999.0
109045,CHACCHAN,2021,12,18.2,-999.0,-999.0
109045,CHACCHAN,2022,1,7.1,-999.0,-999.0
109045,CHACCHAN,2022,2,79.9,-999.0,-999.0
109045,CHACCHAN,2022,3,150.3,-999.0,-999.0
109045,CHACCHAN,2022,4,51.4,-999.0,-999.0
109045,CHACCHAN,2022,5,0.0,-999.0,-999.0
109045,CHACCHAN,2022,6,0.0,-999.0,-999.0
109045,CHACCHAN,2022,7,0.0,-999.0,-999.0
109045,CHACCHAN,2022,8,0.0,-999.0,-999.0
109045,CHACCHAN,2022,9,0.0,-999.0,-999.0
109045,CHACCHAN,2022,10,0.0,-999.0,-999.0
109045,CHACCHAN,2022,11,2.1,-999.0,-999.0
109045,CHACCHAN,2022,12,0.0,-999.0,-999.0
109045,CHACCHAN,2023,1,38.3,-999.0,-999.0
109045,CHACCHAN,2023,2,127.5,-999.0,-999.0
109045,CHACCHAN,2023,3,131.6,-999.0,-999.0
109045,CHACCHAN,2023,4,72.5,-999.0,-999.0
109045,CHACCHAN,2023,5,0.0,-999.0,-999.0
109045,CHACCHAN,2023,6,0.0,-999.0,-999.0
109045,CHACCHAN,2023,7,0.0,-999.0,-999.0
109045,CHACCHAN,2023,8,0.0,-999.0,-999.0
109045,CHACCHAN,2023,9,0.0,-999.0,-999.0
109045,CHACCHAN,2023,10,25.1,-999.0,-999.0
109045,CHACCHAN,2023,11,32.6,-999.0,-999.0
109045,CHACCHAN,2023,12,53.5,-999.0,-999.0
109045,CHACCHAN,2024,1,99.4,-999.0,-999.0
109045,CHACCHAN,2024,2,116.8,-999.0,-999.0
109045,CHACCHAN,2024,3,29.4,-999.0,-999.0
109045,CHACCHAN,2024,4,29.6,-999.0,-999.0
109045,CHACCHAN,2024,5,0.0,-999.0,-999.0
109045,CHACCHAN,2024,6,0.0,-999.0,-999.0
109045,CHACCHAN,2024,7,0.0,-999.0,-999.0
109045,CHACCHAN,2024,8,0.0,-999.0,-999.0
109045,CHACCHAN,2024,9,0.0,-999.0,-999.0
109045,CHACCHAN,2024,10,3.6,-999.0,-999.0
109045,CHACCHAN,2024,11,0.0,-999.0,-999.0
109045,CHACCHAN,2024,12,44.5,-999.0,-999.0
109045,CHACCHAN,2025,1,43.1,-999.0,-999.0
109045,CHACCHAN,2025,2,170.5,-999.0,-999.0
109045,CHACCHAN,2025,3,142.2,-999.0,-999.0
109045,CHACCHAN,2025,4,50.6,-999.0,-999.0
109045,CHACCHAN,2025,5,0.0,-999.0,-999.0
109045,CHACCHAN,2025,6,0.0,-999.0,-999.0
109045,CHACCHAN,2025,7,0.0,-999.0,-999.0
109045,CHACCHAN,2025,8,0.0,-999.0,-999.0
109045,CHACCHAN,2025,9,0.0,-999.0,-999.0
109045,CHACCHAN,2025,10,0.0,-999.0,-999.0
109045,CHACCHAN,2025,11,0.0,-999.0,-999.0
109045,CHACCHAN,2025,12,0.0,-999.0,-999.0
