CODIGO,ESTACION,YEAR,MONTH,PP,TMAX,TMIN
109014,BUENA VISTA,1990,1,-999.0,31.93,19.66
109014,BUENA VISTA,1990,2,-999.0,32.65,20.2
109014,BUENA VISTA,1990,3,-999.0,32.64,20.29
109014,BUENA VISTA,1990,4,-999.0,30.93,18.44
109014,BUENA VISTA,1990,5,-999.0,28.84,18.07
109014,BUENA VISTA,1990,6,-999.0,25.88,15.42
109014,BUENA VISTA,1990,7,-999.0,23.99,14.82
109014,BUENA VISTA,1990,8,-999.0,24.97,13.59
109014,BUENA VISTA,1990,9,-999.0,26.4,14.3
109014,BUENA VISTA,1990,10,-999.0,27.23,15.27
109014,BUENA VISTA,1990,11,-999.0,27.88,16.1
109014,BUENA VISTA,1990,12,-999.0,30.31,17.85
109014,BUENA VISTA,1991,1,-999.0,31.76,19.5
109014,BUENA VISTA,1991,2,-999.0,32.8,20.04
109014,BUENA VISTA,1991,3,-999.0,32.87,21.38
109014,BUENA VISTA,1991,4,-999.0,30.88,18.71
109014,BUENA VISTA,1991,5,-999.0,29.48,17.48
109014,BUENA VISTA,1991,6,-999.0,26.25,15.57
109014,BUENA VISTA,1991,7,-999.0,24.35,14.14
109014,BUENA VISTA,1991,8,-999.0,24.64,14.4
109014,BUENA VISTA,1991,9,-999.0,26.64,14.9
109014,BUENA VISTA,1991,10,-999.0,27.5,15.97
109014,BUENA VISTA,1991,11,-999.0,28.85,16.81
109014,BUENA VISTA,1991,12,-999.0,30.11,19.03
109014,BUENA VISTA,1992,1,-999.0,32.52,21.2
109014,BUENA VISTA,1992,2,-999.0,33.21,-999.0
109014,BUENA VISTA,1992,3,-999.0,34.36,23.33
109014,BUENA VISTA,1992,4,-999.0,32.81,21.72
109014,BUENA VISTA,1992,5,-999.0,31.33,19.67
109014,BUENA VISTA,1992,6,-999.0,27.0,16.63
109014,BUENA VISTA,1992,7,-999.0,24.76,14.59
109014,BUENA VISTA,1992,8,-999.0,25.87,14.55
109014,BUENA VISTA,1992,9,-999.0,26.15,14.15
109014,BUENA VISTA,1992,10,-999.0,27.89,15.41
109014,BUENA VISTA,1992,11,-999.0,28.98,17.02
109014,BUENA VISTA,1992,12,-999.0,30.38,17.62
109014,BUENA VISTA,1993,1,-999.0,31.95,19.79
109014,BUENA VISTA,1993,2,-999.0,33.19,21.72
109014,BUENA VISTA,1993,3,-999.0,32.69,20.92
109014,BUENA VISTA,1993,4,-999.0,30.87,19.94
109014,BUENA VISTA,1993,5,-999.0,28.28,18.59
109014,BUENA VISTA,1993,6,-999.0,-999.0,17.52
109014,BUENA VISTA,1993,7,-999.0,25.01,15.65
109014,BUENA VISTA,1993,8,-999.0,25.78,14.78
109014,BUENA VISTA,1993,9,-999.0,26.63,15.07
109014,BUENA VISTA,1993,10,-999.0,27.63,15.55
109014,BUENA VISTA,1993,11,-999.0,27.8,16.23
109014,BUENA VISTA,1993,12,-999.0,29.27,18.51
109014,BUENA VISTA,1994,1,-999.0,30.36,20.19
109014,BUENA VISTA,1994,2,-999.0,31.5,20.53
109014,BUENA VISTA,1994,3,-999.0,31.12,20.27
109014,BUENA VISTA,1994,4,-999.0,30.3,19.0
109014,BUENA VISTA,1994,5,-999.0,27.69,17.03
109014,BUENA VISTA,1994,6,-999.0,25.89,15.11
109014,BUENA VISTA,1994,7,-999.0,24.04,13.47
109014,BUENA VISTA,1994,8,-999.0,24.51,13.55
109014,BUENA VISTA,1994,9,-999.0,26.41,14.9
109014,BUENA VISTA,1994,10,-999.0,26.73,15.11
109014,BUENA VISTA,1994,11,-999.0,28.06,16.61
109014,BUENA VISTA,1994,12,-999.0,29.02,-999.0
109014,BUENA VISTA,1995,1,-999.0,32.02,21.24
109014,BUENA VISTA,1995,2,-999.0,32.34,21.25
109014,BUENA VISTA,1995,3,-999.0,31.96,20.24
109014,BUENA VISTA,1995,4,-999.0,30.23,17.88
109014,BUENA VISTA,1995,5,-999.0,28.09,16.44
109014,BUENA VISTA,1995,6,-999.0,26.61,14.63
109014,BUENA VISTA,1995,7,-999.0,25.05,14.12
109014,BUENA VISTA,1995,8,-999.0,25.13,13.37
109014,BUENA VISTA,1995,9,-999.0,26.21,14.56
109014,BUENA VISTA,1995,10,-999.0,26.87,14.83
109014,BUENA VISTA,1995,11,-999.0,28.26,16.6
109014,BUENA VISTA,1995,12,-999.0,30.02,17.4
109014,BUENA VISTA,1996,1,-999.0,31.02,18.9
109014,BUENA VISTA,1996,2,-999.0,32.06,20.05
109014,BUENA VISTA,1996,3,-999.0,31.26,19.83
109014,BUENA VISTA,1996,4,-999.0,28.89,17.08
109014,BUENA VISTA,1996,5,-999.0,26.87,15.47
109014,BUENA VISTA,1996,6,-999.0,22.89,13.53
109014,BUENA VISTA,1996,7,-999.0,22.43,13.03
109014,BUENA VISTA,1996,8,-999.0,23.77,13.23
109014,BUENA VISTA,1996,9,-999.0,25.62,13.74
109014,BUENA VISTA,1996,10,-999.0,26.17,14.62
109014,BUENA VISTA,1996,11,-999.0,26.76,14.68
109014,BUENA VISTA,1996,12,-999.0,28.93,16.96
109014,BUENA VISTA,1997,1,-999.0,31.27,19.59
109014,BUENA VISTA,1997,2,-999.0,32.53,20.37
109014,BUENA VISTA,1997,3,-999.0,32.6,20.74
109014,BUENA VISTA,1997,4,-999.0,31.09,20.14
109014,BUENA VISTA,1997,5,-999.0,30.56,19.57
109014,BUENA VISTA,1997,6,-999.0,29.36,19.85
109014,BUENA VISTA,1997,7,-999.0,29.31,19.22
109014,BUENA VISTA,1997,8,-999.0,28.47,19.44
109014,BUENA VISTA,1997,9,-999.0,29.7,18.88
109014,BUENA VISTA,1997,10,-999.0,29.67,17.64
109014,BUENA VISTA,1997,11,-999.0,-999.0,19.69
109014,BUENA VISTA,1997,12,-999.0,31.49,21.58
109014,BUENA VISTA,1998,1,0.0,-999.0,23.44
109014,BUENA VISTA,1998,2,6.4,32.97,23.39
109014,BUENA VISTA,1998,3,7.7,33.6,22.71
109014,BUENA VISTA,1998,4,0.0,32.3,20.39
109014,BUENA VISTA,1998,5,0.0,28.83,18.49
109014,BUENA VISTA,1998,6,0.0,-999.0,16.49
109014,BUENA VISTA,1998,7,0.0,25.75,15.25
109014,BUENA VISTA,1998,8,0.0,24.84,14.22
109014,BUENA VISTA,1998,9,0.0,25.56,14.43
109014,BUENA VISTA,1998,10,0.0,26.94,15.24
109014,BUENA VISTA,1998,11,0.0,27.58,15.83
109014,BUENA VISTA,1998,12,0.0,29.46,17.05
109014,BUENA VISTA,1999,1,0.0,30.67,18.28
109014,BUENA VISTA,1999,2,15.4,31.42,20.39
109014,BUENA VISTA,1999,3,0.0,31.74,19.04
109014,BUENA VISTA,1999,4,0.0,29.95,17.9
109014,BUENA VISTA,1999,5,0.0,27.33,15.92
109014,BUENA VISTA,1999,6,0.0,24.08,14.01
109014,BUENA VISTA,1999,7,0.0,22.79,13.38
109014,BUENA VISTA,1999,8,0.0,23.91,13.36
109014,BUENA VISTA,1999,9,0.0,24.91,14.05
109014,BUENA VISTA,1999,10,0.0,26.83,14.85
109014,BUENA VISTA,1999,11,0.0,27.68,15.52
109014,BUENA VISTA,1999,12,0.0,29.36,17.63
109014,BUENA VISTA,2000,1,0.0,30.88,18.98
109014,BUENA VISTA,2000,2,0.0,31.94,19.5
109014,BUENA VISTA,2000,3,0.0,32.02,18.84
109014,BUENA VISTA,2000,4,0.0,30.58,18.14
109014,BUENA VISTA,2000,5,0.0,27.04,16.03
109014,BUENA VISTA,2000,6,0.0,24.1,15.55
109014,BUENA VISTA,2000,7,0.0,23.33,15.29
109014,BUENA VISTA,2000,8,0.0,25.06,15.01
109014,BUENA VISTA,2000,9,0.0,25.62,14.02
109014,BUENA VISTA,2000,10,0.0,26.85,14.85
109014,BUENA VISTA,2000,11,0.0,27.37,14.6
109014,BUENA VISTA,2000,12,0.9,29.2,17.68
109014,BUENA VISTA,2001,1,0.0,31.02,19.19
109014,BUENA VISTA,2001,2,0.0,32.49,20.78
109014,BUENA VISTA,2001,3,0.0,32.25,19.87
109014,BUENA VISTA,2001,4,0.0,29.62,18.51
109014,BUENA VISTA,2001,5,0.0,26.15,15.77
109014,BUENA VISTA,2001,6,-999.0,22.61,14.71
109014,BUENA VISTA,2001,7,0.0,23.43,14.56
109014,BUENA VISTA,2001,8,0.0,23.22,14.0
109014,BUENA VISTA,2001,9,0.0,25.13,13.79
109014,BUENA VISTA,2001,10,0.0,26.02,14.38
109014,BUENA VISTA,2001,11,0.0,27.54,15.75
109014,BUENA VISTA,2001,12,0.0,29.25,17.1
109014,BUENA VISTA,2002,1,0.0,31.02,18.27
109014,BUENA VISTA,2002,2,2.8,32.3,20.04
109014,BUENA VISTA,2002,3,0.0,32.4,20.74
109014,BUENA VISTA,2002,4,0.0,30.48,19.28
109014,BUENA VISTA,2002,5,0.0,28.56,16.95
109014,BUENA VISTA,2002,6,0.0,23.87,14.09
109014,BUENA VISTA,2002,7,0.0,23.2,13.77
109014,BUENA VISTA,2002,8,0.0,24.24,14.53
109014,BUENA VISTA,2002,9,0.0,25.44,14.05
109014,BUENA VISTA,2002,10,5.3,27.18,15.65
109014,BUENA VISTA,2002,11,2.3,28.03,16.82
109014,BUENA VISTA,2002,12,0.0,29.6,17.99
109014,BUENA VISTA,2003,1,0.0,30.6,19.56
109014,BUENA VISTA,2003,2,0.0,32.32,20.24
109014,BUENA VISTA,2003,3,0.0,32.4,20.09
109014,BUENA VISTA,2003,4,0.0,29.9,18.21
109014,BUENA VISTA,2003,5,0.0,27.1,16.09
109014,BUENA VISTA,2003,6,0.0,25.56,14.73
109014,BUENA VISTA,2003,7,0.4,24.79,13.92
109014,BUENA VISTA,2003,8,0.0,24.63,13.76
109014,BUENA VISTA,2003,9,0.0,24.93,14.25
109014,BUENA VISTA,2003,10,0.0,26.99,14.8
109014,BUENA VISTA,2003,11,0.0,27.9,15.99
109014,BUENA VISTA,2003,12,0.0,29.79,18.05
109014,BUENA VISTA,2004,1,0.5,31.36,18.95
109014,BUENA VISTA,2004,2,0.6,32.94,19.71
109014,BUENA VISTA,2004,3,1.5,33.02,19.41
109014,BUENA VISTA,2004,4,0.0,30.88,18.06
109014,BUENA VISTA,2004,5,0.0,27.16,15.3
109014,BUENA VISTA,2004,6,0.0,24.63,13.95
109014,BUENA VISTA,2004,7,0.0,24.28,14.34
109014,BUENA VISTA,2004,8,0.0,24.33,13.23
109014,BUENA VISTA,2004,9,0.0,25.98,14.71
109014,BUENA VISTA,2004,10,1.7,27.5,15.29
109014,BUENA VISTA,2004,11,0.0,28.07,16.27
109014,BUENA VISTA,2004,12,0.0,30.15,17.9
109014,BUENA VISTA,2005,1,0.0,31.37,19.32
109014,BUENA VISTA,2005,2,0.0,32.13,19.22
109014,BUENA VISTA,2005,3,0.0,31.89,19.45
109014,BUENA VISTA,2005,4,0.0,31.45,18.14
109014,BUENA VISTA,2005,5,0.0,26.2,15.8
109014,BUENA VISTA,2005,6,0.0,25.08,14.28
109014,BUENA VISTA,2005,7,0.0,23.64,13.82
109014,BUENA VISTA,2005,8,0.0,24.8,13.51
109014,BUENA VISTA,2005,9,0.0,24.54,13.91
109014,BUENA VISTA,2005,10,0.0,25.61,14.09
109014,BUENA VISTA,2005,11,0.0,26.81,14.86
109014,BUENA VISTA,2005,12,0.0,29.93,17.38
109014,BUENA VISTA,2006,1,0.0,32.15,18.96
109014,BUENA VISTA,2006,2,1.0,32.63,20.46
109014,BUENA VISTA,2006,3,0.0,32.55,19.67
109014,BUENA VISTA,2006,4,0.0,30.49,17.48
109014,BUENA VISTA,2006,5,0.0,27.41,15.38
109014,BUENA VISTA,2006,6,0.0,24.71,15.39
109014,BUENA VISTA,2006,7,0.0,25.64,16.68
109014,BUENA VISTA,2006,8,0.0,25.96,15.46
109014,BUENA VISTA,2006,9,0.0,26.76,14.92
109014,BUENA VISTA,2006,10,1.5,27.23,15.56
109014,BUENA VISTA,2006,11,0.0,28.66,16.63
109014,BUENA VISTA,2006,12,0.0,29.92,18.08
109014,BUENA VISTA,2007,1,0.0,32.25,20.18
109014,BUENA VISTA,2007,2,0.0,32.27,20.26
109014,BUENA VISTA,2007,3,0.0,31.95,19.71
109014,BUENA VISTA,2007,4,0.0,30.73,18.04
109014,BUENA VISTA,2007,5,0.0,27.33,15.39
109014,BUENA VISTA,2007,6,0.0,23.84,13.46
109014,BUENA VISTA,2007,7,0.0,23.36,13.55
109014,BUENA VISTA,2007,8,0.0,23.38,13.25
109014,BUENA VISTA,2007,9,0.0,24.88,13.24
109014,BUENA VISTA,2007,10,0.0,25.48,13.6
109014,BUENA VISTA,2007,11,0.0,27.36,14.91
109014,BUENA VISTA,2007,12,0.0,28.66,16.46
109014,BUENA VISTA,2008,1,0.0,30.95,19.63
109014,BUENA VISTA,2008,2,0.0,32.26,20.14
109014,BUENA VISTA,2008,3,0.0,31.99,20.62
109014,BUENA VISTA,2008,4,0.0,30.61,18.38
109014,BUENA VISTA,2008,5,0.0,26.82,15.73
109014,BUENA VISTA,2008,6,0.0,-999.0,16.16
109014,BUENA VISTA,2008,7,0.0,-999.0,15.63
109014,BUENA VISTA,2008,8,0.0,25.46,16.48
109014,BUENA VISTA,2008,9,0.0,26.46,14.93
109014,BUENA VISTA,2008,10,0.0,27.24,15.4
109014,BUENA VISTA,2008,11,3.5,27.82,16.36
109014,BUENA VISTA,2008,12,0.0,29.83,17.73
109014,BUENA VISTA,2009,1,15.5,31.18,19.86
109014,BUENA VISTA,2009,2,0.0,-999.0,20.6
109014,BUENA VISTA,2009,3,1.2,32.51,20.36
109014,BUENA VISTA,2009,4,0.0,31.37,19.1
109014,BUENA VISTA,2009,5,0.0,28.68,16.77
109014,BUENA VISTA,2009,6,0.0,25.43,16.52
109014,BUENA VISTA,2009,7,0.0,24.43,16.0
109014,BUENA VISTA,2009,8,0.0,25.2,15.14
109014,BUENA VISTA,2009,9,0.0,26.03,15.36
109014,BUENA VISTA,2009,10,1.5,27.3,15.34
109014,BUENA VISTA,2009,11,0.0,28.26,16.44
109014,BUENA VISTA,2009,12,0.0,28.96,18.33
109014,BUENA VISTA,2010,1,0.0,31.31,20.19
109014,BUENA VISTA,2010,2,4.0,32.65,21.02
109014,BUENA VISTA,2010,3,1.8,32.66,20.35
109014,BUENA VISTA,2010,4,0.0,31.61,19.09
109014,BUENA VISTA,2010,5,0.0,27.93,16.89
109014,BUENA VISTA,2010,6,0.0,25.62,14.52
109014,BUENA VISTA,2010,7,0.0,23.59,13.21
109014,BUENA VISTA,2010,8,0.0,24.18,13.02
109014,BUENA VISTA,2010,9,0.0,25.46,13.3
109014,BUENA VISTA,2010,10,0.0,26.28,13.79
109014,BUENA VISTA,2010,11,0.0,27.3,14.88
109014,BUENA VISTA,2010,12,0.0,29.84,17.39
109014,BUENA VISTA,2011,1,2.0,31.35,18.82
109014,BUENA VISTA,2011,2,0.0,32.35,19.63
109014,BUENA VISTA,2011,3,0.0,31.49,18.51
109014,BUENA VISTA,2011,4,0.0,31.02,18.04
109014,BUENA VISTA,2011,5,0.0,27.66,16.8
109014,BUENA VISTA,2011,6,0.0,26.41,16.68
109014,BUENA VISTA,2011,7,0.0,24.18,14.96
109014,BUENA VISTA,2011,8,0.0,24.35,14.3
109014,BUENA VISTA,2011,9,0.0,25.8,13.9
109014,BUENA VISTA,2011,10,0.0,26.64,14.27
109014,BUENA VISTA,2011,11,0.0,28.4,16.19
109014,BUENA VISTA,2011,12,0.0,29.83,17.98
109014,BUENA VISTA,2012,1,2.0,31.85,19.45
109014,BUENA VISTA,2012,2,0.0,32.71,20.19
109014,BUENA VISTA,2012,3,0.0,32.45,20.65
109014,BUENA VISTA,2012,4,1.1,31.56,19.48
109014,BUENA VISTA,2012,5,0.0,29.43,17.42
109014,BUENA VISTA,2012,6,0.0,27.15,17.59
109014,BUENA VISTA,2012,7,0.0,25.96,16.52
109014,BUENA VISTA,2012,8,0.0,25.0,14.51
109014,BUENA VISTA,2012,9,0.0,26.46,15.01
109014,BUENA VISTA,2012,10,0.0,26.71,15.15
109014,BUENA VISTA,2012,11,0.0,28.59,16.53
109014,BUENA VISTA,2012,12,0.0,29.51,17.77
109014,BUENA VISTA,2013,1,0.7,31.67,19.44
109014,BUENA VISTA,2013,2,13.2,-999.0,19.84
109014,BUENA VISTA,2013,3,14.6,32.31,20.04
109014,BUENA VISTA,2013,4,0.0,30.02,17.2
109014,BUENA VISTA,2013,5,0.0,27.52,15.88
109014,BUENA VISTA,2013,6,0.0,24.29,14.35
109014,BUENA VISTA,2013,7,0.0,23.9,13.55
109014,BUENA VISTA,2013,8,0.0,24.11,13.42
109014,BUENA VISTA,2013,9,0.0,25.77,14.2
109014,BUENA VISTA,2013,10,0.0,27.0,14.72
109014,BUENA VISTA,2013,11,0.0,27.2,15.56
109014,BUENA VISTA,2013,12,1.5,30.04,18.32
109014,BUENA VISTA,2014,1,0.0,31.92,20.78
109014,BUENA VISTA,2014,2,1.2,31.77,20.23
109014,BUENA VISTA,2014,3,1.7,31.86,20.58
109014,BUENA VISTA,2014,4,0.0,30.15,18.13
109014,BUENA VISTA,2014,5,0.0,28.5,19.06
109014,BUENA VISTA,2014,6,0.0,26.8,18.21
109014,BUENA VISTA,2014,7,0.0,24.89,15.28
109014,BUENA VISTA,2014,8,0.0,25.58,14.5
109014,BUENA VISTA,2014,9,0.0,26.27,14.79
109014,BUENA VISTA,2014,10,0.0,27.41,15.57
109014,BUENA VISTA,2014,11,0.0,28.04,16.64
109014,BUENA VISTA,2014,12,0.0,29.81,18.38
109014,BUENA VISTA,2015,1,6.6,31.12,19.74
109014,BUENA VISTA,2015,2,0.0,32.4,21.82
109014,BUENA VISTA,2015,3,0.0,32.93,21.8
109014,BUENA VISTA,2015,4,0.8,31.38,19.65
109014,BUENA VISTA,2015,5,0.0,29.54,19.83
109014,BUENA VISTA,2015,6,0.0,27.56,18.96
109014,BUENA VISTA,2015,7,0.0,26.65,16.52
109014,BUENA VISTA,2015,8,0.0,25.84,15.63
109014,BUENA VISTA,2015,9,0.0,27.63,16.36
109014,BUENA VISTA,2015,10,0.1,27.97,16.86
109014,BUENA VISTA,2015,11,0.0,28.75,17.58
109014,BUENA VISTA,2015,12,0.0,30.46,19.6
109014,BUENA VISTA,2016,1,0.0,31.75,21.01
109014,BUENA VISTA,2016,2,0.0,32.58,22.03
109014,BUENA VISTA,2016,3,0.0,33.43,21.93
109014,BUENA VISTA,2016,4,0.0,31.34,19.7
109014,BUENA VISTA,2016,5,0.0,28.96,16.83
109014,BUENA VISTA,2016,6,0.0,26.48,14.71
109014,BUENA VISTA,2016,7,0.0,25.74,14.37
109014,BUENA VISTA,2016,8,0.0,25.95,14.27
109014,BUENA VISTA,2016,9,0.0,26.86,14.93
109014,BUENA VISTA,2016,10,0.0,27.91,15.55
109014,BUENA VISTA,2016,11,0.0,28.65,15.67
109014,BUENA VISTA,2016,12,0.0,30.77,18.26
109014,BUENA VISTA,2017,1,0.0,32.68,21.55
109014,BUENA VISTA,2017,2,0.0,33.4,22.46
109014,BUENA VISTA,2017,3,69.4,32.93,22.62
109014,BUENA VISTA,2017,4,0.0,31.76,20.02
109014,BUENA VISTA,2017,5,0.0,29.02,18.48
109014,BUENA VISTA,2017,6,0.0,26.46,16.05
109014,BUENA VISTA,2017,7,0.0,24.94,15.08
109014,BUENA VISTA,2017,8,0.0,24.74,14.08
109014,BUENA VISTA,2017,9,0.0,25.99,14.11
109014,BUENA VISTA,2017,10,0.0,27.13,14.36
109014,BUENA VISTA,2017,11,0.0,27.15,15.04
109014,BUENA VISTA,2017,12,1.9,29.87,17.63
109014,BUENA VISTA,2018,1,1.7,31.36,19.19
109014,BUENA VISTA,2018,2,2.6,32.26,20.14
109014,BUENA VISTA,2018,3,0.0,32.12,19.46
109014,BUENA VISTA,2018,4,0.0,31.0,18.67
109014,BUENA VISTA,2018,5,0.0,27.65,16.21
109014,BUENA VISTA,2018,6,0.0,24.46,15.4
109014,BUENA VISTA,2018,7,0.0,24.43,14.71
109014,BUENA VISTA,2018,8,0.0,24.63,14.36
109014,BUENA VISTA,2018,9,0.0,26.19,14.33
109014,BUENA VISTA,2018,10,0.0,27.02,15.27
109014,BUENA VISTA,2018,11,2.0,28.2,16.93
109014,BUENA VISTA,2018,12,9.3,29.76,18.15
109014,BUENA VISTA,2019,1,5.2,-999.0,20.55
109014,BUENA VISTA,2019,2,1.0,33.27,22.25
109014,BUENA VISTA,2019,3,1.2,33.02,20.95
109014,BUENA VISTA,2019,4,0.0,30.85,19.05
109014,BUENA VISTA,2019,5,0.0,28.1,17.33
109014,BUENA VISTA,2019,6,0.0,25.5,15.14
109014,BUENA VISTA,2019,7,0.0,24.63,13.9
109014,BUENA VISTA,2019,8,0.0,24.77,13.28
109014,BUENA VISTA,2019,9,1.0,25.63,14.0
109014,BUENA VISTA,2019,10,0.2,-999.0,14.67
109014,BUENA VISTA,2019,11,0.0,28.62,16.83
109014,BUENA VISTA,2019,12,0.0,30.27,18.61
109014,BUENA VISTA,2020,1,0.0,32.11,20.41
109014,BUENA VISTA,2020,2,0.0,33.46,21.13
109014,BUENA VISTA,2020,3,-999.0,-999.0,-999.0
109014,BUENA VISTA,2020,4,-999.0,-999.0,-999.0
109014,BUENA VISTA,2020,5,-999.0,-999.0,-999.0
109014,BUENA VISTA,2020,6,-999.0,-999.0,-999.0
109014,BUENA VISTA,2020,7,-999.0,-999.0,-999.0
109014,BUENA VISTA,2020,8,-999.0,-999.0,-999.0
109014,BUENA VISTA,2020,9,-999.0,-999.0,-999.0
109014,BUENA VISTA,2020,10,-999.0,-999.0,-999.0
109014,BUENA VISTA,2020,11,-999.0,-999.0,-999.0
109014,BUENA VISTA,2020,12,-999.0,-999.0,-999.0
109014,BUENA VISTA,2021,1,1.2,31.95,19.67
109014,BUENA VISTA,2021,2,0.0,32.73,19.25
109014,BUENA VISTA,2021,3,3.8,32.78,19.94
109014,BUENA VISTA,2021,4,0.1,30.2,17.48
109014,BUENA VISTA,2021,5,0.0,27.51,16.3
109014,BUENA VISTA,2021,6,0.2,26.11,16.27
109014,BUENA VISTA,2021,7,0.2,25.08,15.18
109014,BUENA VISTA,2021,8,0.3,24.91,14.25
109014,BUENA VISTA,2021,9,0.0,25.93,13.82
109014,BUENA VISTA,2021,10,0.0,27.43,14.35
109014,BUENA VISTA,2021,11,0.0,27.27,15.65
109014,BUENA VISTA,2021,12,0.0,29.08,17.5
109014,BUENA VISTA,2022,1,0.1,30.86,19.37
109014,BUENA VISTA,2022,2,2.1,31.2,19.48
109014,BUENA VISTA,2022,3,0.9,32.12,20.01
109014,BUENA VISTA,2022,4,1.4,29.44,16.85
109014,BUENA VISTA,2022,5,0.0,26.94,14.89
109014,BUENA VISTA,2022,6,0.1,24.63,13.57
109014,BUENA VISTA,2022,7,0.0,23.69,12.97
109014,BUENA VISTA,2022,8,0.0,24.45,13.06
109014,BUENA VISTA,2022,9,0.0,24.53,13.18
109014,BUENA VISTA,2022,10,0.0,25.61,13.31
109014,BUENA VISTA,2022,11,0.0,26.59,15.26
109014,BUENA VISTA,2022,12,0.2,29.6,18.24
109014,BUENA VISTA,2023,1,1.9,31.43,19.47
109014,BUENA VISTA,2023,2,5.3,32.7,21.77
109014,BUENA VISTA,2023,3,-999.0,32.68,22.77
109014,BUENA VISTA,2023,4,0.0,33.11,23.04
109014,BUENA VISTA,2023,5,0.0,30.09,20.31
109014,BUENA VISTA,2023,6,0.0,28.03,18.69
109014,BUENA VISTA,2023,7,0.3,27.67,18.38
109014,BUENA VISTA,2023,8,0.0,27.39,17.79
109014,BUENA VISTA,2023,9,0.6,28.14,17.01
109014,BUENA VISTA,2023,10,2.9,29.39,17.85
109014,BUENA VISTA,2023,11,1.8,28.92,17.59
109014,BUENA VISTA,2023,12,0.7,30.57,19.89
109014,BUENA VISTA,2024,1,0.6,32.17,21.72
109014,BUENA VISTA,2024,2,1.5,33.54,23.2
109014,BUENA VISTA,2024,3,0.1,33.11,21.73
109014,BUENA VISTA,2024,4,0.3,31.38,19.96
109014,BUENA VISTA,2024,5,0.0,27.04,16.02
109014,BUENA VISTA,2024,6,0.0,25.49,14.87
109014,BUENA VISTA,2024,7,0.4,24.56,14.12
109014,BUENA VISTA,2024,8,0.0,24.47,13.79
109014,BUENA VISTA,2024,9,0.0,25.9,14.01
109014,BUENA VISTA,2024,10,0.7,27.18,15.27
109014,BUENA VISTA,2024,11,0.0,27.6,16.76
109014,BUENA VISTA,2024,12,-999.0,30.17,18.49
109014,BUENA VISTA,2025,1,3.2,31.22,20.0
109014,BUENA VISTA,2025,2,2.2,32.99,21.87
109014,BUENA VISTA,2025,3,4.3,32.64,21.19
109014,BUENA VISTA,2025,4,0.6,30.44,18.42
109014,BUENA VISTA,2025,5,0.1,27.38,16.47
109014,BUENA VISTA,2025,6,0.2,25.09,17.04
109014,BUENA VISTA,2025,7,-999.0,25.5,15.2
109014,BUENA VISTA,2025,8,0.0,25.11,14.68
109014,BUENA VISTA,2025,9,-999.0,26.26,14.37
109014,BUENA VISTA,2025,10,0.5,27.81,15.6
109014,BUENA VISTA,2025,11,0.1,28.62,16.32
109014,BUENA VISTA,2025,12,0.0,28.72,16.57
