CODIGO,ESTACION,YEAR,MONTH,PP,TMAX,TMIN
109038,MALVAS,1990,1,15.4,-999.0,-999.0
109038,MALVAS,1990,2,47.5,-999.0,-999.0
109038,MALVAS,1990,3,50.2,-999.0,-999.0
109038,MALVAS,1990,4,2.8,-999.0,-999.0
109038,MALVAS,1990,5,0.0,-999.0,-999.0
109038,MALVAS,1990,6,0.0,-999.0,-999.0
109038,MALVAS,1990,7,0.0,-999.0,-999.0
109038,MALVAS,1990,8,0.0,-999.0,-999.0
109038,MALVAS,1990,9,1.0,-999.0,-999.0
109038,MALVAS,1990,10,28.9,-999.0,-999.0
109038,MALVAS,1990,11,46.2,-999.0,-999.0
109038,MALVAS,1990,12,41.8,-999.0,-999.0
109038,MALVAS,1991,1,30.4,-999.0,-999.0
109038,MALVAS,1991,2,55.1,-999.0,-999.0
109038,MALVAS,1991,3,144.5,-999.0,-999.0
109038,MALVAS,1991,4,35.6,-999.0,-999.0
109038,MALVAS,1991,5,8.5,-999.0,-999.0
109038,MALVAS,1991,6,0.0,-999.0,-999.0
109038,MALVAS,1991,7,0.0,-999.0,-999.0
109038,MALVAS,1991,8,0.0,-999.0,-999.0
109038,MALVAS,1991,9,0.0,-999.0,-999.0
109038,MALVAS,1991,10,60.9,-999.0,-999.0
109038,MALVAS,1991,11,10.8,-999.0,-999.0
109038,MALVAS,1991,12,24.4,-999.0,-999.0
109038,MALVAS,1992,1,34.5,-999.0,-999.0
109038,MALVAS,1992,2,54.6,-999.0,-999.0
109038,MALVAS,1992,3,63.0,-999.0,-999.0
109038,MALVAS,1992,4,56.6,-999.0,-999.0
109038,MALVAS,1992,5,0.0,-999.0,-999.0
109038,MALVAS,1992,6,0.0,-999.0,-999.0
109038,MALVAS,1992,7,0.0,-999.0,-999.0
109038,MALVAS,1992,8,0.0,-999.0,-999.0
109038,MALVAS,1992,9,1.5,-999.0,-999.0
109038,MALVAS,1992,10,15.9,-999.0,-999.0
109038,MALVAS,1992,11,0.9,-999.0,-999.0
109038,MALVAS,1992,12,11.3,-999.0,-999.0
109038,MALVAS,1993,1,39.8,-999.0,-999.0
109038,MALVAS,1993,2,114.6,-999.0,-999.0
109038,MALVAS,1993,3,264.7,-999.0,-999.0
109038,MALVAS,1993,4,33.9,-999.0,-999.0
109038,MALVAS,1993,5,13.5,-999.0,-999.0
109038,MALVAS,1993,6,0.0,-999.0,-999.0
109038,MALVAS,1993,7,0.0,-999.0,-999.0
109038,MALVAS,1993,8,0.0,-999.0,-999.0
109038,MALVAS,1993,9,0.4,-999.0,-999.0
109038,MALVAS,1993,10,18.6,-999.0,-999.0
109038,MALVAS,1993,11,22.5,-999.0,-999.0
109038,MALVAS,1993,12,43.7,-999.0,-999.0
109038,MALVAS,1994,1,75.1,-999.0,-999.0
109038,MALVAS,1994,2,101.0,-999.0,-999.0
109038,MALVAS,1994,3,194.8,-999.0,-999.0
109038,MALVAS,1994,4,49.4,-999.0,-999.0
109038,MALVAS,1994,5,18.5,-999.0,-999.0
109038,MALVAS,1994,6,0.0,-999.0,-999.0
109038,MALVAS,1994,7,0.0,-999.0,-999.0
109038,MALVAS,1994,8,0.0,-999.0,-999.0
109038,MALVAS,1994,9,6.4,-999.0,-999.0
109038,MALVAS,1994,10,1.1,-999.0,-999.0
109038,MALVAS,1994,11,18.5,-999.0,-999.0
109038,MALVAS,1994,12,54.0,-999.0,-999.0
109038,MALVAS,1995,1,52.1,-999.0,-999.0
109038,MALVAS,1995,2,44.0,-999.0,-999.0
109038,MALVAS,1995,3,45.7,-999.0,-999.0
109038,MALVAS,1995,4,34.6,-999.0,-999.0
109038,MALVAS,1995,5,3.3,-999.0,-999.0
109038,MALVAS,1995,6,0.0,-999.0,-999.0
109038,MALVAS,1995,7,0.0,-999.0,-999.0
109038,MALVAS,1995,8,0.0,-999.0,-999.0
109038,MALVAS,1995,9,0.0,-999.0,-999.0
109038,MALVAS,1995,10,20.7,-999.0,-999.0
109038,MALVAS,1995,11,23.9,-999.0,-999.0
109038,MALVAS,1995,12,27.5,-999.0,-999.0
109038,MALVAS,1996,1,99.1,-999.0,-999.0
109038,MALVAS,1996,2,121.7,-999.0,-999.0
109038,MALVAS,1996,3,110.8,-999.0,-999.0
109038,MALVAS,1996,4,31.7,-999.0,-999.0
109038,MALVAS,1996,5,13.1,-999.0,-999.0
109038,MALVAS,1996,6,0.0,-999.0,-999.0
109038,MALVAS,1996,7,0.0,-999.0,-999.0
109038,MALVAS,1996,8,0.0,-999.0,-999.0
109038,MALVAS,1996,9,0.3,-999.0,-999.0
109038,MALVAS,1996,10,9.8,-999.0,-999.0
109038,MALVAS,1996,11,4.1,-999.0,-999.0
109038,MALVAS,1996,12,3.2,-999.0,-999.0
109038,MALVAS,1997,1,59.5,-999.0,-999.0
109038,MALVAS,1997,2,108.2,-999.0,-999.0
109038,MALVAS,1997,3,63.6,-999.0,-999.0
109038,MALVAS,1997,4,34.9,-999.0,-999.0
109038,MALVAS,1997,5,14.1,-999.0,-999.0
109038,MALVAS,1997,6,0.0,-999.0,-999.0
109038,MALVAS,1997,7,0.0,-999.0,-999.0
109038,MALVAS,1997,8,0.0,-999.0,-999.0
109038,MALVAS,1997,9,5.6,-999.0,-999.0
109038,MALVAS,1997,10,7.1,-999.0,-999.0
109038,MALVAS,1997,11,64.3,-999.0,-999.0
109038,MALVAS,1997,12,193.3,-999.0,-999.0
109038,MALVAS,1998,1,223.9,-999.0,-999.0
109038,MALVAS,1998,2,248.8,-999.0,-999.0
109038,MALVAS,1998,3,259.6,-999.0,-999.0
109038,MALVAS,1998,4,57.6,-999.0,-999.0
109038,MALVAS,1998,5,1.9,-999.0,-999.0
109038,MALVAS,1998,6,0.0,-999.0,-999.0
109038,MALVAS,1998,7,0.0,-999.0,-999.0
109038,MALVAS,1998,8,0.0,-999.0,-999.0
109038,MALVAS,1998,9,0.0,-999.0,-999.0
109038,MALVAS,1998,10,24.6,-999.0,-999.0
109038,MALVAS,1998,11,1.8,-999.0,-999.0
109038,MALVAS,1998,12,44.1,-999.0,-999.0
109038,MALVAS,1999,1,93.4,-999.0,-999.0
109038,MALVAS,1999,2,323.5,-999.0,-999.0
109038,MALVAS,1999,3,102.5,-999.0,-999.0
109038,MALVAS,1999,4,55.1,-999.0,-999.0
109038,MALVAS,1999,5,21.2,-999.0,-999.0
109038,MALVAS,1999,6,0.0,-999.0,-999.0
109038,MALVAS,1999,7,0.0,-999.0,-999.0
109038,MALVAS,1999,8,0.0,-999.0,-999.0
109038,MALVAS,1999,9,7.2,-999.0,-999.0
109038,MALVAS,1999,10,16.0,-999.0,-999.0
109038,MALVAS,1999,11,16.0,-999.0,-999.0
109038,MALVAS,1999,12,29.8,-999.0,-999.0
109038,MALVAS,2000,1,94.2,-999.0,-999.0
109038,MALVAS,2000,2,197.0,-999.0,-999.0
109038,MALVAS,2000,3,102.4,-999.0,-999.0
109038,MALVAS,2000,4,55.5,-999.0,-999.0
109038,MALVAS,2000,5,12.4,-999.0,-999.0
109038,MALVAS,2000,6,0.0,-999.0,-999.0
109038,MALVAS,2000,7,0.0,-999.0,-999.0
109038,MALVAS,2000,8,2.1,-999.0,-999.0
109038,MALVAS,2000,9,16.0,-999.0,-999.0
109038,MALVAS,2000,10,7.7,-999.0,-999.0
109038,MALVAS,2000,11,14.2,-999.0,-999.0
109038,MALVAS,2000,12,65.6,-999.0,-999.0
109038,MALVAS,2001,1,170.0,-999.0,-999.0
109038,MALVAS,2001,2,90.8,-999.0,-999.0
109038,MALVAS,2001,3,176.3,-999.0,-999.0
109038,MALVAS,2001,4,46.7,-999.0,-999.0
109038,MALVAS,2001,5,4.3,-999.0,-999.0
109038,MALVAS,2001,6,0.0,-999.0,-999.0
109038,MALVAS,2001,7,0.0,-999.0,-999.0
109038,MALVAS,2001,8,0.0,-999.0,-999.0
109038,MALVAS,2001,9,7.7,-999.0,-999.0
109038,MALVAS,2001,10,13.3,-999.0,-999.0
109038,MALVAS,2001,11,35.7,-999.0,-999.0
109038,MALVAS,2001,12,14.3,-999.0,-999.0
109038,MALVAS,2002,1,36.9,-999.0,-999.0
109038,MALVAS,2002,2,171.6,-999.0,-999.0
109038,MALVAS,2002,3,83.8,-999.0,-999.0
109038,MALVAS,2002,4,90.6,-999.0,-999.0
109038,MALVAS,2002,5,0.7,-999.0,-999.0
109038,MALVAS,2002,6,3.6,-999.0,-999.0
109038,MALVAS,2002,7,0.0,-999.0,-999.0
109038,MALVAS,2002,8,0.0,-999.0,-999.0
109038,MALVAS,2002,9,5.3,-999.0,-999.0
109038,MALVAS,2002,10,16.4,-999.0,-999.0
109038,MALVAS,2002,11,-999.0,-999.0,-999.0
109038,MALVAS,2002,12,-999.0,-999.0,-999.0
109038,MALVAS,2003,1,-999.0,-999.0,-999.0
109038,MALVAS,2003,2,50.0,-999.0,-999.0
109038,MALVAS,2003,3,86.4,-999.0,-999.0
109038,MALVAS,2003,4,21.0,-999.0,-999.0
109038,MALVAS,2003,5,1.8,-999.0,-999.0
109038,MALVAS,2003,6,0.3,-999.0,-999.0
109038,MALVAS,2003,7,1.0,-999.0,-999.0
109038,MALVAS,2003,8,0.0,-999.0,-999.0
109038,MALVAS,2003,9,0.0,-999.0,-999.0
109038,MALVAS,2003,10,9.3,-999.0,-999.0
109038,MALVAS,2003,11,5.5,-999.0,-999.0
109038,MALVAS,2003,12,95.0,-999.0,-999.0
109038,MALVAS,2004,1,32.2,-999.0,-999.0
109038,MALVAS,2004,2,86.9,14.24,-999.0
109038,MALVAS,2004,3,56.4,15.63,8.12
109038,MALVAS,2004,4,40.7,17.14,7.42
109038,MALVAS,2004,5,0.0,18.18,8.4
109038,MALVAS,2004,6,0.4,18.69,7.87
109038,MALVAS,2004,7,0.0,17.86,7.4
109038,MALVAS,2004,8,0.0,19.06,7.73
109038,MALVAS,2004,9,10.3,17.46,8.12
109038,MALVAS,2004,10,19.0,16.41,-999.0
109038,MALVAS,2004,11,35.2,15.92,8.27
109038,MALVAS,2004,12,62.7,14.9,7.97
109038,MALVAS,2005,1,67.7,14.29,7.45
109038,MALVAS,2005,2,38.3,14.71,7.81
109038,MALVAS,2005,3,66.9,14.38,7.78
109038,MALVAS,2005,4,26.5,16.85,-999.0
109038,MALVAS,2005,5,-999.0,-999.0,-999.0
109038,MALVAS,2005,6,0.0,18.66,-999.0
109038,MALVAS,2005,7,0.0,18.69,-999.0
109038,MALVAS,2005,8,0.0,17.86,-999.0
109038,MALVAS,2005,9,0.0,17.29,-999.0
109038,MALVAS,2005,10,6.7,16.67,-999.0
109038,MALVAS,2005,11,0.0,16.12,-999.0
109038,MALVAS,2005,12,58.3,13.57,-999.0
109038,MALVAS,2006,1,74.9,13.98,-999.0
109038,MALVAS,2006,2,94.5,13.65,-999.0
109038,MALVAS,2006,3,174.9,14.64,-999.0
109038,MALVAS,2006,4,55.4,15.61,-999.0
109038,MALVAS,2006,5,0.2,18.3,-999.0
109038,MALVAS,2006,6,0.0,18.52,-999.0
109038,MALVAS,2006,7,0.0,18.59,-999.0
109038,MALVAS,2006,8,0.6,18.53,-999.0
109038,MALVAS,2006,9,0.5,17.98,-999.0
109038,MALVAS,2006,10,7.3,17.4,-999.0
109038,MALVAS,2006,11,35.0,15.81,-999.0
109038,MALVAS,2006,12,67.1,14.75,-999.0
109038,MALVAS,2007,1,70.8,15.04,-999.0
109038,MALVAS,2007,2,48.8,14.61,-999.0
109038,MALVAS,2007,3,187.3,14.27,-999.0
109038,MALVAS,2007,4,48.9,15.54,-999.0
109038,MALVAS,2007,5,14.1,17.19,7.8
109038,MALVAS,2007,6,0.4,17.83,7.63
109038,MALVAS,2007,7,0.0,18.38,7.56
109038,MALVAS,2007,8,0.0,17.62,-999.0
109038,MALVAS,2007,9,0.0,17.95,9.01
109038,MALVAS,2007,10,16.8,16.24,-999.0
109038,MALVAS,2007,11,3.6,16.8,-999.0
109038,MALVAS,2007,12,12.9,14.72,-999.0
109038,MALVAS,2008,1,90.2,13.03,7.86
109038,MALVAS,2008,2,124.3,12.4,7.96
109038,MALVAS,2008,3,192.5,13.14,-999.0
109038,MALVAS,2008,4,75.5,14.35,7.76
109038,MALVAS,2008,5,0.0,16.83,-999.0
109038,MALVAS,2008,6,0.0,17.98,7.29
109038,MALVAS,2008,7,0.1,17.97,7.24
109038,MALVAS,2008,8,0.0,17.73,-999.0
109038,MALVAS,2008,9,0.0,18.35,-999.0
109038,MALVAS,2008,10,14.6,16.45,-999.0
109038,MALVAS,2008,11,38.9,15.22,7.96
109038,MALVAS,2008,12,22.8,14.85,-999.0
109038,MALVAS,2009,1,176.3,14.0,8.26
109038,MALVAS,2009,2,167.3,13.5,-999.0
109038,MALVAS,2009,3,142.7,14.08,8.23
109038,MALVAS,2009,4,51.6,15.72,-999.0
109038,MALVAS,2009,5,-999.0,17.52,8.15
109038,MALVAS,2009,6,0.0,18.56,7.41
109038,MALVAS,2009,7,0.0,18.62,-999.0
109038,MALVAS,2009,8,0.0,18.25,7.73
109038,MALVAS,2009,9,5.6,18.28,-999.0
109038,MALVAS,2009,10,24.1,16.47,8.19
109038,MALVAS,2009,11,28.7,16.22,8.71
109038,MALVAS,2009,12,19.4,15.73,8.52
109038,MALVAS,2010,1,38.2,15.65,8.52
109038,MALVAS,2010,2,60.7,16.22,9.0
109038,MALVAS,2010,3,99.1,15.68,9.64
109038,MALVAS,2010,4,-999.0,16.23,-999.0
109038,MALVAS,2010,5,12.9,17.09,7.84
109038,MALVAS,2010,6,0.3,17.43,8.01
109038,MALVAS,2010,7,0.0,17.44,7.05
109038,MALVAS,2010,8,0.0,17.96,7.73
109038,MALVAS,2010,9,4.6,17.2,-999.0
109038,MALVAS,2010,10,5.3,16.52,-999.0
109038,MALVAS,2010,11,13.9,15.39,5.86
109038,MALVAS,2010,12,65.0,13.02,5.68
109038,MALVAS,2011,1,73.3,12.9,6.96
109038,MALVAS,2011,2,38.0,13.54,-999.0
109038,MALVAS,2011,3,69.6,13.35,7.45
109038,MALVAS,2011,4,67.9,15.75,7.33
109038,MALVAS,2011,5,0.0,18.1,6.72
109038,MALVAS,2011,6,0.0,17.91,6.73
109038,MALVAS,2011,7,0.8,17.81,6.82
109038,MALVAS,2011,8,0.0,18.67,6.85
109038,MALVAS,2011,9,0.4,17.88,7.88
109038,MALVAS,2011,10,1.6,16.44,6.63
109038,MALVAS,2011,11,19.4,15.36,7.5
109038,MALVAS,2011,12,74.8,14.08,7.9
109038,MALVAS,2012,1,48.0,13.22,7.42
109038,MALVAS,2012,2,112.1,13.34,7.02
109038,MALVAS,2012,3,171.8,15.84,8.21
109038,MALVAS,2012,4,81.2,16.48,7.59
109038,MALVAS,2012,5,0.2,18.61,7.82
109038,MALVAS,2012,6,0.1,19.05,7.35
109038,MALVAS,2012,7,0.0,19.72,7.76
109038,MALVAS,2012,8,0.0,19.62,7.54
109038,MALVAS,2012,9,10.1,19.29,8.32
109038,MALVAS,2012,10,29.3,17.11,8.12
109038,MALVAS,2012,11,29.2,16.19,8.37
109038,MALVAS,2012,12,21.6,15.36,7.77
109038,MALVAS,2013,1,23.1,16.63,8.43
109038,MALVAS,2013,2,114.9,13.84,8.31
109038,MALVAS,2013,3,139.7,14.96,8.92
109038,MALVAS,2013,4,14.3,17.09,8.3
109038,MALVAS,2013,5,1.5,17.29,7.83
109038,MALVAS,2013,6,0.0,18.67,7.85
109038,MALVAS,2013,7,0.0,18.49,6.76
109038,MALVAS,2013,8,0.0,19.2,7.26
109038,MALVAS,2013,9,2.1,18.73,7.6
109038,MALVAS,2013,10,26.7,16.29,7.78
109038,MALVAS,2013,11,20.6,15.95,6.91
109038,MALVAS,2013,12,47.3,15.35,7.46
109038,MALVAS,2014,1,75.8,14.75,7.58
109038,MALVAS,2014,2,63.0,14.25,8.04
109038,MALVAS,2014,3,109.4,13.98,7.8
109038,MALVAS,2014,4,31.1,17.37,8.29
109038,MALVAS,2014,5,19.6,17.45,7.48
109038,MALVAS,2014,6,0.0,18.99,7.7
109038,MALVAS,2014,7,0.2,19.35,7.85
109038,MALVAS,2014,8,1.0,18.35,7.15
109038,MALVAS,2014,9,6.1,18.17,7.69
109038,MALVAS,2014,10,8.5,17.26,7.05
109038,MALVAS,2014,11,35.5,16.25,6.96
109038,MALVAS,2014,12,44.5,15.37,7.39
109038,MALVAS,2015,1,74.8,16.31,7.66
109038,MALVAS,2015,2,102.6,14.92,7.06
109038,MALVAS,2015,3,183.6,14.95,7.43
109038,MALVAS,2015,4,44.0,16.65,7.6
109038,MALVAS,2015,5,1.1,18.38,7.61
109038,MALVAS,2015,6,0.3,19.04,7.62
109038,MALVAS,2015,7,0.0,18.94,7.01
109038,MALVAS,2015,8,0.0,19.25,7.03
109038,MALVAS,2015,9,1.2,19.19,7.9
109038,MALVAS,2015,10,12.2,17.85,7.67
109038,MALVAS,2015,11,23.8,17.92,7.74
109038,MALVAS,2015,12,59.8,17.56,8.62
109038,MALVAS,2016,1,52.6,17.32,8.22
109038,MALVAS,2016,2,131.8,16.57,8.28
109038,MALVAS,2016,3,70.2,17.06,-999.0
109038,MALVAS,2016,4,43.2,18.6,-999.0
109038,MALVAS,2016,5,2.7,19.83,-999.0
109038,MALVAS,2016,6,1.2,19.27,-999.0
109038,MALVAS,2016,7,0.0,19.32,-999.0
109038,MALVAS,2016,8,0.0,19.36,-999.0
109038,MALVAS,2016,9,6.1,18.54,-999.0
109038,MALVAS,2016,10,0.0,18.18,-999.0
109038,MALVAS,2016,11,0.0,18.3,-999.0
109038,MALVAS,2016,12,18.3,15.82,-999.0
109038,MALVAS,2017,1,174.3,13.55,-999.0
109038,MALVAS,2017,2,166.8,14.01,-999.0
109038,MALVAS,2017,3,346.5,13.72,-999.0
109038,MALVAS,2017,4,34.8,16.11,-999.0
109038,MALVAS,2017,5,2.9,17.08,-999.0
109038,MALVAS,2017,6,1.0,17.81,-999.0
109038,MALVAS,2017,7,0.0,18.45,-999.0
109038,MALVAS,2017,8,0.0,18.11,-999.0
109038,MALVAS,2017,9,5.6,17.93,-999.0
109038,MALVAS,2017,10,15.9,17.58,-999.0
109038,MALVAS,2017,11,11.0,16.92,-999.0
109038,MALVAS,2017,12,22.7,16.5,-999.0
109038,MALVAS,2018,1,78.5,14.8,-999.0
109038,MALVAS,2018,2,76.3,14.83,-999.0
109038,MALVAS,2018,3,106.5,14.76,-999.0
109038,MALVAS,2018,4,50.7,14.86,-999.0
109038,MALVAS,2018,5,7.5,17.04,-999.0
109038,MALVAS,2018,6,2.5,18.03,-999.0
109038,MALVAS,2018,7,0.0,18.63,-999.0
109038,MALVAS,2018,8,0.0,19.03,-999.0
109038,MALVAS,2018,9,0.0,18.59,-999.0
109038,MALVAS,2018,10,8.5,16.99,-999.0
109038,MALVAS,2018,11,10.4,17.13,-999.0
109038,MALVAS,2018,12,27.5,16.96,-999.0
109038,MALVAS,2019,1,98.1,16.04,-999.0
109038,MALVAS,2019,2,193.1,15.1,-999.0
109038,MALVAS,2019,3,78.0,16.47,-999.0
109038,MALVAS,2019,4,16.1,17.56,-999.0
109038,MALVAS,2019,5,5.8,18.54,-999.0
109038,MALVAS,2019,6,4.9,18.85,-999.0
109038,MALVAS,2019,7,1.5,18.45,-999.0
109038,MALVAS,2019,8,0.0,18.35,-999.0
109038,MALVAS,2019,9,13.6,17.67,-999.0
109038,MALVAS,2019,10,14.2,16.88,-999.0
109038,MALVAS,2019,11,12.6,16.13,-999.0
109038,MALVAS,2019,12,36.8,15.7,-999.0
109038,MALVAS,2020,1,88.1,15.3,-999.0
109038,MALVAS,2020,2,61.9,15.55,-999.0
109038,MALVAS,2020,3,-999.0,-999.0,-999.0
109038,MALVAS,2020,4,-999.0,-999.0,-999.0
109038,MALVAS,2020,5,-999.0,-999.0,-999.0
109038,MALVAS,2020,6,-999.0,-999.0,-999.0
109038,MALVAS,2020,7,-999.0,-999.0,-999.0
109038,MALVAS,2020,8,-999.0,-999.0,-999.0
109038,MALVAS,2020,9,2.2,18.13,-999.0
109038,MALVAS,2020,10,9.4,17.35,-999.0
109038,MALVAS,2020,11,18.5,17.17,-999.0
109038,MALVAS,2020,12,109.2,13.71,-999.0
109038,MALVAS,2021,1,102.7,13.4,-999.0
109038,MALVAS,2021,2,44.0,15.42,-999.0
109038,MALVAS,2021,3,148.1,14.31,-999.0
109038,MALVAS,2021,4,-999.0,-999.0,-999.0
109038,MALVAS,2021,5,7.3,17.88,-999.0
109038,MALVAS,2021,6,0.3,17.96,6.56
109038,MALVAS,2021,7,0.0,18.42,6.5
109038,MALVAS,2021,8,2.4,17.39,-999.0
109038,MALVAS,2021,9,1.7,17.0,6.61
109038,MALVAS,2021,10,47.5,16.05,6.71
109038,MALVAS,2021,11,14.0,15.88,6.62
109038,MALVAS,2021,12,21.1,15.48,6.73
109038,MALVAS,2022,1,33.3,14.78,6.74
109038,MALVAS,2022,2,49.9,13.79,7.22
109038,MALVAS,2022,3,135.3,13.16,7.78
109038,MALVAS,2022,4,31.1,15.31,8.2
109038,MALVAS,2022,5,1.7,17.46,-999.0
109038,MALVAS,2022,6,0.1,16.87,7.55
109038,MALVAS,2022,7,0.3,17.54,8.02
109038,MALVAS,2022,8,0.1,17.43,7.74
109038,MALVAS,2022,9,5.6,17.42,8.02
109038,MALVAS,2022,10,0.2,17.14,8.05
109038,MALVAS,2022,11,0.1,16.71,8.16
109038,MALVAS,2022,12,16.3,15.03,8.02
109038,MALVAS,2023,1,66.7,13.81,8.08
109038,MALVAS,2023,2,142.8,14.08,8.78
109038,MALVAS,2023,3,248.8,13.95,8.33
109038,MALVAS,2023,4,134.3,15.01,8.68
109038,MALVAS,2023,5,3.5,17.43,-999.0
109038,MALVAS,2023,6,0.0,18.22,8.98
109038,MALVAS,2023,7,0.0,18.59,9.07
109038,MALVAS,2023,8,0.0,18.49,8.69
109038,MALVAS,2023,9,4.3,18.69,9.73
109038,MALVAS,2023,10,71.3,15.72,9.09
109038,MALVAS,2023,11,38.2,16.61,9.2
109038,MALVAS,2023,12,82.6,15.23,-999.0
109038,MALVAS,2024,1,69.7,15.98,9.49
109038,MALVAS,2024,2,82.3,-999.0,8.9
109038,MALVAS,2024,3,54.3,16.5,9.11
109038,MALVAS,2024,4,50.9,16.8,8.91
109038,MALVAS,2024,5,1.7,18.55,9.65
109038,MALVAS,2024,6,0.0,17.9,8.65
109038,MALVAS,2024,7,0.0,18.88,8.46
109038,MALVAS,2024,8,0.0,19.14,7.9
109038,MALVAS,2024,9,12.9,19.8,8.51
109038,MALVAS,2024,10,13.3,19.19,8.25
109038,MALVAS,2024,11,25.2,17.22,7.1
109038,MALVAS,2024,12,69.8,14.18,7.43
109038,MALVAS,2025,1,92.1,14.41,6.58
109038,MALVAS,2025,2,201.6,13.59,7.09
109038,MALVAS,2025,3,111.8,14.01,6.78
109038,MALVAS,2025,4,31.6,16.95,-999.0
109038,MALVAS,2025,5,31.8,17.49,7.23
109038,MALVAS,2025,6,3.2,17.91,6.74
109038,MALVAS,2025,7,0.0,18.46,6.08
109038,MALVAS,2025,8,0.0,18.29,6.3
109038,MALVAS,2025,9,16.1,18.15,6.32
109038,MALVAS,2025,10,34.6,16.82,6.65
109038,MALVAS,2025,11,3.3,17.41,6.42
109038,MALVAS,2025,12,3.4,17.38,5.08
