CODIGO,ESTACION,YEAR,MONTH,PP,TMAX,TMIN
109027,TINGO MARIA,1990,1,628.1,28.59,20.2
109027,TINGO MARIA,1990,2,248.7,29.48,20.73
109027,TINGO MARIA,1990,3,210.2,29.66,20.56
109027,TINGO MARIA,1990,4,215.5,29.88,20.79
109027,TINGO MARIA,1990,5,242.4,28.96,20.22
109027,TINGO MARIA,1990,6,172.3,-999.0,19.86
109027,TINGO MARIA,1990,7,257.1,28.21,19.04
109027,TINGO MARIA,1990,8,81.7,30.16,19.16
109027,TINGO MARIA,1990,9,111.9,29.94,19.8
109027,TINGO MARIA,1990,10,372.2,29.18,20.27
109027,TINGO MARIA,1990,11,325.5,29.03,19.37
109027,TINGO MARIA,1990,12,414.7,28.86,19.37
109027,TINGO MARIA,1991,1,512.9,28.57,20.39
109027,TINGO MARIA,1991,2,251.3,29.28,20.23
109027,TINGO MARIA,1991,3,363.9,28.2,20.19
109027,TINGO MARIA,1991,4,322.3,29.6,20.27
109027,TINGO MARIA,1991,5,124.4,30.09,20.33
109027,TINGO MARIA,1991,6,181.7,-999.0,19.83
109027,TINGO MARIA,1991,7,59.9,28.4,16.97
109027,TINGO MARIA,1991,8,37.8,29.11,17.7
109027,TINGO MARIA,1991,9,96.2,29.68,18.48
109027,TINGO MARIA,1991,10,292.2,29.02,19.16
109027,TINGO MARIA,1991,11,391.0,29.24,20.04
109027,TINGO MARIA,1991,12,372.8,29.91,20.29
109027,TINGO MARIA,1992,1,306.9,30.12,20.28
109027,TINGO MARIA,1992,2,390.4,28.57,19.7
109027,TINGO MARIA,1992,3,397.5,29.84,20.18
109027,TINGO MARIA,1992,4,428.4,29.7,20.07
109027,TINGO MARIA,1992,5,303.0,29.96,19.99
109027,TINGO MARIA,1992,6,281.8,29.21,19.1
109027,TINGO MARIA,1992,7,71.1,-999.0,17.61
109027,TINGO MARIA,1992,8,347.6,28.97,17.88
109027,TINGO MARIA,1992,9,301.1,29.42,19.02
109027,TINGO MARIA,1992,10,461.3,29.51,18.98
109027,TINGO MARIA,1992,11,406.9,-999.0,19.48
109027,TINGO MARIA,1992,12,523.6,28.65,19.88
109027,TINGO MARIA,1993,1,465.1,29.1,19.35
109027,TINGO MARIA,1993,2,218.2,28.89,19.61
109027,TINGO MARIA,1993,3,288.2,28.03,19.55
109027,TINGO MARIA,1993,4,268.3,29.58,19.78
109027,TINGO MARIA,1993,5,241.0,29.69,19.75
109027,TINGO MARIA,1993,6,79.6,29.41,18.77
109027,TINGO MARIA,1993,7,202.6,29.14,18.49
109027,TINGO MARIA,1993,8,230.9,29.2,18.21
109027,TINGO MARIA,1993,9,346.1,29.72,19.05
109027,TINGO MARIA,1993,10,235.6,29.09,19.6
109027,TINGO MARIA,1993,11,520.0,28.71,20.05
109027,TINGO MARIA,1993,12,562.0,28.76,20.24
109027,TINGO MARIA,1994,1,672.0,28.76,19.97
109027,TINGO MARIA,1994,2,494.7,28.54,20.11
109027,TINGO MARIA,1994,3,253.3,29.45,19.85
109027,TINGO MARIA,1994,4,299.5,29.22,20.25
109027,TINGO MARIA,1994,5,164.6,30.13,19.62
109027,TINGO MARIA,1994,6,67.4,28.14,17.98
109027,TINGO MARIA,1994,7,164.1,28.56,17.87
109027,TINGO MARIA,1994,8,54.3,29.6,17.59
109027,TINGO MARIA,1994,9,235.6,30.26,18.85
109027,TINGO MARIA,1994,10,302.1,30.25,19.51
109027,TINGO MARIA,1994,11,281.2,28.92,19.66
109027,TINGO MARIA,1994,12,815.2,29.4,20.38
109027,TINGO MARIA,1995,1,373.8,29.48,20.1
109027,TINGO MARIA,1995,2,323.7,28.93,20.07
109027,TINGO MARIA,1995,3,539.4,28.67,19.98
109027,TINGO MARIA,1995,4,166.7,30.15,20.46
109027,TINGO MARIA,1995,5,136.3,29.87,19.42
109027,TINGO MARIA,1995,6,72.9,29.39,19.33
109027,TINGO MARIA,1995,7,153.0,29.51,18.91
109027,TINGO MARIA,1995,8,72.6,30.15,19.24
109027,TINGO MARIA,1995,9,148.1,30.83,19.42
109027,TINGO MARIA,1995,10,390.7,29.59,20.19
109027,TINGO MARIA,1995,11,308.4,29.83,20.63
109027,TINGO MARIA,1995,12,488.2,29.55,20.44
109027,TINGO MARIA,1996,1,508.9,28.09,20.31
109027,TINGO MARIA,1996,2,385.9,28.46,20.28
109027,TINGO MARIA,1996,3,261.2,29.05,20.61
109027,TINGO MARIA,1996,4,438.0,28.98,19.98
109027,TINGO MARIA,1996,5,267.7,29.38,19.69
109027,TINGO MARIA,1996,6,152.6,29.36,18.89
109027,TINGO MARIA,1996,7,45.7,29.22,17.38
109027,TINGO MARIA,1996,8,124.1,29.58,18.54
109027,TINGO MARIA,1996,9,219.3,30.43,-999.0
109027,TINGO MARIA,1996,10,267.3,29.86,-999.0
109027,TINGO MARIA,1996,11,277.3,29.59,-999.0
109027,TINGO MARIA,1996,12,177.8,28.94,-999.0
109027,TINGO MARIA,1997,1,396.3,27.6,19.28
109027,TINGO MARIA,1997,2,247.1,28.35,19.42
109027,TINGO MARIA,1997,3,296.2,29.29,20.05
109027,TINGO MARIA,1997,4,218.8,29.99,20.22
109027,TINGO MARIA,1997,5,310.3,29.36,19.67
109027,TINGO MARIA,1997,6,173.2,28.98,19.26
109027,TINGO MARIA,1997,7,152.2,29.94,18.6
109027,TINGO MARIA,1997,8,91.2,29.48,18.89
109027,TINGO MARIA,1997,9,240.6,30.48,19.77
109027,TINGO MARIA,1997,10,207.7,30.75,20.59
109027,TINGO MARIA,1997,11,359.2,29.64,20.86
109027,TINGO MARIA,1997,12,741.8,29.62,20.94
109027,TINGO MARIA,1998,1,332.6,30.41,21.35
109027,TINGO MARIA,1998,2,316.2,30.24,21.4
109027,TINGO MARIA,1998,3,502.7,30.29,21.28
109027,TINGO MARIA,1998,4,450.8,30.39,21.25
109027,TINGO MARIA,1998,5,297.9,30.26,19.8
109027,TINGO MARIA,1998,6,156.7,29.5,18.98
109027,TINGO MARIA,1998,7,59.1,30.06,18.35
109027,TINGO MARIA,1998,8,95.2,30.65,18.92
109027,TINGO MARIA,1998,9,162.7,30.65,18.57
109027,TINGO MARIA,1998,10,220.8,30.64,19.31
109027,TINGO MARIA,1998,11,416.6,29.91,19.5
109027,TINGO MARIA,1998,12,282.3,29.42,19.08
109027,TINGO MARIA,1999,1,568.1,27.96,19.44
109027,TINGO MARIA,1999,2,486.4,28.34,19.32
109027,TINGO MARIA,1999,3,544.4,28.07,19.18
109027,TINGO MARIA,1999,4,217.3,29.18,19.04
109027,TINGO MARIA,1999,5,324.4,28.74,19.24
109027,TINGO MARIA,1999,6,184.7,28.88,18.76
109027,TINGO MARIA,1999,7,196.8,28.97,18.58
109027,TINGO MARIA,1999,8,67.6,29.51,19.01
109027,TINGO MARIA,1999,9,108.3,30.24,19.93
109027,TINGO MARIA,1999,10,73.8,30.69,19.72
109027,TINGO MARIA,1999,11,358.0,30.46,20.22
109027,TINGO MARIA,1999,12,353.6,29.39,19.91
109027,TINGO MARIA,2000,1,412.2,28.61,19.59
109027,TINGO MARIA,2000,2,419.8,28.21,19.46
109027,TINGO MARIA,2000,3,509.9,27.85,20.17
109027,TINGO MARIA,2000,4,177.3,28.91,20.5
109027,TINGO MARIA,2000,5,147.6,29.67,20.35
109027,TINGO MARIA,2000,6,316.0,29.1,19.67
109027,TINGO MARIA,2000,7,190.8,28.42,19.0
109027,TINGO MARIA,2000,8,61.6,30.12,19.32
109027,TINGO MARIA,2000,9,171.4,30.0,20.19
109027,TINGO MARIA,2000,10,-999.0,30.46,20.05
109027,TINGO MARIA,2000,11,185.9,30.62,21.09
109027,TINGO MARIA,2000,12,367.5,29.58,20.59
109027,TINGO MARIA,2001,1,442.1,28.31,20.03
109027,TINGO MARIA,2001,2,313.3,28.74,20.0
109027,TINGO MARIA,2001,3,593.9,28.65,20.3
109027,TINGO MARIA,2001,4,175.9,30.35,20.51
109027,TINGO MARIA,2001,5,217.7,29.55,20.59
109027,TINGO MARIA,2001,6,128.9,28.93,19.26
109027,TINGO MARIA,2001,7,186.4,29.38,19.6
109027,TINGO MARIA,2001,8,41.6,29.66,18.93
109027,TINGO MARIA,2001,9,180.2,30.47,19.82
109027,TINGO MARIA,2001,10,202.2,30.72,20.8
109027,TINGO MARIA,2001,11,455.3,29.31,20.65
109027,TINGO MARIA,2001,12,301.2,30.29,20.75
109027,TINGO MARIA,2002,1,304.7,29.81,20.32
109027,TINGO MARIA,2002,2,590.1,28.55,20.4
109027,TINGO MARIA,2002,3,406.0,29.3,20.55
109027,TINGO MARIA,2002,4,308.4,29.82,21.16
109027,TINGO MARIA,2002,5,415.5,29.67,20.81
109027,TINGO MARIA,2002,6,149.3,29.19,19.74
109027,TINGO MARIA,2002,7,190.1,28.64,19.65
109027,TINGO MARIA,2002,8,144.9,30.15,19.35
109027,TINGO MARIA,2002,9,137.1,29.97,19.7
109027,TINGO MARIA,2002,10,262.3,30.35,20.08
109027,TINGO MARIA,2002,11,500.1,29.46,20.12
109027,TINGO MARIA,2002,12,484.0,29.35,20.71
109027,TINGO MARIA,2003,1,239.6,29.9,20.8
109027,TINGO MARIA,2003,2,460.8,29.42,20.5
109027,TINGO MARIA,2003,3,343.9,29.46,20.06
109027,TINGO MARIA,2003,4,306.8,29.56,20.07
109027,TINGO MARIA,2003,5,345.2,29.65,19.72
109027,TINGO MARIA,2003,6,228.7,29.54,19.12
109027,TINGO MARIA,2003,7,100.2,29.27,18.79
109027,TINGO MARIA,2003,8,249.7,29.46,19.63
109027,TINGO MARIA,2003,9,216.9,30.29,19.73
109027,TINGO MARIA,2003,10,272.4,31.32,21.11
109027,TINGO MARIA,2003,11,330.9,30.69,21.16
109027,TINGO MARIA,2003,12,598.1,29.46,20.74
109027,TINGO MARIA,2004,1,301.1,30.32,21.0
109027,TINGO MARIA,2004,2,298.9,28.86,20.26
109027,TINGO MARIA,2004,3,427.4,30.28,21.07
109027,TINGO MARIA,2004,4,176.8,30.16,20.72
109027,TINGO MARIA,2004,5,141.8,29.7,20.35
109027,TINGO MARIA,2004,6,83.4,28.56,19.5
109027,TINGO MARIA,2004,7,236.0,28.5,19.63
109027,TINGO MARIA,2004,8,71.1,28.28,18.52
109027,TINGO MARIA,2004,9,193.9,29.09,19.21
109027,TINGO MARIA,2004,10,293.3,30.11,20.54
109027,TINGO MARIA,2004,11,469.3,29.55,21.01
109027,TINGO MARIA,2004,12,323.4,29.59,21.29
109027,TINGO MARIA,2005,1,245.1,30.55,21.23
109027,TINGO MARIA,2005,2,314.8,30.42,21.31
109027,TINGO MARIA,2005,3,549.4,29.2,21.02
109027,TINGO MARIA,2005,4,117.3,30.07,21.18
109027,TINGO MARIA,2005,5,149.0,30.29,20.89
109027,TINGO MARIA,2005,6,187.7,29.93,19.86
109027,TINGO MARIA,2005,7,55.8,29.42,18.74
109027,TINGO MARIA,2005,8,82.9,30.88,19.35
109027,TINGO MARIA,2005,9,204.2,30.45,19.68
109027,TINGO MARIA,2005,10,259.2,30.08,19.75
109027,TINGO MARIA,2005,11,209.0,30.95,20.44
109027,TINGO MARIA,2005,12,571.5,29.08,20.3
109027,TINGO MARIA,2006,1,284.8,29.25,20.47
109027,TINGO MARIA,2006,2,528.9,29.32,20.57
109027,TINGO MARIA,2006,3,389.9,29.18,20.49
109027,TINGO MARIA,2006,4,274.1,30.49,20.43
109027,TINGO MARIA,2006,5,99.7,29.67,19.29
109027,TINGO MARIA,2006,6,122.5,29.22,19.63
109027,TINGO MARIA,2006,7,70.4,30.32,18.62
109027,TINGO MARIA,2006,8,117.4,30.36,19.4
109027,TINGO MARIA,2006,9,200.1,30.77,19.62
109027,TINGO MARIA,2006,10,391.7,30.37,20.79
109027,TINGO MARIA,2006,11,485.8,29.57,20.7
109027,TINGO MARIA,2006,12,571.2,28.9,20.93
109027,TINGO MARIA,2007,1,526.8,29.41,21.05
109027,TINGO MARIA,2007,2,257.2,29.28,20.78
109027,TINGO MARIA,2007,3,460.7,29.2,20.46
109027,TINGO MARIA,2007,4,298.8,30.05,20.58
109027,TINGO MARIA,2007,5,187.3,29.73,20.69
109027,TINGO MARIA,2007,6,12.4,30.3,19.75
109027,TINGO MARIA,2007,7,169.6,29.76,19.5
109027,TINGO MARIA,2007,8,95.2,30.14,19.39
109027,TINGO MARIA,2007,9,118.5,30.83,19.44
109027,TINGO MARIA,2007,10,267.5,30.23,20.14
109027,TINGO MARIA,2007,11,277.3,30.31,20.88
109027,TINGO MARIA,2007,12,492.7,29.64,20.66
109027,TINGO MARIA,2008,1,428.8,28.87,20.76
109027,TINGO MARIA,2008,2,534.6,28.12,20.46
109027,TINGO MARIA,2008,3,300.6,28.49,20.21
109027,TINGO MARIA,2008,4,196.6,29.68,20.69
109027,TINGO MARIA,2008,5,120.3,29.28,19.93
109027,TINGO MARIA,2008,6,106.2,29.11,19.42
109027,TINGO MARIA,2008,7,224.4,29.53,19.08
109027,TINGO MARIA,2008,8,55.2,30.36,20.04
109027,TINGO MARIA,2008,9,164.8,30.29,19.43
109027,TINGO MARIA,2008,10,335.0,30.25,20.2
109027,TINGO MARIA,2008,11,138.8,30.76,21.14
109027,TINGO MARIA,2008,12,363.7,29.07,20.62
109027,TINGO MARIA,2009,1,481.2,28.88,20.65
109027,TINGO MARIA,2009,2,400.2,28.93,20.49
109027,TINGO MARIA,2009,3,302.4,29.2,20.56
109027,TINGO MARIA,2009,4,282.9,29.63,20.61
109027,TINGO MARIA,2009,5,337.2,30.02,20.4
109027,TINGO MARIA,2009,6,164.7,29.29,19.83
109027,TINGO MARIA,2009,7,164.6,29.81,19.92
109027,TINGO MARIA,2009,8,150.0,30.61,20.23
109027,TINGO MARIA,2009,9,190.2,30.88,20.48
109027,TINGO MARIA,2009,10,134.9,31.08,20.85
109027,TINGO MARIA,2009,11,400.6,30.11,20.9
109027,TINGO MARIA,2009,12,506.5,28.55,20.91
109027,TINGO MARIA,2010,1,301.9,29.63,21.07
109027,TINGO MARIA,2010,2,592.2,29.8,21.06
109027,TINGO MARIA,2010,3,366.0,31.12,21.18
109027,TINGO MARIA,2010,4,262.4,30.62,21.23
109027,TINGO MARIA,2010,5,192.2,30.28,21.07
109027,TINGO MARIA,2010,6,107.0,30.18,20.33
109027,TINGO MARIA,2010,7,127.9,29.93,19.61
109027,TINGO MARIA,2010,8,55.2,31.32,19.43
109027,TINGO MARIA,2010,9,94.9,31.74,19.79
109027,TINGO MARIA,2010,10,180.1,30.91,19.99
109027,TINGO MARIA,2010,11,463.2,30.41,20.26
109027,TINGO MARIA,2010,12,297.0,29.45,20.11
109027,TINGO MARIA,2011,1,458.1,28.31,20.12
109027,TINGO MARIA,2011,2,542.9,27.61,19.66
109027,TINGO MARIA,2011,3,558.6,28.94,20.23
109027,TINGO MARIA,2011,4,379.7,30.38,20.04
109027,TINGO MARIA,2011,5,197.6,29.84,20.39
109027,TINGO MARIA,2011,6,132.7,29.65,20.07
109027,TINGO MARIA,2011,7,111.3,30.25,19.78
109027,TINGO MARIA,2011,8,66.2,30.92,19.53
109027,TINGO MARIA,2011,9,280.0,30.62,19.72
109027,TINGO MARIA,2011,10,171.6,29.62,20.65
109027,TINGO MARIA,2011,11,376.9,30.68,21.19
109027,TINGO MARIA,2011,12,320.8,29.24,20.87
109027,TINGO MARIA,2012,1,376.5,30.07,20.92
109027,TINGO MARIA,2012,2,446.5,27.87,20.46
109027,TINGO MARIA,2012,3,464.1,30.38,20.4
109027,TINGO MARIA,2012,4,356.3,30.21,20.73
109027,TINGO MARIA,2012,5,82.0,30.7,20.39
109027,TINGO MARIA,2012,6,151.7,30.19,19.85
109027,TINGO MARIA,2012,7,52.8,29.98,18.91
109027,TINGO MARIA,2012,8,37.5,31.12,19.29
109027,TINGO MARIA,2012,9,92.7,31.24,19.41
109027,TINGO MARIA,2012,10,384.1,30.96,20.51
109027,TINGO MARIA,2012,11,298.6,31.13,21.13
109027,TINGO MARIA,2012,12,447.6,29.23,20.6
109027,TINGO MARIA,2013,1,438.2,31.31,21.0
109027,TINGO MARIA,2013,2,474.5,29.07,20.6
109027,TINGO MARIA,2013,3,405.8,29.25,21.07
109027,TINGO MARIA,2013,4,426.7,30.74,20.66
109027,TINGO MARIA,2013,5,203.8,29.84,20.74
109027,TINGO MARIA,2013,6,172.3,29.5,20.18
109027,TINGO MARIA,2013,7,101.6,29.59,19.33
109027,TINGO MARIA,2013,8,249.3,30.28,19.92
109027,TINGO MARIA,2013,9,193.9,31.42,20.24
109027,TINGO MARIA,2013,10,495.4,30.36,20.76
109027,TINGO MARIA,2013,11,270.5,29.8,20.82
109027,TINGO MARIA,2013,12,421.0,30.2,21.06
109027,TINGO MARIA,2014,1,350.7,28.57,20.82
109027,TINGO MARIA,2014,2,289.3,29.03,21.17
109027,TINGO MARIA,2014,3,399.2,29.55,20.98
109027,TINGO MARIA,2014,4,206.6,29.96,21.34
109027,TINGO MARIA,2014,5,219.8,30.35,21.21
109027,TINGO MARIA,2014,6,195.4,30.14,20.62
109027,TINGO MARIA,2014,7,50.1,29.4,19.72
109027,TINGO MARIA,2014,8,48.2,30.6,19.12
109027,TINGO MARIA,2014,9,256.7,31.34,20.14
109027,TINGO MARIA,2014,10,500.0,30.64,20.32
109027,TINGO MARIA,2014,11,418.1,30.35,21.19
109027,TINGO MARIA,2014,12,487.0,29.62,21.18
109027,TINGO MARIA,2015,1,511.4,29.56,20.99
109027,TINGO MARIA,2015,2,537.6,28.76,20.99
109027,TINGO MARIA,2015,3,310.1,30.07,21.16
109027,TINGO MARIA,2015,4,304.8,29.95,20.67
109027,TINGO MARIA,2015,5,298.2,29.97,20.88
109027,TINGO MARIA,2015,6,127.9,30.2,20.57
109027,TINGO MARIA,2015,7,208.6,30.03,20.33
109027,TINGO MARIA,2015,8,37.6,31.16,20.23
109027,TINGO MARIA,2015,9,123.1,32.39,20.66
109027,TINGO MARIA,2015,10,152.1,31.66,20.92
109027,TINGO MARIA,2015,11,238.1,31.37,21.48
109027,TINGO MARIA,2015,12,408.5,30.39,21.22
109027,TINGO MARIA,2016,1,517.0,31.89,21.69
109027,TINGO MARIA,2016,2,406.6,30.53,21.58
109027,TINGO MARIA,2016,3,392.3,30.48,21.27
109027,TINGO MARIA,2016,4,159.2,31.03,21.0
109027,TINGO MARIA,2016,5,217.2,30.4,20.72
109027,TINGO MARIA,2016,6,171.0,29.57,20.2
109027,TINGO MARIA,2016,7,111.2,30.64,19.55
109027,TINGO MARIA,2016,8,64.5,31.26,19.69
109027,TINGO MARIA,2016,9,113.3,31.2,19.34
109027,TINGO MARIA,2016,10,162.1,31.24,20.06
109027,TINGO MARIA,2016,11,333.2,32.09,20.96
109027,TINGO MARIA,2016,12,413.8,30.13,20.65
109027,TINGO MARIA,2017,1,385.1,28.74,20.45
109027,TINGO MARIA,2017,2,467.7,29.53,20.99
109027,TINGO MARIA,2017,3,427.7,29.68,20.66
109027,TINGO MARIA,2017,4,205.0,30.88,20.98
109027,TINGO MARIA,2017,5,282.2,30.97,20.96
109027,TINGO MARIA,2017,6,154.8,30.7,20.6
109027,TINGO MARIA,2017,7,25.8,30.3,19.39
109027,TINGO MARIA,2017,8,143.5,31.51,19.62
109027,TINGO MARIA,2017,9,219.4,31.12,20.7
109027,TINGO MARIA,2017,10,319.7,31.52,20.75
109027,TINGO MARIA,2017,11,675.4,30.08,21.11
109027,TINGO MARIA,2017,12,373.2,30.34,21.13
109027,TINGO MARIA,2018,1,388.2,30.18,20.52
109027,TINGO MARIA,2018,2,317.5,29.88,21.16
109027,TINGO MARIA,2018,3,483.3,29.81,20.65
109027,TINGO MARIA,2018,4,226.3,30.0,20.44
109027,TINGO MARIA,2018,5,179.9,30.51,20.69
109027,TINGO MARIA,2018,6,188.8,29.41,19.74
109027,TINGO MARIA,2018,7,62.3,30.34,19.63
109027,TINGO MARIA,2018,8,205.0,30.65,19.46
109027,TINGO MARIA,2018,9,79.3,32.23,20.01
109027,TINGO MARIA,2018,10,483.1,30.49,20.95
109027,TINGO MARIA,2018,11,513.2,29.65,21.29
109027,TINGO MARIA,2018,12,432.0,30.28,21.31
109027,TINGO MARIA,2019,1,602.6,29.83,21.01
109027,TINGO MARIA,2019,2,159.9,29.63,21.26
109027,TINGO MARIA,2019,3,494.2,30.16,21.05
109027,TINGO MARIA,2019,4,212.2,30.55,21.36
109027,TINGO MARIA,2019,5,203.6,30.87,20.98
109027,TINGO MARIA,2019,6,152.8,30.57,20.3
109027,TINGO MARIA,2019,7,227.6,30.0,20.02
109027,TINGO MARIA,2019,8,64.7,31.21,19.08
109027,TINGO MARIA,2019,9,127.0,31.53,20.42
109027,TINGO MARIA,2019,10,311.6,30.31,20.61
109027,TINGO MARIA,2019,11,357.0,31.02,21.1
109027,TINGO MARIA,2019,12,667.2,29.68,21.08
109027,TINGO MARIA,2020,1,494.7,30.53,21.47
109027,TINGO MARIA,2020,2,373.9,29.58,21.51
109027,TINGO MARIA,2020,3,-999.0,-999.0,-999.0
109027,TINGO MARIA,2020,4,-999.0,-999.0,-999.0
109027,TINGO MARIA,2020,5,-999.0,-999.0,-999.0
109027,TINGO MARIA,2020,6,-999.0,-999.0,-999.0
109027,TINGO MARIA,2020,7,-999.0,-999.0,-999.0
109027,TINGO MARIA,2020,8,-999.0,-999.0,-999.0
109027,TINGO MARIA,2020,9,-999.0,-999.0,-999.0
109027,TINGO MARIA,2020,10,-999.0,-999.0,-999.0
109027,TINGO MARIA,2020,11,-999.0,-999.0,-999.0
109027,TINGO MARIA,2020,12,-999.0,-999.0,-999.0
109027,TINGO MARIA,2021,1,-999.0,-999.0,-999.0
109027,TINGO MARIA,2021,2,-999.0,-999.0,-999.0
109027,TINGO MARIA,2021,3,-999.0,-999.0,-999.0
109027,TINGO MARIA,2021,4,-999.0,-999.0,-999.0
109027,TINGO MARIA,2021,5,-999.0,-999.0,-999.0
109027,TINGO MARIA,2021,6,-999.0,-999.0,-999.0
109027,TINGO MARIA,2021,7,-999.0,-999.0,-999.0
109027,TINGO MARIA,2021,8,-999.0,-999.0,-999.0
109027,TINGO MARIA,2021,9,-999.0,-999.0,-999.0
109027,TINGO MARIA,2021,10,-999.0,-999.0,-999.0
109027,TINGO MARIA,2021,11,-999.0,-999.0,-999.0
109027,TINGO MARIA,2021,12,480.8,30.44,21.37
109027,TINGO MARIA,2022,1,-999.0,-999.0,-999.0
109027,TINGO MARIA,2022,2,519.5,29.14,20.56
109027,TINGO MARIA,2022,3,400.7,29.62,20.76
109027,TINGO MARIA,2022,4,281.4,30.65,21.08
109027,TINGO MARIA,2022,5,289.2,30.07,20.65
109027,TINGO MARIA,2022,6,104.8,29.76,19.01
109027,TINGO MARIA,2022,7,133.9,31.16,20.38
109027,TINGO MARIA,2022,8,166.5,30.58,19.49
109027,TINGO MARIA,2022,9,162.7,31.99,20.42
109027,TINGO MARIA,2022,10,237.1,31.93,21.25
109027,TINGO MARIA,2022,11,235.9,31.74,20.29
109027,TINGO MARIA,2022,12,244.0,30.06,20.58
109027,TINGO MARIA,2023,1,391.5,29.26,20.62
109027,TINGO MARIA,2023,2,344.5,30.15,20.75
109027,TINGO MARIA,2023,3,314.3,29.92,21.04
109027,TINGO MARIA,2023,4,181.0,31.02,20.65
109027,TINGO MARIA,2023,5,158.5,30.92,21.22
109027,TINGO MARIA,2023,6,217.0,30.48,20.3
109027,TINGO MARIA,2023,7,64.8,31.66,20.43
109027,TINGO MARIA,2023,8,66.3,32.67,20.43
109027,TINGO MARIA,2023,9,138.9,32.77,20.93
109027,TINGO MARIA,2023,10,199.2,32.31,21.54
109027,TINGO MARIA,2023,11,380.4,31.24,21.61
109027,TINGO MARIA,2023,12,489.0,30.57,21.93
109027,TINGO MARIA,2024,1,618.4,31.11,21.89
109027,TINGO MARIA,2024,2,437.2,30.77,21.56
109027,TINGO MARIA,2024,3,373.1,31.59,21.77
109027,TINGO MARIA,2024,4,221.2,31.91,22.11
109027,TINGO MARIA,2024,5,169.3,31.81,22.06
109027,TINGO MARIA,2024,6,263.9,30.92,20.89
109027,TINGO MARIA,2024,7,105.3,30.81,20.21
109027,TINGO MARIA,2024,8,74.1,31.99,20.23
109027,TINGO MARIA,2024,9,42.4,33.32,20.85
109027,TINGO MARIA,2024,10,158.6,33.34,21.49
109027,TINGO MARIA,2024,11,275.7,30.02,21.53
109027,TINGO MARIA,2024,12,543.9,30.21,21.2
109027,TINGO MARIA,2025,1,379.6,30.23,21.11
109027,TINGO MARIA,2025,2,542.5,31.0,21.41
109027,TINGO MARIA,2025,3,483.6,29.47,21.34
109027,TINGO MARIA,2025,4,373.8,30.46,21.17
109027,TINGO MARIA,2025,5,175.2,31.04,21.33
109027,TINGO MARIA,2025,6,241.5,30.3,20.76
109027,TINGO MARIA,2025,7,96.3,30.87,19.89
109027,TINGO MARIA,2025,8,122.2,31.56,20.29
109027,TINGO MARIA,2025,9,80.7,31.77,20.09
109027,TINGO MARIA,2025,10,496.6,31.3,20.99
109027,TINGO MARIA,2025,11,366.9,30.94,21.42
109027,TINGO MARIA,2025,12,438.7,30.99,21.64
