CODIGO,ESTACION,YEAR,MONTH,PP,TMAX,TMIN
109003,HUANUCO,1990,1,45.8,24.7,13.58
109003,HUANUCO,1990,2,13.5,26.32,13.77
109003,HUANUCO,1990,3,34.7,26.23,13.98
109003,HUANUCO,1990,4,52.2,26.7,13.85
109003,HUANUCO,1990,5,32.6,26.02,12.91
109003,HUANUCO,1990,6,15.1,24.55,12.95
109003,HUANUCO,1990,7,1.5,24.88,11.14
109003,HUANUCO,1990,8,7.1,25.66,10.82
109003,HUANUCO,1990,9,10.9,25.87,12.78
109003,HUANUCO,1990,10,86.8,25.05,13.93
109003,HUANUCO,1990,11,77.0,23.09,13.38
109003,HUANUCO,1990,12,59.2,25.18,13.86
109003,HUANUCO,1991,1,25.7,25.38,14.0
109003,HUANUCO,1991,2,44.3,25.12,13.81
109003,HUANUCO,1991,3,93.4,24.39,14.07
109003,HUANUCO,1991,4,29.1,26.67,13.9
109003,HUANUCO,1991,5,3.0,26.89,12.46
109003,HUANUCO,1991,6,10.1,26.24,11.72
109003,HUANUCO,1991,7,4.8,25.29,7.55
109003,HUANUCO,1991,8,0.0,24.88,9.15
109003,HUANUCO,1991,9,8.2,24.85,11.12
109003,HUANUCO,1991,10,32.3,23.92,12.34
109003,HUANUCO,1991,11,40.2,25.06,13.46
109003,HUANUCO,1991,12,39.6,25.91,13.36
109003,HUANUCO,1992,1,43.1,24.94,13.35
109003,HUANUCO,1992,2,85.6,24.39,13.2
109003,HUANUCO,1992,3,66.2,24.69,13.53
109003,HUANUCO,1992,4,20.6,25.87,13.28
109003,HUANUCO,1992,5,0.0,27.34,13.25
109003,HUANUCO,1992,6,14.4,25.64,12.77
109003,HUANUCO,1992,7,0.0,26.93,11.89
109003,HUANUCO,1992,8,36.0,26.47,13.02
109003,HUANUCO,1992,9,4.0,26.82,14.09
109003,HUANUCO,1992,10,97.4,25.39,11.46
109003,HUANUCO,1992,11,37.4,-999.0,-999.0
109003,HUANUCO,1992,12,21.6,-999.0,-999.0
109003,HUANUCO,1993,1,17.5,-999.0,-999.0
109003,HUANUCO,1993,2,40.9,-999.0,-999.0
109003,HUANUCO,1993,3,74.3,-999.0,-999.0
109003,HUANUCO,1993,4,25.9,-999.0,-999.0
109003,HUANUCO,1993,5,16.8,-999.0,-999.0
109003,HUANUCO,1993,6,12.3,-999.0,-999.0
109003,HUANUCO,1993,7,5.9,-999.0,-999.0
109003,HUANUCO,1993,8,6.3,-999.0,-999.0
109003,HUANUCO,1993,9,8.0,-999.0,-999.0
109003,HUANUCO,1993,10,16.6,-999.0,-999.0
109003,HUANUCO,1993,11,94.1,-999.0,-999.0
109003,HUANUCO,1993,12,48.5,26.08,-999.0
109003,HUANUCO,1994,1,-999.0,-999.0,-999.0
109003,HUANUCO,1994,2,57.5,25.76,14.72
109003,HUANUCO,1994,3,41.3,26.22,14.62
109003,HUANUCO,1994,4,57.6,26.41,14.16
109003,HUANUCO,1994,5,23.4,27.15,12.88
109003,HUANUCO,1994,6,0.0,26.1,11.25
109003,HUANUCO,1994,7,0.0,25.78,10.39
109003,HUANUCO,1994,8,0.0,26.61,10.73
109003,HUANUCO,1994,9,32.7,27.06,12.47
109003,HUANUCO,1994,10,64.4,26.76,13.71
109003,HUANUCO,1994,11,20.4,26.42,14.81
109003,HUANUCO,1994,12,41.0,27.12,15.43
109003,HUANUCO,1995,1,38.7,26.71,14.84
109003,HUANUCO,1995,2,50.4,27.21,14.96
109003,HUANUCO,1995,3,50.3,-999.0,14.65
109003,HUANUCO,1995,4,26.0,-999.0,14.47
109003,HUANUCO,1995,5,3.6,27.1,12.25
109003,HUANUCO,1995,6,1.4,26.34,11.73
109003,HUANUCO,1995,7,1.2,26.72,11.65
109003,HUANUCO,1995,8,0.4,27.03,11.55
109003,HUANUCO,1995,9,7.2,26.87,13.27
109003,HUANUCO,1995,10,23.2,27.01,14.08
109003,HUANUCO,1995,11,48.8,27.03,15.38
109003,HUANUCO,1995,12,59.0,26.84,14.72
109003,HUANUCO,1996,1,59.5,24.73,14.72
109003,HUANUCO,1996,2,33.1,26.1,14.14
109003,HUANUCO,1996,3,41.7,26.22,14.55
109003,HUANUCO,1996,4,69.3,25.98,14.48
109003,HUANUCO,1996,5,23.0,26.26,12.94
109003,HUANUCO,1996,6,0.0,26.72,11.5
109003,HUANUCO,1996,7,0.1,25.84,9.18
109003,HUANUCO,1996,8,5.3,26.13,11.95
109003,HUANUCO,1996,9,2.3,27.02,12.63
109003,HUANUCO,1996,10,23.6,26.8,14.9
109003,HUANUCO,1996,11,57.8,26.43,13.96
109003,HUANUCO,1996,12,15.7,25.99,14.58
109003,HUANUCO,1997,1,54.6,25.45,14.96
109003,HUANUCO,1997,2,41.6,25.77,15.09
109003,HUANUCO,1997,3,26.5,26.47,15.0
109003,HUANUCO,1997,4,15.1,26.98,13.62
109003,HUANUCO,1997,5,9.6,26.23,14.0
109003,HUANUCO,1997,6,2.2,26.55,12.11
109003,HUANUCO,1997,7,0.0,26.87,10.98
109003,HUANUCO,1997,8,9.6,25.56,13.09
109003,HUANUCO,1997,9,7.6,27.51,14.52
109003,HUANUCO,1997,10,29.8,27.86,15.88
109003,HUANUCO,1997,11,41.5,27.25,16.15
109003,HUANUCO,1997,12,47.3,26.8,16.52
109003,HUANUCO,1998,1,93.5,26.98,16.28
109003,HUANUCO,1998,2,63.0,27.38,16.39
109003,HUANUCO,1998,3,66.9,27.48,16.69
109003,HUANUCO,1998,4,3.1,28.46,16.3
109003,HUANUCO,1998,5,2.8,28.07,12.76
109003,HUANUCO,1998,6,2.1,26.33,12.18
109003,HUANUCO,1998,7,0.0,26.85,10.53
109003,HUANUCO,1998,8,2.8,27.72,13.02
109003,HUANUCO,1998,9,3.8,27.63,13.5
109003,HUANUCO,1998,10,29.3,27.57,15.02
109003,HUANUCO,1998,11,64.5,26.67,15.21
109003,HUANUCO,1998,12,34.0,26.81,14.67
109003,HUANUCO,1999,1,81.7,24.74,14.94
109003,HUANUCO,1999,2,88.5,24.71,14.73
109003,HUANUCO,1999,3,109.3,24.01,14.66
109003,HUANUCO,1999,4,22.3,25.82,14.24
109003,HUANUCO,1999,5,18.4,25.88,13.22
109003,HUANUCO,1999,6,15.1,26.31,12.53
109003,HUANUCO,1999,7,8.6,25.25,10.95
109003,HUANUCO,1999,8,0.6,25.47,10.6
109003,HUANUCO,1999,9,57.6,26.15,12.67
109003,HUANUCO,1999,10,20.8,26.37,13.98
109003,HUANUCO,1999,11,33.8,27.67,15.13
109003,HUANUCO,1999,12,58.2,26.16,15.07
109003,HUANUCO,2000,1,68.2,25.08,14.72
109003,HUANUCO,2000,2,89.6,24.26,14.58
109003,HUANUCO,2000,3,148.0,24.09,14.43
109003,HUANUCO,2000,4,30.3,24.93,13.95
109003,HUANUCO,2000,5,10.1,26.9,13.28
109003,HUANUCO,2000,6,16.0,25.42,12.44
109003,HUANUCO,2000,7,3.6,25.19,11.08
109003,HUANUCO,2000,8,17.1,25.94,12.14
109003,HUANUCO,2000,9,11.9,26.58,13.44
109003,HUANUCO,2000,10,9.5,26.76,13.98
109003,HUANUCO,2000,11,61.0,27.27,15.15
109003,HUANUCO,2000,12,77.2,25.83,14.55
109003,HUANUCO,2001,1,45.2,24.88,14.84
109003,HUANUCO,2001,2,36.2,26.01,14.65
109003,HUANUCO,2001,3,85.2,25.26,14.39
109003,HUANUCO,2001,4,46.2,26.79,12.86
109003,HUANUCO,2001,5,10.4,27.17,13.44
109003,HUANUCO,2001,6,3.3,26.63,11.64
109003,HUANUCO,2001,7,8.4,26.22,12.71
109003,HUANUCO,2001,8,10.2,26.84,10.94
109003,HUANUCO,2001,9,7.4,27.19,13.55
109003,HUANUCO,2001,10,36.9,27.68,15.13
109003,HUANUCO,2001,11,72.7,26.49,15.59
109003,HUANUCO,2001,12,55.8,26.63,15.31
109003,HUANUCO,2002,1,29.5,27.65,15.42
109003,HUANUCO,2002,2,56.4,25.96,15.38
109003,HUANUCO,2002,3,83.1,26.22,14.76
109003,HUANUCO,2002,4,56.5,27.06,14.59
109003,HUANUCO,2002,5,18.2,27.13,13.67
109003,HUANUCO,2002,6,2.9,26.63,12.47
109003,HUANUCO,2002,7,12.8,25.21,13.51
109003,HUANUCO,2002,8,4.1,26.55,12.65
109003,HUANUCO,2002,9,8.4,26.77,14.21
109003,HUANUCO,2002,10,109.8,26.74,14.95
109003,HUANUCO,2002,11,40.8,25.76,15.35
109003,HUANUCO,2002,12,20.3,26.91,16.2
109003,HUANUCO,2003,1,44.7,27.09,16.1
109003,HUANUCO,2003,2,26.9,26.67,15.75
109003,HUANUCO,2003,3,70.5,26.18,15.44
109003,HUANUCO,2003,4,24.6,27.22,15.11
109003,HUANUCO,2003,5,14.3,27.09,14.28
109003,HUANUCO,2003,6,0.3,27.13,12.94
109003,HUANUCO,2003,7,0.1,26.7,11.66
109003,HUANUCO,2003,8,9.4,26.28,13.34
109003,HUANUCO,2003,9,12.6,26.85,13.48
109003,HUANUCO,2003,10,17.1,28.1,15.59
109003,HUANUCO,2003,11,77.3,27.58,15.39
109003,HUANUCO,2003,12,83.1,25.63,15.24
109003,HUANUCO,2004,1,33.6,27.15,15.15
109003,HUANUCO,2004,2,31.7,26.66,15.22
109003,HUANUCO,2004,3,56.9,27.42,15.55
109003,HUANUCO,2004,4,31.2,28.08,14.63
109003,HUANUCO,2004,5,24.8,27.11,13.89
109003,HUANUCO,2004,6,5.1,25.7,12.0
109003,HUANUCO,2004,7,5.6,25.32,12.72
109003,HUANUCO,2004,8,16.7,24.86,11.75
109003,HUANUCO,2004,9,16.2,25.95,12.99
109003,HUANUCO,2004,10,28.6,26.43,15.46
109003,HUANUCO,2004,11,34.8,26.57,15.91
109003,HUANUCO,2004,12,104.6,25.92,15.53
109003,HUANUCO,2005,1,32.6,27.48,15.52
109003,HUANUCO,2005,2,45.0,27.54,16.07
109003,HUANUCO,2005,3,92.7,25.74,15.63
109003,HUANUCO,2005,4,12.2,27.84,15.15
109003,HUANUCO,2005,5,1.4,28.01,14.3
109003,HUANUCO,2005,6,0.0,26.99,12.64
109003,HUANUCO,2005,7,2.0,26.48,10.54
109003,HUANUCO,2005,8,8.6,27.29,11.79
109003,HUANUCO,2005,9,5.8,27.38,14.55
109003,HUANUCO,2005,10,51.5,27.24,15.35
109003,HUANUCO,2005,11,26.3,27.95,15.68
109003,HUANUCO,2005,12,106.9,25.51,15.36
109003,HUANUCO,2006,1,81.9,25.63,15.28
109003,HUANUCO,2006,2,48.4,26.15,15.6
109003,HUANUCO,2006,3,112.7,25.35,15.46
109003,HUANUCO,2006,4,38.6,26.45,14.8
109003,HUANUCO,2006,5,2.0,26.55,12.75
109003,HUANUCO,2006,6,6.2,26.42,13.53
109003,HUANUCO,2006,7,3.5,27.21,11.05
109003,HUANUCO,2006,8,2.9,27.28,14.05
109003,HUANUCO,2006,9,11.4,27.96,14.43
109003,HUANUCO,2006,10,46.0,27.98,15.88
109003,HUANUCO,2006,11,66.7,25.8,15.49
109003,HUANUCO,2006,12,89.1,25.52,16.04
109003,HUANUCO,2007,1,33.9,26.22,15.99
109003,HUANUCO,2007,2,6.9,26.67,15.91
109003,HUANUCO,2007,3,83.1,25.54,15.65
109003,HUANUCO,2007,4,35.8,27.32,15.21
109003,HUANUCO,2007,5,7.8,27.59,14.94
109003,HUANUCO,2007,6,1.9,26.99,12.24
109003,HUANUCO,2007,7,6.7,25.65,12.71
109003,HUANUCO,2007,8,3.9,26.56,12.75
109003,HUANUCO,2007,9,4.4,27.47,14.29
109003,HUANUCO,2007,10,59.2,27.34,14.95
109003,HUANUCO,2007,11,40.6,27.26,15.78
109003,HUANUCO,2007,12,70.3,26.16,15.39
109003,HUANUCO,2008,1,29.8,25.6,15.55
109003,HUANUCO,2008,2,90.8,25.62,15.38
109003,HUANUCO,2008,3,91.3,24.56,14.54
109003,HUANUCO,2008,4,36.3,26.24,14.53
109003,HUANUCO,2008,5,3.6,26.58,14.24
109003,HUANUCO,2008,6,5.5,26.78,12.46
109003,HUANUCO,2008,7,0.1,26.19,12.77
109003,HUANUCO,2008,8,2.0,27.27,14.14
109003,HUANUCO,2008,9,33.4,26.78,14.09
109003,HUANUCO,2008,10,38.0,26.93,15.61
109003,HUANUCO,2008,11,50.9,27.28,15.88
109003,HUANUCO,2008,12,68.1,26.26,15.76
109003,HUANUCO,2009,1,67.2,25.02,15.54
109003,HUANUCO,2009,2,72.5,25.18,15.37
109003,HUANUCO,2009,3,87.9,25.54,15.06
109003,HUANUCO,2009,4,57.2,26.06,15.1
109003,HUANUCO,2009,5,13.7,27.05,14.39
109003,HUANUCO,2009,6,10.3,26.61,13.21
109003,HUANUCO,2009,7,11.9,25.9,12.69
109003,HUANUCO,2009,8,4.4,27.3,14.19
109003,HUANUCO,2009,9,11.0,27.89,14.5
109003,HUANUCO,2009,10,44.6,28.16,15.64
109003,HUANUCO,2009,11,40.2,27.81,16.33
109003,HUANUCO,2009,12,59.6,25.91,16.28
109003,HUANUCO,2010,1,21.8,26.19,16.19
109003,HUANUCO,2010,2,85.9,26.36,16.32
109003,HUANUCO,2010,3,91.6,27.59,16.39
109003,HUANUCO,2010,4,19.0,28.04,15.81
109003,HUANUCO,2010,5,3.4,28.14,15.12
109003,HUANUCO,2010,6,2.6,27.25,13.53
109003,HUANUCO,2010,7,4.9,27.12,12.15
109003,HUANUCO,2010,8,7.2,27.38,12.59
109003,HUANUCO,2010,9,13.6,27.61,14.2
109003,HUANUCO,2010,10,26.7,27.41,14.93
109003,HUANUCO,2010,11,-999.0,27.08,15.11
109003,HUANUCO,2010,12,81.9,25.63,15.21
109003,HUANUCO,2011,1,74.3,25.19,15.15
109003,HUANUCO,2011,2,64.0,24.15,14.85
109003,HUANUCO,2011,3,141.6,25.07,14.95
109003,HUANUCO,2011,4,43.9,26.34,14.31
109003,HUANUCO,2011,5,21.1,27.23,14.42
109003,HUANUCO,2011,6,5.7,26.8,12.92
109003,HUANUCO,2011,7,1.9,26.46,12.31
109003,HUANUCO,2011,8,3.7,27.18,12.97
109003,HUANUCO,2011,9,22.6,26.84,14.55
109003,HUANUCO,2011,10,67.7,25.84,15.34
109003,HUANUCO,2011,11,56.6,27.02,15.54
109003,HUANUCO,2011,12,114.2,25.36,15.08
109003,HUANUCO,2012,1,78.6,26.04,15.33
109003,HUANUCO,2012,2,55.7,25.12,15.09
109003,HUANUCO,2012,3,30.1,26.65,14.88
109003,HUANUCO,2012,4,75.9,25.94,14.78
109003,HUANUCO,2012,5,13.7,26.63,14.05
109003,HUANUCO,2012,6,3.8,26.54,12.46
109003,HUANUCO,2012,7,7.8,26.65,10.82
109003,HUANUCO,2012,8,3.4,26.56,12.65
109003,HUANUCO,2012,9,4.9,26.38,13.41
109003,HUANUCO,2012,10,75.0,27.02,15.22
109003,HUANUCO,2012,11,94.5,26.45,15.78
109003,HUANUCO,2012,12,154.7,25.21,15.3
109003,HUANUCO,2013,1,36.2,27.04,15.84
109003,HUANUCO,2013,2,90.0,25.5,15.71
109003,HUANUCO,2013,3,92.0,25.25,15.67
109003,HUANUCO,2013,4,33.6,27.27,14.54
109003,HUANUCO,2013,5,5.7,26.97,14.41
109003,HUANUCO,2013,6,10.7,25.53,14.03
109003,HUANUCO,2013,7,12.5,25.64,12.18
109003,HUANUCO,2013,8,22.1,26.72,13.35
109003,HUANUCO,2013,9,6.6,27.73,13.57
109003,HUANUCO,2013,10,37.8,27.03,15.93
109003,HUANUCO,2013,11,71.3,26.31,15.25
109003,HUANUCO,2013,12,76.1,26.67,15.9
109003,HUANUCO,2014,1,72.0,25.65,15.27
109003,HUANUCO,2014,2,92.0,25.65,15.54
109003,HUANUCO,2014,3,76.3,25.91,15.4
109003,HUANUCO,2014,4,43.1,26.86,15.65
109003,HUANUCO,2014,5,29.2,27.09,15.25
109003,HUANUCO,2014,6,6.6,27.57,12.89
109003,HUANUCO,2014,7,2.9,25.82,12.64
109003,HUANUCO,2014,8,0.7,26.38,12.31
109003,HUANUCO,2014,9,28.9,26.6,14.43
109003,HUANUCO,2014,10,49.7,26.21,14.77
109003,HUANUCO,2014,11,32.1,26.92,15.67
109003,HUANUCO,2014,12,84.9,26.3,16.25
109003,HUANUCO,2015,1,75.6,26.4,15.69
109003,HUANUCO,2015,2,48.9,25.39,15.57
109003,HUANUCO,2015,3,62.3,26.56,15.55
109003,HUANUCO,2015,4,59.0,26.04,15.4
109003,HUANUCO,2015,5,37.8,26.13,14.84
109003,HUANUCO,2015,6,2.8,26.54,13.08
109003,HUANUCO,2015,7,3.9,26.48,12.77
109003,HUANUCO,2015,8,2.3,27.38,13.2
109003,HUANUCO,2015,9,3.1,28.41,15.29
109003,HUANUCO,2015,10,22.7,27.59,15.75
109003,HUANUCO,2015,11,71.4,27.69,16.48
109003,HUANUCO,2015,12,35.3,26.79,16.04
109003,HUANUCO,2016,1,34.7,28.81,16.87
109003,HUANUCO,2016,2,47.3,27.13,17.15
109003,HUANUCO,2016,3,67.8,27.54,16.74
109003,HUANUCO,2016,4,11.6,28.74,16.3
109003,HUANUCO,2016,5,0.2,27.63,14.35
109003,HUANUCO,2016,6,0.8,26.79,12.89
109003,HUANUCO,2016,7,0.2,27.18,11.86
109003,HUANUCO,2016,8,1.1,27.18,13.94
109003,HUANUCO,2016,9,1.7,27.34,14.81
109003,HUANUCO,2016,10,34.3,27.64,15.73
109003,HUANUCO,2016,11,37.5,28.5,16.27
109003,HUANUCO,2016,12,70.2,26.31,16.13
109003,HUANUCO,2017,1,72.1,25.03,15.3
109003,HUANUCO,2017,2,70.9,26.61,15.96
109003,HUANUCO,2017,3,74.0,26.24,15.58
109003,HUANUCO,2017,4,24.6,26.89,16.05
109003,HUANUCO,2017,5,12.3,27.61,15.74
109003,HUANUCO,2017,6,4.0,27.72,14.26
109003,HUANUCO,2017,7,4.8,26.5,12.38
109003,HUANUCO,2017,8,5.1,27.45,13.26
109003,HUANUCO,2017,9,15.9,27.18,15.75
109003,HUANUCO,2017,10,32.3,28.22,15.37
109003,HUANUCO,2017,11,49.4,27.34,16.41
109003,HUANUCO,2017,12,132.1,26.45,15.7
109003,HUANUCO,2018,1,88.5,25.62,14.55
109003,HUANUCO,2018,2,87.9,26.16,15.76
109003,HUANUCO,2018,3,85.3,26.01,15.36
109003,HUANUCO,2018,4,61.4,25.92,14.43
109003,HUANUCO,2018,5,10.6,26.97,14.48
109003,HUANUCO,2018,6,11.3,25.51,12.06
109003,HUANUCO,2018,7,2.4,25.79,12.2
109003,HUANUCO,2018,8,9.8,26.39,12.83
109003,HUANUCO,2018,9,18.1,27.49,13.94
109003,HUANUCO,2018,10,96.1,26.13,15.67
109003,HUANUCO,2018,11,47.6,26.66,16.42
109003,HUANUCO,2018,12,52.3,26.61,15.41
109003,HUANUCO,2019,1,116.5,26.02,15.32
109003,HUANUCO,2019,2,56.3,26.52,15.77
109003,HUANUCO,2019,3,130.9,26.45,15.4
109003,HUANUCO,2019,4,20.2,27.24,15.53
109003,HUANUCO,2019,5,9.1,28.01,13.76
109003,HUANUCO,2019,6,12.0,27.56,12.6
109003,HUANUCO,2019,7,-999.0,26.39,12.64
109003,HUANUCO,2019,8,4.4,26.74,11.48
109003,HUANUCO,2019,9,13.4,26.6,14.45
109003,HUANUCO,2019,10,58.5,27.04,15.52
109003,HUANUCO,2019,11,18.5,27.03,15.62
109003,HUANUCO,2019,12,125.2,25.55,15.3
109003,HUANUCO,2020,1,42.4,27.0,15.83
109003,HUANUCO,2020,2,61.2,26.76,16.36
109003,HUANUCO,2020,3,-999.0,-999.0,-999.0
109003,HUANUCO,2020,4,-999.0,-999.0,-999.0
109003,HUANUCO,2020,5,-999.0,-999.0,-999.0
109003,HUANUCO,2020,6,-999.0,-999.0,-999.0
109003,HUANUCO,2020,7,5.9,26.65,13.16
109003,HUANUCO,2020,8,0.6,27.86,12.44
109003,HUANUCO,2020,9,4.8,26.57,14.89
109003,HUANUCO,2020,10,24.3,27.95,14.67
109003,HUANUCO,2020,11,15.3,28.76,16.23
109003,HUANUCO,2020,12,56.3,26.41,16.04
109003,HUANUCO,2021,1,74.8,25.66,15.83
109003,HUANUCO,2021,2,72.2,26.82,15.78
109003,HUANUCO,2021,3,66.5,26.28,15.26
109003,HUANUCO,2021,4,33.8,27.35,15.47
109003,HUANUCO,2021,5,16.2,27.55,13.74
109003,HUANUCO,2021,6,3.2,27.35,13.87
109003,HUANUCO,2021,7,0.9,27.32,11.81
109003,HUANUCO,2021,8,3.2,27.93,12.93
109003,HUANUCO,2021,9,29.7,27.54,14.38
109003,HUANUCO,2021,10,34.2,28.34,15.59
109003,HUANUCO,2021,11,126.7,26.47,15.7
109003,HUANUCO,2021,12,39.0,27.15,16.3
109003,HUANUCO,2022,1,54.4,27.21,15.86
109003,HUANUCO,2022,2,82.6,25.65,15.44
109003,HUANUCO,2022,3,50.3,25.84,15.84
109003,HUANUCO,2022,4,15.0,28.21,15.39
109003,HUANUCO,2022,5,3.3,27.47,15.14
109003,HUANUCO,2022,6,9.6,27.26,11.75
109003,HUANUCO,2022,7,6.0,27.83,12.37
109003,HUANUCO,2022,8,11.0,27.01,12.96
109003,HUANUCO,2022,9,10.0,28.29,14.33
109003,HUANUCO,2022,10,10.3,28.39,16.01
109003,HUANUCO,2022,11,28.7,27.79,14.95
109003,HUANUCO,2022,12,79.1,26.63,14.96
109003,HUANUCO,2023,1,33.9,26.05,15.29
109003,HUANUCO,2023,2,84.8,26.29,15.72
109003,HUANUCO,2023,3,142.6,26.38,15.36
109003,HUANUCO,2023,4,22.8,27.77,15.58
109003,HUANUCO,2023,5,35.2,27.47,15.33
109003,HUANUCO,2023,6,0.0,26.79,12.9
109003,HUANUCO,2023,7,0.3,27.74,12.23
109003,HUANUCO,2023,8,1.7,28.24,13.42
109003,HUANUCO,2023,9,13.6,28.29,15.29
109003,HUANUCO,2023,10,47.1,27.75,16.37
109003,HUANUCO,2023,11,33.5,26.97,16.4
109003,HUANUCO,2023,12,58.7,26.8,17.02
109003,HUANUCO,2024,1,121.2,26.84,16.58
109003,HUANUCO,2024,2,62.2,27.55,16.55
109003,HUANUCO,2024,3,59.5,27.24,16.64
109003,HUANUCO,2024,4,14.1,28.89,16.86
109003,HUANUCO,2024,5,2.4,28.78,15.41
109003,HUANUCO,2024,6,20.6,27.05,13.14
109003,HUANUCO,2024,7,0.3,27.4,12.24
109003,HUANUCO,2024,8,11.4,27.35,13.93
109003,HUANUCO,2024,9,5.0,28.27,13.58
109003,HUANUCO,2024,10,41.1,28.48,15.64
109003,HUANUCO,2024,11,96.2,26.46,15.7
109003,HUANUCO,2024,12,69.8,26.95,16.1
109003,HUANUCO,2025,1,66.5,26.29,15.4
109003,HUANUCO,2025,2,153.0,26.46,15.41
109003,HUANUCO,2025,3,121.5,25.69,15.95
109003,HUANUCO,2025,4,38.0,26.83,15.71
109003,HUANUCO,2025,5,16.9,27.26,15.1
109003,HUANUCO,2025,6,1.9,26.7,13.76
109003,HUANUCO,2025,7,6.6,26.49,11.29
109003,HUANUCO,2025,8,1.9,27.24,13.37
109003,HUANUCO,2025,9,10.9,27.04,14.34
109003,HUANUCO,2025,10,34.0,27.49,16.02
109003,HUANUCO,2025,11,26.2,27.76,16.06
109003,HUANUCO,2025,12,29.1,28.16,16.05
