CODIGO,ESTACION,YEAR,MONTH,PP,TMAX,TMIN
110057,ANDAJES,1990,1,-999.0,-999.0,-999.0
110057,ANDAJES,1990,2,-999.0,-999.0,-999.0
110057,ANDAJES,1990,3,21.6,-999.0,-999.0
110057,ANDAJES,1990,4,-999.0,-999.0,-999.0
110057,ANDAJES,1990,5,0.0,-999.0,-999.0
110057,ANDAJES,1990,6,0.0,-999.0,-999.0
110057,ANDAJES,1990,7,0.0,-999.0,-999.0
110057,ANDAJES,1990,8,0.0,-999.0,-999.0
110057,ANDAJES,1990,9,3.2,-999.0,-999.0
110057,ANDAJES,1990,10,47.4,-999.0,-999.0
110057,ANDAJES,1990,11,61.9,-999.0,-999.0
110057,ANDAJES,1990,12,48.1,-999.0,-999.0
110057,ANDAJES,1991,1,38.2,-999.0,-999.0
110057,ANDAJES,1991,2,60.8,-999.0,-999.0
110057,ANDAJES,1991,3,137.5,-999.0,-999.0
110057,ANDAJES,1991,4,16.2,-999.0,-999.0
110057,ANDAJES,1991,5,5.8,-999.0,-999.0
110057,ANDAJES,1991,6,0.1,-999.0,-999.0
110057,ANDAJES,1991,7,1.1,-999.0,-999.0
110057,ANDAJES,1991,8,0.0,-999.0,-999.0
110057,ANDAJES,1991,9,7.1,-999.0,-999.0
110057,ANDAJES,1991,10,48.0,-999.0,-999.0
110057,ANDAJES,1991,11,35.2,-999.0,-999.0
110057,ANDAJES,1991,12,17.7,-999.0,-999.0
110057,ANDAJES,1992,1,13.4,-999.0,-999.0
110057,ANDAJES,1992,2,12.6,-999.0,-999.0
110057,ANDAJES,1992,3,50.2,-999.0,-999.0
110057,ANDAJES,1992,4,35.6,-999.0,-999.0
110057,ANDAJES,1992,5,0.2,-999.0,-999.0
110057,ANDAJES,1992,6,0.0,-999.0,-999.0
110057,ANDAJES,1992,7,0.0,-999.0,-999.0
110057,ANDAJES,1992,8,3.6,-999.0,-999.0
110057,ANDAJES,1992,9,4.0,-999.0,-999.0
110057,ANDAJES,1992,10,18.2,-999.0,-999.0
110057,ANDAJES,1992,11,5.1,-999.0,-999.0
110057,ANDAJES,1992,12,8.9,-999.0,-999.0
110057,ANDAJES,1993,1,76.4,-999.0,-999.0
110057,ANDAJES,1993,2,89.0,-999.0,-999.0
110057,ANDAJES,1993,3,144.1,-999.0,-999.0
110057,ANDAJES,1993,4,66.6,-999.0,-999.0
110057,ANDAJES,1993,5,11.6,-999.0,-999.0
110057,ANDAJES,1993,6,0.0,-999.0,-999.0
110057,ANDAJES,1993,7,0.3,-999.0,-999.0
110057,ANDAJES,1993,8,0.0,-999.0,-999.0
110057,ANDAJES,1993,9,1.1,-999.0,-999.0
110057,ANDAJES,1993,10,33.4,-999.0,-999.0
110057,ANDAJES,1993,11,56.2,-999.0,-999.0
110057,ANDAJES,1993,12,64.1,-999.0,-999.0
110057,ANDAJES,1994,1,97.5,-999.0,-999.0
110057,ANDAJES,1994,2,136.5,-999.0,-999.0
110057,ANDAJES,1994,3,104.4,-999.0,-999.0
110057,ANDAJES,1994,4,38.7,-999.0,-999.0
110057,ANDAJES,1994,5,8.2,-999.0,-999.0
110057,ANDAJES,1994,6,0.0,-999.0,-999.0
110057,ANDAJES,1994,7,0.0,-999.0,-999.0
110057,ANDAJES,1994,8,0.0,-999.0,-999.0
110057,ANDAJES,1994,9,11.3,-999.0,-999.0
110057,ANDAJES,1994,10,0.0,-999.0,-999.0
110057,ANDAJES,1994,11,19.1,-999.0,-999.0
110057,ANDAJES,1994,12,42.7,-999.0,-999.0
110057,ANDAJES,1995,1,69.5,-999.0,-999.0
110057,ANDAJES,1995,2,33.9,-999.0,-999.0
110057,ANDAJES,1995,3,67.6,-999.0,-999.0
110057,ANDAJES,1995,4,39.3,-999.0,-999.0
110057,ANDAJES,1995,5,3.7,-999.0,-999.0
110057,ANDAJES,1995,6,0.0,-999.0,-999.0
110057,ANDAJES,1995,7,0.0,-999.0,-999.0
110057,ANDAJES,1995,8,0.0,-999.0,-999.0
110057,ANDAJES,1995,9,0.5,-999.0,-999.0
110057,ANDAJES,1995,10,7.8,-999.0,-999.0
110057,ANDAJES,1995,11,44.0,-999.0,-999.0
110057,ANDAJES,1995,12,59.5,-999.0,-999.0
110057,ANDAJES,1996,1,99.3,-999.0,-999.0
110057,ANDAJES,1996,2,134.4,-999.0,-999.0
110057,ANDAJES,1996,3,105.1,-999.0,-999.0
110057,ANDAJES,1996,4,30.6,-999.0,-999.0
110057,ANDAJES,1996,5,0.0,-999.0,-999.0
110057,ANDAJES,1996,6,0.0,-999.0,-999.0
110057,ANDAJES,1996,7,0.0,-999.0,-999.0
110057,ANDAJES,1996,8,0.0,-999.0,-999.0
110057,ANDAJES,1996,9,0.4,-999.0,-999.0
110057,ANDAJES,1996,10,12.7,-999.0,-999.0
110057,ANDAJES,1996,11,13.7,-999.0,-999.0
110057,ANDAJES,1996,12,43.5,-999.0,-999.0
110057,ANDAJES,1997,1,66.9,-999.0,-999.0
110057,ANDAJES,1997,2,78.3,-999.0,-999.0
110057,ANDAJES,1997,3,16.7,-999.0,-999.0
110057,ANDAJES,1997,4,0.0,-999.0,-999.0
110057,ANDAJES,1997,5,0.0,-999.0,-999.0
110057,ANDAJES,1997,6,0.0,-999.0,-999.0
110057,ANDAJES,1997,7,0.0,-999.0,-999.0
110057,ANDAJES,1997,8,0.0,-999.0,-999.0
110057,ANDAJES,1997,9,0.7,-999.0,-999.0
110057,ANDAJES,1997,10,13.8,-999.0,-999.0
110057,ANDAJES,1997,11,42.3,-999.0,-999.0
110057,ANDAJES,1997,12,107.7,-999.0,-999.0
110057,ANDAJES,1998,1,185.1,-999.0,-999.0
110057,ANDAJES,1998,2,122.8,-999.0,-999.0
110057,ANDAJES,1998,3,70.9,-999.0,-999.0
110057,ANDAJES,1998,4,12.6,-999.0,-999.0
110057,ANDAJES,1998,5,0.0,-999.0,-999.0
110057,ANDAJES,1998,6,0.0,-999.0,-999.0
110057,ANDAJES,1998,7,0.0,-999.0,-999.0
110057,ANDAJES,1998,8,0.0,-999.0,-999.0
110057,ANDAJES,1998,9,0.0,-999.0,-999.0
110057,ANDAJES,1998,10,27.2,-999.0,-999.0
110057,ANDAJES,1998,11,13.7,-999.0,-999.0
110057,ANDAJES,1998,12,27.6,-999.0,-999.0
110057,ANDAJES,1999,1,87.2,-999.0,-999.0
110057,ANDAJES,1999,2,187.2,-999.0,-999.0
110057,ANDAJES,1999,3,102.2,-999.0,-999.0
110057,ANDAJES,1999,4,31.1,-999.0,-999.0
110057,ANDAJES,1999,5,7.0,-999.0,-999.0
110057,ANDAJES,1999,6,0.6,-999.0,-999.0
110057,ANDAJES,1999,7,0.0,-999.0,-999.0
110057,ANDAJES,1999,8,0.0,-999.0,-999.0
110057,ANDAJES,1999,9,0.8,-999.0,-999.0
110057,ANDAJES,1999,10,34.1,-999.0,-999.0
110057,ANDAJES,1999,11,6.6,-999.0,-999.0
110057,ANDAJES,1999,12,26.2,-999.0,-999.0
110057,ANDAJES,2000,1,107.4,-999.0,-999.0
110057,ANDAJES,2000,2,108.8,-999.0,-999.0
110057,ANDAJES,2000,3,99.3,-999.0,-999.0
110057,ANDAJES,2000,4,53.2,-999.0,-999.0
110057,ANDAJES,2000,5,21.0,-999.0,-999.0
110057,ANDAJES,2000,6,0.0,-999.0,-999.0
110057,ANDAJES,2000,7,0.0,-999.0,-999.0
110057,ANDAJES,2000,8,0.0,-999.0,-999.0
110057,ANDAJES,2000,9,0.5,-999.0,-999.0
110057,ANDAJES,2000,10,7.6,-999.0,-999.0
110057,ANDAJES,2000,11,14.8,-999.0,-999.0
110057,ANDAJES,2000,12,132.2,-999.0,-999.0
110057,ANDAJES,2001,1,169.7,-999.0,-999.0
110057,ANDAJES,2001,2,70.8,-999.0,-999.0
110057,ANDAJES,2001,3,143.5,-999.0,-999.0
110057,ANDAJES,2001,4,36.0,-999.0,-999.0
110057,ANDAJES,2001,5,6.2,-999.0,-999.0
110057,ANDAJES,2001,6,0.0,-999.0,-999.0
110057,ANDAJES,2001,7,0.0,-999.0,-999.0
110057,ANDAJES,2001,8,0.0,-999.0,-999.0
110057,ANDAJES,2001,9,1.0,-999.0,-999.0
110057,ANDAJES,2001,10,12.9,-999.0,-999.0
110057,ANDAJES,2001,11,67.2,-999.0,-999.0
110057,ANDAJES,2001,12,28.7,-999.0,-999.0
110057,ANDAJES,2002,1,19.1,-999.0,-999.0
110057,ANDAJES,2002,2,87.3,-999.0,-999.0
110057,ANDAJES,2002,3,88.9,-999.0,-999.0
110057,ANDAJES,2002,4,64.9,-999.0,-999.0
110057,ANDAJES,2002,5,1.2,-999.0,-999.0
110057,ANDAJES,2002,6,0.0,-999.0,-999.0
110057,ANDAJES,2002,7,0.0,-999.0,-999.0
110057,ANDAJES,2002,8,0.0,-999.0,-999.0
110057,ANDAJES,2002,9,46.0,-999.0,-999.0
110057,ANDAJES,2002,10,30.8,-999.0,-999.0
110057,ANDAJES,2002,11,58.2,-999.0,-999.0
110057,ANDAJES,2002,12,74.9,-999.0,-999.0
110057,ANDAJES,2003,1,60.9,-999.0,-999.0
110057,ANDAJES,2003,2,68.2,-999.0,-999.0
110057,ANDAJES,2003,3,90.6,-999.0,-999.0
110057,ANDAJES,2003,4,40.9,-999.0,-999.0
110057,ANDAJES,2003,5,0.0,-999.0,-999.0
110057,ANDAJES,2003,6,0.0,-999.0,-999.0
110057,ANDAJES,2003,7,0.0,-999.0,-999.0
110057,ANDAJES,2003,8,0.0,-999.0,-999.0
110057,ANDAJES,2003,9,0.0,-999.0,-999.0
110057,ANDAJES,2003,10,7.5,-999.0,-999.0
110057,ANDAJES,2003,11,13.2,-999.0,-999.0
110057,ANDAJES,2003,12,80.2,-999.0,-999.0
110057,ANDAJES,2004,1,27.7,-999.0,-999.0
110057,ANDAJES,2004,2,46.2,-999.0,-999.0
110057,ANDAJES,2004,3,59.8,-999.0,-999.0
110057,ANDAJES,2004,4,27.7,-999.0,-999.0
110057,ANDAJES,2004,5,0.0,-999.0,-999.0
110057,ANDAJES,2004,6,0.0,-999.0,-999.0
110057,ANDAJES,2004,7,3.2,-999.0,-999.0
110057,ANDAJES,2004,8,0.0,-999.0,-999.0
110057,ANDAJES,2004,9,10.8,-999.0,-999.0
110057,ANDAJES,2004,10,14.8,-999.0,-999.0
110057,ANDAJES,2004,11,47.4,-999.0,-999.0
110057,ANDAJES,2004,12,62.8,-999.0,-999.0
110057,ANDAJES,2005,1,45.6,-999.0,-999.0
110057,ANDAJES,2005,2,25.0,-999.0,-999.0
110057,ANDAJES,2005,3,84.8,-999.0,-999.0
110057,ANDAJES,2005,4,2.4,-999.0,-999.0
110057,ANDAJES,2005,5,0.0,-999.0,-999.0
110057,ANDAJES,2005,6,0.0,-999.0,-999.0
110057,ANDAJES,2005,7,0.0,-999.0,-999.0
110057,ANDAJES,2005,8,0.0,-999.0,-999.0
110057,ANDAJES,2005,9,0.0,-999.0,-999.0
110057,ANDAJES,2005,10,3.1,-999.0,-999.0
110057,ANDAJES,2005,11,4.1,-999.0,-999.0
110057,ANDAJES,2005,12,63.5,-999.0,-999.0
110057,ANDAJES,2006,1,80.8,-999.0,-999.0
110057,ANDAJES,2006,2,-999.0,-999.0,-999.0
110057,ANDAJES,2006,3,134.1,-999.0,-999.0
110057,ANDAJES,2006,4,94.8,-999.0,-999.0
110057,ANDAJES,2006,5,0.0,-999.0,-999.0
110057,ANDAJES,2006,6,1.4,-999.0,-999.0
110057,ANDAJES,2006,7,0.0,-999.0,-999.0
110057,ANDAJES,2006,8,3.7,-999.0,-999.0
110057,ANDAJES,2006,9,1.1,-999.0,-999.0
110057,ANDAJES,2006,10,5.9,-999.0,-999.0
110057,ANDAJES,2006,11,24.8,-999.0,-999.0
110057,ANDAJES,2006,12,91.4,-999.0,-999.0
110057,ANDAJES,2007,1,109.0,-999.0,-999.0
110057,ANDAJES,2007,2,83.8,-999.0,-999.0
110057,ANDAJES,2007,3,149.3,-999.0,-999.0
110057,ANDAJES,2007,4,73.8,-999.0,-999.0
110057,ANDAJES,2007,5,0.0,-999.0,-999.0
110057,ANDAJES,2007,6,0.0,-999.0,-999.0
110057,ANDAJES,2007,7,0.0,-999.0,-999.0
110057,ANDAJES,2007,8,0.0,-999.0,-999.0
110057,ANDAJES,2007,9,0.0,-999.0,-999.0
110057,ANDAJES,2007,10,30.3,-999.0,-999.0
110057,ANDAJES,2007,11,0.0,-999.0,-999.0
110057,ANDAJES,2007,12,27.0,-999.0,-999.0
110057,ANDAJES,2008,1,100.0,-999.0,-999.0
110057,ANDAJES,2008,2,159.6,-999.0,-999.0
110057,ANDAJES,2008,3,107.9,-999.0,-999.0
110057,ANDAJES,2008,4,35.2,-999.0,-999.0
110057,ANDAJES,2008,5,0.0,-999.0,-999.0
110057,ANDAJES,2008,6,0.0,-999.0,-999.0
110057,ANDAJES,2008,7,0.0,-999.0,-999.0
110057,ANDAJES,2008,8,0.0,-999.0,-999.0
110057,ANDAJES,2008,9,0.0,-999.0,-999.0
110057,ANDAJES,2008,10,26.8,-999.0,-999.0
110057,ANDAJES,2008,11,27.4,-999.0,-999.0
110057,ANDAJES,2008,12,56.1,-999.0,-999.0
110057,ANDAJES,2009,1,113.7,-999.0,-999.0
110057,ANDAJES,2009,2,126.4,-999.0,-999.0
110057,ANDAJES,2009,3,160.4,-999.0,-999.0
110057,ANDAJES,2009,4,71.5,-999.0,-999.0
110057,ANDAJES,2009,5,0.0,-999.0,-999.0
110057,ANDAJES,2009,6,0.0,-999.0,-999.0
110057,ANDAJES,2009,7,0.0,-999.0,-999.0
110057,ANDAJES,2009,8,0.0,-999.0,-999.0
110057,ANDAJES,2009,9,0.0,-999.0,-999.0
110057,ANDAJES,2009,10,73.1,-999.0,-999.0
110057,ANDAJES,2009,11,87.4,-999.0,-999.0
110057,ANDAJES,2009,12,51.5,-999.0,-999.0
110057,ANDAJES,2010,1,96.0,-999.0,-999.0
110057,ANDAJES,2010,2,45.9,-999.0,-999.0
110057,ANDAJES,2010,3,85.0,-999.0,-999.0
110057,ANDAJES,2010,4,-999.0,-999.0,-999.0
110057,ANDAJES,2010,5,0.0,-999.0,-999.0
110057,ANDAJES,2010,6,0.0,-999.0,-999.0
110057,ANDAJES,2010,7,0.0,-999.0,-999.0
110057,ANDAJES,2010,8,0.0,-999.0,-999.0
110057,ANDAJES,2010,9,3.4,-999.0,-999.0
110057,ANDAJES,2010,10,7.5,-999.0,-999.0
110057,ANDAJES,2010,11,27.8,-999.0,-999.0
110057,ANDAJES,2010,12,134.4,-999.0,-999.0
110057,ANDAJES,2011,1,163.1,-999.0,-999.0
110057,ANDAJES,2011,2,84.0,-999.0,-999.0
110057,ANDAJES,2011,3,61.1,-999.0,-999.0
110057,ANDAJES,2011,4,48.6,-999.0,-999.0
110057,ANDAJES,2011,5,0.0,-999.0,-999.0
110057,ANDAJES,2011,6,0.0,-999.0,-999.0
110057,ANDAJES,2011,7,0.0,-999.0,-999.0
110057,ANDAJES,2011,8,0.0,-999.0,-999.0
110057,ANDAJES,2011,9,0.8,-999.0,-999.0
110057,ANDAJES,2011,10,2.1,-999.0,-999.0
110057,ANDAJES,2011,11,41.5,-999.0,-999.0
110057,ANDAJES,2011,12,84.7,-999.0,-999.0
110057,ANDAJES,2012,1,36.5,-999.0,-999.0
110057,ANDAJES,2012,2,135.3,-999.0,-999.0
110057,ANDAJES,2012,3,143.3,-999.0,-999.0
110057,ANDAJES,2012,4,85.0,-999.0,-999.0
110057,ANDAJES,2012,5,0.0,-999.0,-999.0
110057,ANDAJES,2012,6,0.0,-999.0,-999.0
110057,ANDAJES,2012,7,0.0,-999.0,-999.0
110057,ANDAJES,2012,8,0.0,-999.0,-999.0
110057,ANDAJES,2012,9,12.3,-999.0,-999.0
110057,ANDAJES,2012,10,21.9,-999.0,-999.0
110057,ANDAJES,2012,11,38.8,-999.0,-999.0
110057,ANDAJES,2012,12,63.7,-999.0,-999.0
110057,ANDAJES,2013,1,52.2,-999.0,-999.0
110057,ANDAJES,2013,2,116.9,-999.0,-999.0
110057,ANDAJES,2013,3,127.2,-999.0,-999.0
110057,ANDAJES,2013,4,12.5,-999.0,-999.0
110057,ANDAJES,2013,5,12.0,-999.0,-999.0
110057,ANDAJES,2013,6,0.0,-999.0,-999.0
110057,ANDAJES,2013,7,0.0,-999.0,-999.0
110057,ANDAJES,2013,8,0.0,-999.0,-999.0
110057,ANDAJES,2013,9,0.0,-999.0,-999.0
110057,ANDAJES,2013,10,42.6,-999.0,-999.0
110057,ANDAJES,2013,11,16.7,-999.0,-999.0
110057,ANDAJES,2013,12,72.7,-999.0,-999.0
110057,ANDAJES,2014,1,63.7,-999.0,-999.0
110057,ANDAJES,2014,2,71.3,-999.0,-999.0
110057,ANDAJES,2014,3,107.4,-999.0,-999.0
110057,ANDAJES,2014,4,36.6,-999.0,-999.0
110057,ANDAJES,2014,5,1.0,-999.0,-999.0
110057,ANDAJES,2014,6,0.0,-999.0,-999.0
110057,ANDAJES,2014,7,0.0,-999.0,-999.0
110057,ANDAJES,2014,8,0.0,-999.0,-999.0
110057,ANDAJES,2014,9,1.5,-999.0,-999.0
110057,ANDAJES,2014,10,3.2,-999.0,-999.0
110057,ANDAJES,2014,11,31.0,-999.0,-999.0
110057,ANDAJES,2014,12,103.8,-999.0,-999.0
110057,ANDAJES,2015,1,88.7,-999.0,-999.0
110057,ANDAJES,2015,2,67.3,-999.0,-999.0
110057,ANDAJES,2015,3,135.8,-999.0,-999.0
110057,ANDAJES,2015,4,52.4,-999.0,-999.0
110057,ANDAJES,2015,5,4.8,-999.0,-999.0
110057,ANDAJES,2015,6,0.0,-999.0,-999.0
110057,ANDAJES,2015,7,0.0,-999.0,-999.0
110057,ANDAJES,2015,8,4.5,-999.0,-999.0
110057,ANDAJES,2015,9,0.0,-999.0,-999.0
110057,ANDAJES,2015,10,19.6,-999.0,-999.0
110057,ANDAJES,2015,11,12.6,-999.0,-999.0
110057,ANDAJES,2015,12,50.6,-999.0,-999.0
110057,ANDAJES,2016,1,25.7,-999.0,-999.0
110057,ANDAJES,2016,2,63.3,-999.0,-999.0
110057,ANDAJES,2016,3,71.3,-999.0,-999.0
110057,ANDAJES,2016,4,20.3,-999.0,-999.0
110057,ANDAJES,2016,5,0.0,-999.0,-999.0
110057,ANDAJES,2016,6,0.0,-999.0,-999.0
110057,ANDAJES,2016,7,0.0,-999.0,-999.0
110057,ANDAJES,2016,8,0.0,-999.0,-999.0
110057,ANDAJES,2016,9,12.0,-999.0,-999.0
110057,ANDAJES,2016,10,0.0,-999.0,-999.0
110057,ANDAJES,2016,11,0.0,-999.0,-999.0
110057,ANDAJES,2016,12,24.7,-999.0,-999.0
110057,ANDAJES,2017,1,123.8,-999.0,-999.0
110057,ANDAJES,2017,2,140.0,-999.0,-999.0
110057,ANDAJES,2017,3,190.7,-999.0,-999.0
110057,ANDAJES,2017,4,9.0,-999.0,-999.0
110057,ANDAJES,2017,5,2.0,-999.0,-999.0
110057,ANDAJES,2017,6,0.0,-999.0,-999.0
110057,ANDAJES,2017,7,0.0,-999.0,-999.0
110057,ANDAJES,2017,8,0.0,-999.0,-999.0
110057,ANDAJES,2017,9,9.5,-999.0,-999.0
110057,ANDAJES,2017,10,27.5,-999.0,-999.0
110057,ANDAJES,2017,11,9.0,-999.0,-999.0
110057,ANDAJES,2017,12,20.1,-999.0,-999.0
110057,ANDAJES,2018,1,75.5,-999.0,-999.0
110057,ANDAJES,2018,2,44.5,-999.0,-999.0
110057,ANDAJES,2018,3,60.7,-999.0,-999.0
110057,ANDAJES,2018,4,16.6,-999.0,-999.0
110057,ANDAJES,2018,5,0.0,-999.0,-999.0
110057,ANDAJES,2018,6,4.0,-999.0,-999.0
110057,ANDAJES,2018,7,0.0,-999.0,-999.0
110057,ANDAJES,2018,8,0.0,-999.0,-999.0
110057,ANDAJES,2018,9,0.0,-999.0,-999.0
110057,ANDAJES,2018,10,13.4,-999.0,-999.0
110057,ANDAJES,2018,11,8.2,-999.0,-999.0
110057,ANDAJES,2018,12,47.0,-999.0,-999.0
110057,ANDAJES,2019,1,109.6,-999.0,-999.0
110057,ANDAJES,2019,2,116.0,-999.0,-999.0
110057,ANDAJES,2019,3,92.9,-999.0,-999.0
110057,ANDAJES,2019,4,21.4,-999.0,-999.0
110057,ANDAJES,2019,5,0.0,-999.0,-999.0
110057,ANDAJES,2019,6,0.0,-999.0,-999.0
110057,ANDAJES,2019,7,0.0,-999.0,-999.0
110057,ANDAJES,2019,8,0.0,-999.0,-999.0
110057,ANDAJES,2019,9,0.0,-999.0,-999.0
110057,ANDAJES,2019,10,6.5,-999.0,-999.0
110057,ANDAJES,2019,11,17.1,-999.0,-999.0
110057,ANDAJES,2019,12,80.1,-999.0,-999.0
110057,ANDAJES,2020,1,25.1,-999.0,-999.0
110057,ANDAJES,2020,2,52.8,-999.0,-999.0
110057,ANDAJES,2020,3,58.1,-999.0,-999.0
110057,ANDAJES,2020,4,-999.0,-999.0,-999.0
110057,ANDAJES,2020,5,-999.0,-999.0,-999.0
110057,ANDAJES,2020,6,-999.0,-999.0,-999.0
110057,ANDAJES,2020,7,-999.0,-999.0,-999.0
110057,ANDAJES,2020,8,-999.0,-999.0,-999.0
110057,ANDAJES,2020,9,-999.0,-999.0,-999.0
110057,ANDAJES,2020,10,-999.0,-999.0,-999.0
110057,ANDAJES,2020,11,-999.0,-999.0,-999.0
110057,ANDAJES,2020,12,-999.0,-999.0,-999.0
110057,ANDAJES,2021,1,-999.0,-999.0,-999.0
110057,ANDAJES,2021,2,-999.0,-999.0,-999.0
110057,ANDAJES,2021,3,-999.0,-999.0,-999.0
110057,ANDAJES,2021,4,-999.0,-999.0,-999.0
110057,ANDAJES,2021,5,-999.0,-999.0,-999.0
110057,ANDAJES,2021,6,-999.0,-999.0,-999.0
110057,ANDAJES,2021,7,-999.0,-999.0,-999.0
110057,ANDAJES,2021,8,-999.0,-999.0,-999.0
110057,ANDAJES,2021,9,-999.0,-999.0,-999.0
110057,ANDAJES,2021,10,-999.0,-999.0,-999.0
110057,ANDAJES,2021,11,-999.0,-999.0,-999.0
110057,ANDAJES,2021,12,-999.0,-999.0,-999.0
110057,ANDAJES,2022,1,-999.0,-999.0,-999.0
110057,ANDAJES,2022,2,-999.0,-999.0,-999.0
110057,ANDAJES,2022,3,107.4,-999.0,-999.0
110057,ANDAJES,2022,4,19.9,-999.0,-999.0
110057,ANDAJES,2022,5,0.0,-999.0,-999.0
110057,ANDAJES,2022,6,0.0,-999.0,-999.0
110057,ANDAJES,2022,7,0.0,-999.0,-999.0
110057,ANDAJES,2022,8,0.0,-999.0,-999.0
110057,ANDAJES,2022,9,0.0,-999.0,-999.0
110057,ANDAJES,2022,10,0.0,-999.0,-999.0
110057,ANDAJES,2022,11,0.0,-999.0,-999.0
110057,ANDAJES,2022,12,40.1,-999.0,-999.0
110057,ANDAJES,2023,1,60.8,-999.0,-999.0
110057,ANDAJES,2023,2,127.2,-999.0,-999.0
110057,ANDAJES,2023,3,153.0,-999.0,-999.0
110057,ANDAJES,2023,4,30.7,-999.0,-999.0
110057,ANDAJES,2023,5,7.1,-999.0,-999.0
110057,ANDAJES,2023,6,0.0,-999.0,-999.0
110057,ANDAJES,2023,7,0.0,-999.0,-999.0
110057,ANDAJES,2023,8,0.0,-999.0,-999.0
110057,ANDAJES,2023,9,7.2,-999.0,-999.0
110057,ANDAJES,2023,10,47.9,-999.0,-999.0
110057,ANDAJES,2023,11,41.4,-999.0,-999.0
110057,ANDAJES,2023,12,101.4,-999.0,-999.0
110057,ANDAJES,2024,1,134.1,-999.0,-999.0
110057,ANDAJES,2024,2,58.5,-999.0,-999.0
110057,ANDAJES,2024,3,87.9,-999.0,-999.0
110057,ANDAJES,2024,4,44.4,-999.0,-999.0
110057,ANDAJES,2024,5,7.5,-999.0,-999.0
110057,ANDAJES,2024,6,0.0,-999.0,-999.0
110057,ANDAJES,2024,7,0.0,-999.0,-999.0
110057,ANDAJES,2024,8,0.0,-999.0,-999.0
110057,ANDAJES,2024,9,3.9,-999.0,-999.0
110057,ANDAJES,2024,10,1.3,-999.0,-999.0
110057,ANDAJES,2024,11,23.1,-999.0,-999.0
110057,ANDAJES,2024,12,112.8,-999.0,-999.0
110057,ANDAJES,2025,1,60.4,-999.0,-999.0
110057,ANDAJES,2025,2,169.2,-999.0,-999.0
110057,ANDAJES,2025,3,142.0,-999.0,-999.0
110057,ANDAJES,2025,4,50.2,-999.0,-999.0
110057,ANDAJES,2025,5,25.9,-999.0,-999.0
110057,ANDAJES,2025,6,0.0,-999.0,-999.0
110057,ANDAJES,2025,7,0.0,-999.0,-999.0
110057,ANDAJES,2025,8,0.0,-999.0,-999.0
110057,ANDAJES,2025,9,0.0,-999.0,-999.0
110057,ANDAJES,2025,10,52.0,-999.0,-999.0
110057,ANDAJES,2025,11,7.6,-999.0,-999.0
110057,ANDAJES,2025,12,4.8,-999.0,-999.0
