CODIGO,ESTACION,YEAR,MONTH,PP,TMAX,TMIN
110063,PARQUIN,1990,1,98.8,-999.0,-999.0
110063,PARQUIN,1990,2,89.3,-999.0,-999.0
110063,PARQUIN,1990,3,87.7,-999.0,-999.0
110063,PARQUIN,1990,4,44.6,-999.0,-999.0
110063,PARQUIN,1990,5,5.3,-999.0,-999.0
110063,PARQUIN,1990,6,6.0,-999.0,-999.0
110063,PARQUIN,1990,7,0.0,-999.0,-999.0
110063,PARQUIN,1990,8,0.0,-999.0,-999.0
110063,PARQUIN,1990,9,1.8,-999.0,-999.0
110063,PARQUIN,1990,10,105.7,-999.0,-999.0
110063,PARQUIN,1990,11,116.8,-999.0,-999.0
110063,PARQUIN,1990,12,-999.0,-999.0,-999.0
110063,PARQUIN,1991,1,114.4,-999.0,-999.0
110063,PARQUIN,1991,2,44.4,-999.0,-999.0
110063,PARQUIN,1991,3,173.0,-999.0,-999.0
110063,PARQUIN,1991,4,55.3,-999.0,-999.0
110063,PARQUIN,1991,5,0.0,-999.0,-999.0
110063,PARQUIN,1991,6,0.0,-999.0,-999.0
110063,PARQUIN,1991,7,0.0,-999.0,-999.0
110063,PARQUIN,1991,8,0.0,-999.0,-999.0
110063,PARQUIN,1991,9,0.0,-999.0,-999.0
110063,PARQUIN,1991,10,61.0,-999.0,-999.0
110063,PARQUIN,1991,11,43.0,-999.0,-999.0
110063,PARQUIN,1991,12,63.0,-999.0,-999.0
110063,PARQUIN,1992,1,56.1,-999.0,-999.0
110063,PARQUIN,1992,2,31.3,-999.0,-999.0
110063,PARQUIN,1992,3,92.1,-999.0,-999.0
110063,PARQUIN,1992,4,57.6,-999.0,-999.0
110063,PARQUIN,1992,5,0.0,-999.0,-999.0
110063,PARQUIN,1992,6,0.0,-999.0,-999.0
110063,PARQUIN,1992,7,0.0,-999.0,-999.0
110063,PARQUIN,1992,8,0.0,-999.0,-999.0
110063,PARQUIN,1992,9,0.0,-999.0,-999.0
110063,PARQUIN,1992,10,109.2,-999.0,-999.0
110063,PARQUIN,1992,11,1.5,-999.0,-999.0
110063,PARQUIN,1992,12,25.3,-999.0,-999.0
110063,PARQUIN,1993,1,161.9,-999.0,-999.0
110063,PARQUIN,1993,2,119.8,-999.0,-999.0
110063,PARQUIN,1993,3,154.8,-999.0,-999.0
110063,PARQUIN,1993,4,124.0,-999.0,-999.0
110063,PARQUIN,1993,5,34.6,-999.0,-999.0
110063,PARQUIN,1993,6,0.0,-999.0,-999.0
110063,PARQUIN,1993,7,0.0,-999.0,-999.0
110063,PARQUIN,1993,8,0.0,-999.0,-999.0
110063,PARQUIN,1993,9,15.0,-999.0,-999.0
110063,PARQUIN,1993,10,93.2,-999.0,-999.0
110063,PARQUIN,1993,11,151.5,-999.0,-999.0
110063,PARQUIN,1993,12,126.7,-999.0,-999.0
110063,PARQUIN,1994,1,128.0,-999.0,-999.0
110063,PARQUIN,1994,2,217.9,-999.0,-999.0
110063,PARQUIN,1994,3,172.4,-999.0,-999.0
110063,PARQUIN,1994,4,57.9,-999.0,-999.0
110063,PARQUIN,1994,5,30.4,-999.0,-999.0
110063,PARQUIN,1994,6,0.0,-999.0,-999.0
110063,PARQUIN,1994,7,0.0,-999.0,-999.0
110063,PARQUIN,1994,8,0.0,-999.0,-999.0
110063,PARQUIN,1994,9,11.4,-999.0,-999.0
110063,PARQUIN,1994,10,7.4,-999.0,-999.0
110063,PARQUIN,1994,11,5.8,-999.0,-999.0
110063,PARQUIN,1994,12,53.8,-999.0,-999.0
110063,PARQUIN,1995,1,81.6,-999.0,-999.0
110063,PARQUIN,1995,2,38.4,-999.0,-999.0
110063,PARQUIN,1995,3,149.3,-999.0,-999.0
110063,PARQUIN,1995,4,54.1,-999.0,-999.0
110063,PARQUIN,1995,5,6.9,-999.0,-999.0
110063,PARQUIN,1995,6,0.0,-999.0,-999.0
110063,PARQUIN,1995,7,8.3,-999.0,-999.0
110063,PARQUIN,1995,8,0.0,-999.0,-999.0
110063,PARQUIN,1995,9,3.1,-999.0,-999.0
110063,PARQUIN,1995,10,28.8,-999.0,-999.0
110063,PARQUIN,1995,11,97.5,-999.0,-999.0
110063,PARQUIN,1995,12,49.4,-999.0,-999.0
110063,PARQUIN,1996,1,150.1,-999.0,-999.0
110063,PARQUIN,1996,2,137.5,-999.0,-999.0
110063,PARQUIN,1996,3,232.3,-999.0,-999.0
110063,PARQUIN,1996,4,96.1,-999.0,-999.0
110063,PARQUIN,1996,5,1.8,-999.0,-999.0
110063,PARQUIN,1996,6,0.0,-999.0,-999.0
110063,PARQUIN,1996,7,0.0,-999.0,-999.0
110063,PARQUIN,1996,8,0.0,-999.0,-999.0
110063,PARQUIN,1996,9,0.0,-999.0,-999.0
110063,PARQUIN,1996,10,27.6,-999.0,-999.0
110063,PARQUIN,1996,11,0.0,-999.0,-999.0
110063,PARQUIN,1996,12,23.6,-999.0,-999.0
110063,PARQUIN,1997,1,53.8,-999.0,-999.0
110063,PARQUIN,1997,2,109.4,-999.0,-999.0
110063,PARQUIN,1997,3,53.7,-999.0,-999.0
110063,PARQUIN,1997,4,48.3,-999.0,-999.0
110063,PARQUIN,1997,5,0.0,-999.0,-999.0
110063,PARQUIN,1997,6,0.0,-999.0,-999.0
110063,PARQUIN,1997,7,0.0,-999.0,-999.0
110063,PARQUIN,1997,8,0.0,-999.0,-999.0
110063,PARQUIN,1997,9,13.0,-999.0,-999.0
110063,PARQUIN,1997,10,6.5,-999.0,-999.0
110063,PARQUIN,1997,11,83.5,-999.0,-999.0
110063,PARQUIN,1997,12,197.4,-999.0,-999.0
110063,PARQUIN,1998,1,216.2,-999.0,-999.0
110063,PARQUIN,1998,2,115.0,-999.0,-999.0
110063,PARQUIN,1998,3,284.0,-999.0,-999.0
110063,PARQUIN,1998,4,61.1,-999.0,-999.0
110063,PARQUIN,1998,5,0.0,-999.0,-999.0
110063,PARQUIN,1998,6,0.0,-999.0,-999.0
110063,PARQUIN,1998,7,0.0,-999.0,-999.0
110063,PARQUIN,1998,8,0.0,-999.0,-999.0
110063,PARQUIN,1998,9,-999.0,-999.0,-999.0
110063,PARQUIN,1998,10,54.3,-999.0,-999.0
110063,PARQUIN,1998,11,53.2,-999.0,-999.0
110063,PARQUIN,1998,12,69.1,-999.0,-999.0
110063,PARQUIN,1999,1,119.8,-999.0,-999.0
110063,PARQUIN,1999,2,237.6,-999.0,-999.0
110063,PARQUIN,1999,3,186.9,-999.0,-999.0
110063,PARQUIN,1999,4,84.4,-999.0,-999.0
110063,PARQUIN,1999,5,62.6,-999.0,-999.0
110063,PARQUIN,1999,6,0.0,-999.0,-999.0
110063,PARQUIN,1999,7,0.0,-999.0,-999.0
110063,PARQUIN,1999,8,0.0,-999.0,-999.0
110063,PARQUIN,1999,9,33.7,-999.0,-999.0
110063,PARQUIN,1999,10,50.1,-999.0,-999.0
110063,PARQUIN,1999,11,56.3,-999.0,-999.0
110063,PARQUIN,1999,12,108.8,-999.0,-999.0
110063,PARQUIN,2000,1,284.0,-999.0,-999.0
110063,PARQUIN,2000,2,307.6,-999.0,-999.0
110063,PARQUIN,2000,3,240.6,-999.0,-999.0
110063,PARQUIN,2000,4,83.2,-999.0,-999.0
110063,PARQUIN,2000,5,46.9,-999.0,-999.0
110063,PARQUIN,2000,6,0.0,-999.0,-999.0
110063,PARQUIN,2000,7,0.0,-999.0,-999.0
110063,PARQUIN,2000,8,0.0,-999.0,-999.0
110063,PARQUIN,2000,9,30.1,-999.0,-999.0
110063,PARQUIN,2000,10,50.1,-999.0,-999.0
110063,PARQUIN,2000,11,61.4,-999.0,-999.0
110063,PARQUIN,2000,12,285.6,-999.0,-999.0
110063,PARQUIN,2001,1,248.7,-999.0,-999.0
110063,PARQUIN,2001,2,169.5,-999.0,-999.0
110063,PARQUIN,2001,3,356.9,-999.0,-999.0
110063,PARQUIN,2001,4,48.9,-999.0,-999.0
110063,PARQUIN,2001,5,23.0,-999.0,-999.0
110063,PARQUIN,2001,6,0.0,-999.0,-999.0
110063,PARQUIN,2001,7,0.0,-999.0,-999.0
110063,PARQUIN,2001,8,0.0,-999.0,-999.0
110063,PARQUIN,2001,9,31.9,-999.0,-999.0
110063,PARQUIN,2001,10,65.4,-999.0,-999.0
110063,PARQUIN,2001,11,166.8,-999.0,-999.0
110063,PARQUIN,2001,12,68.1,-999.0,-999.0
110063,PARQUIN,2002,1,69.7,-999.0,-999.0
110063,PARQUIN,2002,2,135.4,-999.0,-999.0
110063,PARQUIN,2002,3,244.9,-999.0,-999.0
110063,PARQUIN,2002,4,76.9,-999.0,-999.0
110063,PARQUIN,2002,5,0.0,-999.0,-999.0
110063,PARQUIN,2002,6,0.0,-999.0,-999.0
110063,PARQUIN,2002,7,0.0,-999.0,-999.0
110063,PARQUIN,2002,8,0.0,-999.0,-999.0
110063,PARQUIN,2002,9,27.0,-999.0,-999.0
110063,PARQUIN,2002,10,91.6,-999.0,-999.0
110063,PARQUIN,2002,11,162.8,-999.0,-999.0
110063,PARQUIN,2002,12,108.9,-999.0,-999.0
110063,PARQUIN,2003,1,206.6,-999.0,-999.0
110063,PARQUIN,2003,2,-999.0,-999.0,-999.0
110063,PARQUIN,2003,3,339.4,-999.0,-999.0
110063,PARQUIN,2003,4,113.8,-999.0,-999.0
110063,PARQUIN,2003,5,0.0,-999.0,-999.0
110063,PARQUIN,2003,6,0.0,-999.0,-999.0
110063,PARQUIN,2003,7,0.0,-999.0,-999.0
110063,PARQUIN,2003,8,0.0,-999.0,-999.0
110063,PARQUIN,2003,9,0.0,-999.0,-999.0
110063,PARQUIN,2003,10,36.5,-999.0,-999.0
110063,PARQUIN,2003,11,30.7,-999.0,-999.0
110063,PARQUIN,2003,12,160.2,-999.0,-999.0
110063,PARQUIN,2004,1,34.9,-999.0,-999.0
110063,PARQUIN,2004,2,154.7,-999.0,-999.0
110063,PARQUIN,2004,3,105.7,-999.0,-999.0
110063,PARQUIN,2004,4,42.0,-999.0,-999.0
110063,PARQUIN,2004,5,19.7,-999.0,-999.0
110063,PARQUIN,2004,6,7.0,-999.0,-999.0
110063,PARQUIN,2004,7,0.0,-999.0,-999.0
110063,PARQUIN,2004,8,0.0,-999.0,-999.0
110063,PARQUIN,2004,9,24.3,-999.0,-999.0
110063,PARQUIN,2004,10,57.9,-999.0,-999.0
110063,PARQUIN,2004,11,123.1,-999.0,-999.0
110063,PARQUIN,2004,12,202.4,-999.0,-999.0
110063,PARQUIN,2005,1,92.5,-999.0,-999.0
110063,PARQUIN,2005,2,66.3,-999.0,-999.0
110063,PARQUIN,2005,3,171.1,-999.0,-999.0
110063,PARQUIN,2005,4,48.2,-999.0,-999.0
110063,PARQUIN,2005,5,0.0,-999.0,-999.0
110063,PARQUIN,2005,6,0.0,-999.0,-999.0
110063,PARQUIN,2005,7,0.0,-999.0,-999.0
110063,PARQUIN,2005,8,5.7,-999.0,-999.0
110063,PARQUIN,2005,9,0.0,-999.0,-999.0
110063,PARQUIN,2005,10,16.3,-999.0,-999.0
110063,PARQUIN,2005,11,8.5,-999.0,-999.0
110063,PARQUIN,2005,12,128.6,-999.0,-999.0
110063,PARQUIN,2006,1,117.8,-999.0,-999.0
110063,PARQUIN,2006,2,197.9,-999.0,-999.0
110063,PARQUIN,2006,3,223.4,-999.0,-999.0
110063,PARQUIN,2006,4,175.5,-999.0,-999.0
110063,PARQUIN,2006,5,0.0,-999.0,-999.0
110063,PARQUIN,2006,6,0.0,-999.0,-999.0
110063,PARQUIN,2006,7,0.0,-999.0,-999.0
110063,PARQUIN,2006,8,0.0,-999.0,-999.0
110063,PARQUIN,2006,9,0.0,-999.0,-999.0
110063,PARQUIN,2006,10,17.3,-999.0,-999.0
110063,PARQUIN,2006,11,31.2,-999.0,-999.0
110063,PARQUIN,2006,12,139.7,-999.0,-999.0
110063,PARQUIN,2007,1,177.0,-999.0,-999.0
110063,PARQUIN,2007,2,132.5,-999.0,-999.0
110063,PARQUIN,2007,3,243.0,-999.0,-999.0
110063,PARQUIN,2007,4,84.0,-999.0,-999.0
110063,PARQUIN,2007,5,30.4,-999.0,-999.0
110063,PARQUIN,2007,6,0.0,-999.0,-999.0
110063,PARQUIN,2007,7,0.0,-999.0,-999.0
110063,PARQUIN,2007,8,0.0,-999.0,-999.0
110063,PARQUIN,2007,9,0.0,-999.0,-999.0
110063,PARQUIN,2007,10,46.9,-999.0,-999.0
110063,PARQUIN,2007,11,12.8,-999.0,-999.0
110063,PARQUIN,2007,12,81.5,-999.0,-999.0
110063,PARQUIN,2008,1,175.1,-999.0,-999.0
110063,PARQUIN,2008,2,192.0,-999.0,-999.0
110063,PARQUIN,2008,3,167.9,-999.0,-999.0
110063,PARQUIN,2008,4,69.7,-999.0,-999.0
110063,PARQUIN,2008,5,0.0,-999.0,-999.0
110063,PARQUIN,2008,6,2.0,-999.0,-999.0
110063,PARQUIN,2008,7,0.0,-999.0,-999.0
110063,PARQUIN,2008,8,0.0,-999.0,-999.0
110063,PARQUIN,2008,9,30.5,-999.0,-999.0
110063,PARQUIN,2008,10,144.1,-999.0,-999.0
110063,PARQUIN,2008,11,47.8,-999.0,-999.0
110063,PARQUIN,2008,12,91.7,-999.0,-999.0
110063,PARQUIN,2009,1,200.0,-999.0,-999.0
110063,PARQUIN,2009,2,211.2,-999.0,-999.0
110063,PARQUIN,2009,3,236.6,-999.0,-999.0
110063,PARQUIN,2009,4,72.0,-999.0,-999.0
110063,PARQUIN,2009,5,10.9,-999.0,-999.0
110063,PARQUIN,2009,6,0.0,-999.0,-999.0
110063,PARQUIN,2009,7,0.0,-999.0,-999.0
110063,PARQUIN,2009,8,1.3,-999.0,-999.0
110063,PARQUIN,2009,9,0.0,-999.0,-999.0
110063,PARQUIN,2009,10,86.5,-999.0,-999.0
110063,PARQUIN,2009,11,185.5,-999.0,-999.0
110063,PARQUIN,2009,12,199.8,-999.0,-999.0
110063,PARQUIN,2010,1,108.1,-999.0,-999.0
110063,PARQUIN,2010,2,87.8,-999.0,-999.0
110063,PARQUIN,2010,3,167.5,-999.0,-999.0
110063,PARQUIN,2010,4,68.3,-999.0,-999.0
110063,PARQUIN,2010,5,15.5,-999.0,-999.0
110063,PARQUIN,2010,6,0.0,-999.0,-999.0
110063,PARQUIN,2010,7,0.0,-999.0,-999.0
110063,PARQUIN,2010,8,0.0,-999.0,-999.0
110063,PARQUIN,2010,9,12.7,-999.0,-999.0
110063,PARQUIN,2010,10,27.4,-999.0,-999.0
110063,PARQUIN,2010,11,76.2,-999.0,-999.0
110063,PARQUIN,2010,12,194.4,-999.0,-999.0
110063,PARQUIN,2011,1,-999.0,-999.0,-999.0
110063,PARQUIN,2011,2,-999.0,-999.0,-999.0
110063,PARQUIN,2011,3,-999.0,-999.0,-999.0
110063,PARQUIN,2011,4,-999.0,-999.0,-999.0
110063,PARQUIN,2011,5,-999.0,-999.0,-999.0
110063,PARQUIN,2011,6,0.4,-999.0,-999.0
110063,PARQUIN,2011,7,0.3,-999.0,-999.0
110063,PARQUIN,2011,8,2.4,-999.0,-999.0
110063,PARQUIN,2011,9,31.8,-999.0,-999.0
110063,PARQUIN,2011,10,22.3,-999.0,-999.0
110063,PARQUIN,2011,11,121.0,-999.0,-999.0
110063,PARQUIN,2011,12,181.6,-999.0,-999.0
110063,PARQUIN,2012,1,119.4,-999.0,-999.0
110063,PARQUIN,2012,2,189.0,-999.0,-999.0
110063,PARQUIN,2012,3,178.2,-999.0,-999.0
110063,PARQUIN,2012,4,153.3,-999.0,-999.0
110063,PARQUIN,2012,5,8.7,-999.0,-999.0
110063,PARQUIN,2012,6,0.0,-999.0,-999.0
110063,PARQUIN,2012,7,0.0,-999.0,-999.0
110063,PARQUIN,2012,8,0.0,-999.0,-999.0
110063,PARQUIN,2012,9,43.3,-999.0,-999.0
110063,PARQUIN,2012,10,61.5,-999.0,-999.0
110063,PARQUIN,2012,11,77.0,-999.0,-999.0
110063,PARQUIN,2012,12,165.6,-999.0,-999.0
110063,PARQUIN,2013,1,111.9,-999.0,-999.0
110063,PARQUIN,2013,2,195.3,-999.0,-999.0
110063,PARQUIN,2013,3,209.0,-999.0,-999.0
110063,PARQUIN,2013,4,37.0,-999.0,-999.0
110063,PARQUIN,2013,5,23.5,-999.0,-999.0
110063,PARQUIN,2013,6,0.0,-999.0,-999.0
110063,PARQUIN,2013,7,0.0,-999.0,-999.0
110063,PARQUIN,2013,8,6.9,-999.0,-999.0
110063,PARQUIN,2013,9,7.1,-999.0,-999.0
110063,PARQUIN,2013,10,81.9,-999.0,-999.0
110063,PARQUIN,2013,11,33.3,-999.0,-999.0
110063,PARQUIN,2013,12,119.0,-999.0,-999.0
110063,PARQUIN,2014,1,146.9,-999.0,-999.0
110063,PARQUIN,2014,2,147.3,-999.0,-999.0
110063,PARQUIN,2014,3,183.6,-999.0,-999.0
110063,PARQUIN,2014,4,72.2,-999.0,-999.0
110063,PARQUIN,2014,5,30.0,-999.0,-999.0
110063,PARQUIN,2014,6,1.5,-999.0,-999.0
110063,PARQUIN,2014,7,5.1,-999.0,-999.0
110063,PARQUIN,2014,8,2.5,-999.0,-999.0
110063,PARQUIN,2014,9,30.4,-999.0,-999.0
110063,PARQUIN,2014,10,60.4,-999.0,-999.0
110063,PARQUIN,2014,11,60.7,-999.0,-999.0
110063,PARQUIN,2014,12,183.7,-999.0,-999.0
110063,PARQUIN,2015,1,239.9,-999.0,-999.0
110063,PARQUIN,2015,2,125.6,-999.0,-999.0
110063,PARQUIN,2015,3,182.6,-999.0,-999.0
110063,PARQUIN,2015,4,109.6,-999.0,-999.0
110063,PARQUIN,2015,5,52.9,-999.0,-999.0
110063,PARQUIN,2015,6,1.3,-999.0,-999.0
110063,PARQUIN,2015,7,1.2,-999.0,-999.0
110063,PARQUIN,2015,8,3.8,-999.0,-999.0
110063,PARQUIN,2015,9,4.4,-999.0,-999.0
110063,PARQUIN,2015,10,32.0,-999.0,-999.0
110063,PARQUIN,2015,11,34.4,-999.0,-999.0
110063,PARQUIN,2015,12,138.9,-999.0,-999.0
110063,PARQUIN,2016,1,98.1,-999.0,-999.0
110063,PARQUIN,2016,2,172.0,-999.0,-999.0
110063,PARQUIN,2016,3,156.5,-999.0,-999.0
110063,PARQUIN,2016,4,74.1,-999.0,-999.0
110063,PARQUIN,2016,5,1.5,-999.0,-999.0
110063,PARQUIN,2016,6,0.0,-999.0,-999.0
110063,PARQUIN,2016,7,0.0,-999.0,-999.0
110063,PARQUIN,2016,8,0.0,-999.0,-999.0
110063,PARQUIN,2016,9,19.1,-999.0,-999.0
110063,PARQUIN,2016,10,23.2,-999.0,-999.0
110063,PARQUIN,2016,11,0.0,-999.0,-999.0
110063,PARQUIN,2016,12,110.2,-999.0,-999.0
110063,PARQUIN,2017,1,190.1,-999.0,-999.0
110063,PARQUIN,2017,2,197.3,-999.0,-999.0
110063,PARQUIN,2017,3,269.6,-999.0,-999.0
110063,PARQUIN,2017,4,53.4,-999.0,-999.0
110063,PARQUIN,2017,5,41.5,-999.0,-999.0
110063,PARQUIN,2017,6,0.0,-999.0,-999.0
110063,PARQUIN,2017,7,0.0,-999.0,-999.0
110063,PARQUIN,2017,8,0.0,-999.0,-999.0
110063,PARQUIN,2017,9,8.1,-999.0,-999.0
110063,PARQUIN,2017,10,84.7,-999.0,-999.0
110063,PARQUIN,2017,11,23.2,-999.0,-999.0
110063,PARQUIN,2017,12,80.4,-999.0,-999.0
110063,PARQUIN,2018,1,172.3,-999.0,-999.0
110063,PARQUIN,2018,2,126.3,-999.0,-999.0
110063,PARQUIN,2018,3,177.9,-999.0,-999.0
110063,PARQUIN,2018,4,70.0,-999.0,-999.0
110063,PARQUIN,2018,5,29.6,-999.0,-999.0
110063,PARQUIN,2018,6,3.2,-999.0,-999.0
110063,PARQUIN,2018,7,0.7,-999.0,-999.0
110063,PARQUIN,2018,8,1.9,-999.0,-999.0
110063,PARQUIN,2018,9,8.1,-999.0,-999.0
110063,PARQUIN,2018,10,38.7,-999.0,-999.0
110063,PARQUIN,2018,11,40.2,-999.0,-999.0
110063,PARQUIN,2018,12,53.9,-999.0,-999.0
110063,PARQUIN,2019,1,166.4,-999.0,-999.0
110063,PARQUIN,2019,2,183.9,-999.0,-999.0
110063,PARQUIN,2019,3,148.3,-999.0,-999.0
110063,PARQUIN,2019,4,28.0,-999.0,-999.0
110063,PARQUIN,2019,5,10.1,-999.0,-999.0
110063,PARQUIN,2019,6,0.5,-999.0,-999.0
110063,PARQUIN,2019,7,0.0,-999.0,-999.0
110063,PARQUIN,2019,8,0.0,-999.0,-999.0
110063,PARQUIN,2019,9,28.6,-999.0,-999.0
110063,PARQUIN,2019,10,45.3,-999.0,-999.0
110063,PARQUIN,2019,11,62.6,-999.0,-999.0
110063,PARQUIN,2019,12,215.0,-999.0,-999.0
110063,PARQUIN,2020,1,131.1,-999.0,-999.0
110063,PARQUIN,2020,2,110.9,-999.0,-999.0
110063,PARQUIN,2020,3,156.2,-999.0,-999.0
110063,PARQUIN,2020,4,-999.0,-999.0,-999.0
110063,PARQUIN,2020,5,-999.0,-999.0,-999.0
110063,PARQUIN,2020,6,-999.0,-999.0,-999.0
110063,PARQUIN,2020,7,-999.0,-999.0,-999.0
110063,PARQUIN,2020,8,0.2,-999.0,-999.0
110063,PARQUIN,2020,9,19.1,-999.0,-999.0
110063,PARQUIN,2020,10,25.7,-999.0,-999.0
110063,PARQUIN,2020,11,64.9,-999.0,-999.0
110063,PARQUIN,2020,12,190.2,-999.0,-999.0
110063,PARQUIN,2021,1,226.9,-999.0,-999.0
110063,PARQUIN,2021,2,56.9,-999.0,-999.0
110063,PARQUIN,2021,3,218.7,-999.0,-999.0
110063,PARQUIN,2021,4,59.6,-999.0,-999.0
110063,PARQUIN,2021,5,6.7,-999.0,-999.0
110063,PARQUIN,2021,6,0.0,-999.0,-999.0
110063,PARQUIN,2021,7,0.0,-999.0,-999.0
110063,PARQUIN,2021,8,9.9,-999.0,-999.0
110063,PARQUIN,2021,9,20.4,-999.0,-999.0
110063,PARQUIN,2021,10,77.4,-999.0,-999.0
110063,PARQUIN,2021,11,71.2,-999.0,-999.0
110063,PARQUIN,2021,12,76.7,-999.0,-999.0
110063,PARQUIN,2022,1,85.3,-999.0,-999.0
110063,PARQUIN,2022,2,136.9,-999.0,-999.0
110063,PARQUIN,2022,3,195.8,-999.0,-999.0
110063,PARQUIN,2022,4,47.3,-999.0,-999.0
110063,PARQUIN,2022,5,17.8,-999.0,-999.0
110063,PARQUIN,2022,6,0.0,-999.0,-999.0
110063,PARQUIN,2022,7,0.0,-999.0,-999.0
110063,PARQUIN,2022,8,0.0,-999.0,-999.0
110063,PARQUIN,2022,9,17.7,-999.0,-999.0
110063,PARQUIN,2022,10,12.0,-999.0,-999.0
110063,PARQUIN,2022,11,17.3,-999.0,-999.0
110063,PARQUIN,2022,12,139.7,-999.0,-999.0
110063,PARQUIN,2023,1,113.4,-999.0,-999.0
110063,PARQUIN,2023,2,191.2,-999.0,-999.0
110063,PARQUIN,2023,3,201.6,-999.0,-999.0
110063,PARQUIN,2023,4,64.2,-999.0,-999.0
110063,PARQUIN,2023,5,11.3,-999.0,-999.0
110063,PARQUIN,2023,6,2.4,-999.0,-999.0
110063,PARQUIN,2023,7,0.0,-999.0,-999.0
110063,PARQUIN,2023,8,0.0,-999.0,-999.0
110063,PARQUIN,2023,9,13.7,-999.0,-999.0
110063,PARQUIN,2023,10,63.0,-999.0,-999.0
110063,PARQUIN,2023,11,92.1,-999.0,-999.0
110063,PARQUIN,2023,12,196.9,-999.0,-999.0
110063,PARQUIN,2024,1,295.3,-999.0,-999.0
110063,PARQUIN,2024,2,134.5,-999.0,-999.0
110063,PARQUIN,2024,3,170.1,-999.0,-999.0
110063,PARQUIN,2024,4,79.8,-999.0,-999.0
110063,PARQUIN,2024,5,7.6,-999.0,-999.0
110063,PARQUIN,2024,6,0.6,-999.0,-999.0
110063,PARQUIN,2024,7,0.0,-999.0,-999.0
110063,PARQUIN,2024,8,2.3,-999.0,-999.0
110063,PARQUIN,2024,9,31.9,-999.0,-999.0
110063,PARQUIN,2024,10,32.1,-999.0,-999.0
110063,PARQUIN,2024,11,109.7,-999.0,-999.0
110063,PARQUIN,2024,12,223.6,-999.0,-999.0
110063,PARQUIN,2025,1,166.1,-999.0,-999.0
110063,PARQUIN,2025,2,265.2,-999.0,-999.0
110063,PARQUIN,2025,3,209.0,-999.0,-999.0
110063,PARQUIN,2025,4,81.2,-999.0,-999.0
110063,PARQUIN,2025,5,29.7,-999.0,-999.0
110063,PARQUIN,2025,6,6.8,-999.0,-999.0
110063,PARQUIN,2025,7,0.0,-999.0,-999.0
110063,PARQUIN,2025,8,0.0,-999.0,-999.0
110063,PARQUIN,2025,9,17.8,-999.0,-999.0
110063,PARQUIN,2025,10,78.3,-999.0,-999.0
110063,PARQUIN,2025,11,41.0,-999.0,-999.0
110063,PARQUIN,2025,12,15.4,-999.0,-999.0
