CODIGO,ESTACION,YEAR,MONTH,PP,TMAX,TMIN
110042,AMBAR,1990,1,8.7,-999.0,-999.0
110042,AMBAR,1990,2,2.7,-999.0,-999.0
110042,AMBAR,1990,3,40.7,-999.0,-999.0
110042,AMBAR,1990,4,0.0,-999.0,-999.0
110042,AMBAR,1990,5,0.0,-999.0,-999.0
110042,AMBAR,1990,6,0.0,-999.0,-999.0
110042,AMBAR,1990,7,0.0,-999.0,-999.0
110042,AMBAR,1990,8,0.0,-999.0,-999.0
110042,AMBAR,1990,9,-999.0,-999.0,-999.0
110042,AMBAR,1990,10,-999.0,-999.0,-999.0
110042,AMBAR,1990,11,-999.0,-999.0,-999.0
110042,AMBAR,1990,12,-999.0,-999.0,-999.0
110042,AMBAR,1991,1,-999.0,-999.0,-999.0
110042,AMBAR,1991,2,-999.0,-999.0,-999.0
110042,AMBAR,1991,3,-999.0,-999.0,-999.0
110042,AMBAR,1991,4,-999.0,-999.0,-999.0
110042,AMBAR,1991,5,-999.0,-999.0,-999.0
110042,AMBAR,1991,6,-999.0,-999.0,-999.0
110042,AMBAR,1991,7,-999.0,-999.0,-999.0
110042,AMBAR,1991,8,-999.0,-999.0,-999.0
110042,AMBAR,1991,9,-999.0,-999.0,-999.0
110042,AMBAR,1991,10,-999.0,-999.0,-999.0
110042,AMBAR,1991,11,-999.0,-999.0,-999.0
110042,AMBAR,1991,12,-999.0,-999.0,-999.0
110042,AMBAR,1992,1,-999.0,-999.0,-999.0
110042,AMBAR,1992,2,-999.0,-999.0,-999.0
110042,AMBAR,1992,3,-999.0,-999.0,-999.0
110042,AMBAR,1992,4,-999.0,-999.0,-999.0
110042,AMBAR,1992,5,-999.0,-999.0,-999.0
110042,AMBAR,1992,6,-999.0,-999.0,-999.0
110042,AMBAR,1992,7,-999.0,-999.0,-999.0
110042,AMBAR,1992,8,-999.0,-999.0,-999.0
110042,AMBAR,1992,9,-999.0,-999.0,-999.0
110042,AMBAR,1992,10,-999.0,-999.0,-999.0
110042,AMBAR,1992,11,-999.0,-999.0,-999.0
110042,AMBAR,1992,12,-999.0,-999.0,-999.0
110042,AMBAR,1993,1,-999.0,-999.0,-999.0
110042,AMBAR,1993,2,-999.0,-999.0,-999.0
110042,AMBAR,1993,3,-999.0,-999.0,-999.0
110042,AMBAR,1993,4,-999.0,-999.0,-999.0
110042,AMBAR,1993,5,-999.0,-999.0,-999.0
110042,AMBAR,1993,6,-999.0,-999.0,-999.0
110042,AMBAR,1993,7,-999.0,-999.0,-999.0
110042,AMBAR,1993,8,-999.0,-999.0,-999.0
110042,AMBAR,1993,9,-999.0,-999.0,-999.0
110042,AMBAR,1993,10,-999.0,-999.0,-999.0
110042,AMBAR,1993,11,-999.0,-999.0,-999.0
110042,AMBAR,1993,12,-999.0,-999.0,-999.0
110042,AMBAR,1994,1,-999.0,-999.0,-999.0
110042,AMBAR,1994,2,-999.0,-999.0,-999.0
110042,AMBAR,1994,3,-999.0,-999.0,-999.0
110042,AMBAR,1994,4,21.5,-999.0,-999.0
110042,AMBAR,1994,5,3.6,-999.0,-999.0
110042,AMBAR,1994,6,0.0,-999.0,-999.0
110042,AMBAR,1994,7,0.0,-999.0,-999.0
110042,AMBAR,1994,8,0.0,-999.0,-999.0
110042,AMBAR,1994,9,1.8,-999.0,-999.0
110042,AMBAR,1994,10,1.2,-999.0,-999.0
110042,AMBAR,1994,11,1.5,-999.0,-999.0
110042,AMBAR,1994,12,18.9,-999.0,-999.0
110042,AMBAR,1995,1,22.4,-999.0,-999.0
110042,AMBAR,1995,2,22.2,-999.0,-999.0
110042,AMBAR,1995,3,32.9,-999.0,-999.0
110042,AMBAR,1995,4,7.3,-999.0,-999.0
110042,AMBAR,1995,5,0.0,-999.0,-999.0
110042,AMBAR,1995,6,0.0,-999.0,-999.0
110042,AMBAR,1995,7,0.0,-999.0,-999.0
110042,AMBAR,1995,8,0.0,-999.0,-999.0
110042,AMBAR,1995,9,0.0,-999.0,-999.0
110042,AMBAR,1995,10,10.4,-999.0,-999.0
110042,AMBAR,1995,11,3.3,-999.0,-999.0
110042,AMBAR,1995,12,2.1,-999.0,-999.0
110042,AMBAR,1996,1,37.6,-999.0,-999.0
110042,AMBAR,1996,2,44.4,-999.0,-999.0
110042,AMBAR,1996,3,83.2,-999.0,-999.0
110042,AMBAR,1996,4,16.3,-999.0,-999.0
110042,AMBAR,1996,5,0.0,-999.0,-999.0
110042,AMBAR,1996,6,0.0,-999.0,-999.0
110042,AMBAR,1996,7,0.0,-999.0,-999.0
110042,AMBAR,1996,8,0.0,-999.0,-999.0
110042,AMBAR,1996,9,0.0,-999.0,-999.0
110042,AMBAR,1996,10,0.7,-999.0,-999.0
110042,AMBAR,1996,11,1.0,-999.0,-999.0
110042,AMBAR,1996,12,9.3,-999.0,-999.0
110042,AMBAR,1997,1,17.6,-999.0,-999.0
110042,AMBAR,1997,2,31.6,-999.0,-999.0
110042,AMBAR,1997,3,27.0,-999.0,-999.0
110042,AMBAR,1997,4,10.0,-999.0,-999.0
110042,AMBAR,1997,5,4.0,-999.0,-999.0
110042,AMBAR,1997,6,0.0,-999.0,-999.0
110042,AMBAR,1997,7,0.0,-999.0,-999.0
110042,AMBAR,1997,8,0.0,-999.0,-999.0
110042,AMBAR,1997,9,0.3,-999.0,-999.0
110042,AMBAR,1997,10,0.0,-999.0,-999.0
110042,AMBAR,1997,11,24.5,-999.0,-999.0
110042,AMBAR,1997,12,49.6,-999.0,-999.0
110042,AMBAR,1998,1,89.0,-999.0,-999.0
110042,AMBAR,1998,2,81.8,-999.0,-999.0
110042,AMBAR,1998,3,143.1,-999.0,-999.0
110042,AMBAR,1998,4,7.6,-999.0,-999.0
110042,AMBAR,1998,5,2.7,-999.0,-999.0
110042,AMBAR,1998,6,0.0,-999.0,-999.0
110042,AMBAR,1998,7,0.0,-999.0,-999.0
110042,AMBAR,1998,8,0.0,-999.0,-999.0
110042,AMBAR,1998,9,0.7,-999.0,-999.0
110042,AMBAR,1998,10,0.0,-999.0,-999.0
110042,AMBAR,1998,11,0.0,-999.0,-999.0
110042,AMBAR,1998,12,6.8,-999.0,-999.0
110042,AMBAR,1999,1,35.5,-999.0,-999.0
110042,AMBAR,1999,2,218.9,-999.0,-999.0
110042,AMBAR,1999,3,56.3,-999.0,-999.0
110042,AMBAR,1999,4,45.0,-999.0,-999.0
110042,AMBAR,1999,5,12.1,-999.0,-999.0
110042,AMBAR,1999,6,0.0,-999.0,-999.0
110042,AMBAR,1999,7,0.0,-999.0,-999.0
110042,AMBAR,1999,8,0.0,-999.0,-999.0
110042,AMBAR,1999,9,1.1,-999.0,-999.0
110042,AMBAR,1999,10,1.9,-999.0,-999.0
110042,AMBAR,1999,11,6.0,-999.0,-999.0
110042,AMBAR,1999,12,17.6,-999.0,-999.0
110042,AMBAR,2000,1,60.2,-999.0,-999.0
110042,AMBAR,2000,2,87.0,-999.0,-999.0
110042,AMBAR,2000,3,35.3,-999.0,-999.0
110042,AMBAR,2000,4,6.5,-999.0,-999.0
110042,AMBAR,2000,5,0.9,-999.0,-999.0
110042,AMBAR,2000,6,0.0,-999.0,-999.0
110042,AMBAR,2000,7,0.0,-999.0,-999.0
110042,AMBAR,2000,8,0.0,-999.0,-999.0
110042,AMBAR,2000,9,0.9,-999.0,-999.0
110042,AMBAR,2000,10,2.0,-999.0,-999.0
110042,AMBAR,2000,11,1.5,-999.0,-999.0
110042,AMBAR,2000,12,21.9,-999.0,-999.0
110042,AMBAR,2001,1,61.6,-999.0,-999.0
110042,AMBAR,2001,2,71.6,-999.0,-999.0
110042,AMBAR,2001,3,74.0,-999.0,-999.0
110042,AMBAR,2001,4,14.7,-999.0,-999.0
110042,AMBAR,2001,5,0.0,-999.0,-999.0
110042,AMBAR,2001,6,0.0,-999.0,-999.0
110042,AMBAR,2001,7,0.0,-999.0,-999.0
110042,AMBAR,2001,8,0.0,-999.0,-999.0
110042,AMBAR,2001,9,0.0,-999.0,-999.0
110042,AMBAR,2001,10,0.4,-999.0,-999.0
110042,AMBAR,2001,11,13.9,-999.0,-999.0
110042,AMBAR,2001,12,-999.0,-999.0,-999.0
110042,AMBAR,2002,1,4.1,-999.0,-999.0
110042,AMBAR,2002,2,104.3,-999.0,-999.0
110042,AMBAR,2002,3,54.5,-999.0,-999.0
110042,AMBAR,2002,4,21.8,-999.0,-999.0
110042,AMBAR,2002,5,0.0,-999.0,-999.0
110042,AMBAR,2002,6,0.0,-999.0,-999.0
110042,AMBAR,2002,7,0.0,-999.0,-999.0
110042,AMBAR,2002,8,0.0,-999.0,-999.0
110042,AMBAR,2002,9,5.1,-999.0,-999.0
110042,AMBAR,2002,10,4.3,-999.0,-999.0
110042,AMBAR,2002,11,23.8,-999.0,-999.0
110042,AMBAR,2002,12,5.1,-999.0,-999.0
110042,AMBAR,2003,1,22.0,-999.0,-999.0
110042,AMBAR,2003,2,35.2,-999.0,-999.0
110042,AMBAR,2003,3,53.0,-999.0,-999.0
110042,AMBAR,2003,4,7.4,-999.0,-999.0
110042,AMBAR,2003,5,0.0,-999.0,-999.0
110042,AMBAR,2003,6,0.0,-999.0,-999.0
110042,AMBAR,2003,7,0.0,-999.0,-999.0
110042,AMBAR,2003,8,0.0,-999.0,-999.0
110042,AMBAR,2003,9,0.0,-999.0,-999.0
110042,AMBAR,2003,10,2.8,-999.0,-999.0
110042,AMBAR,2003,11,1.9,-999.0,-999.0
110042,AMBAR,2003,12,46.5,-999.0,-999.0
110042,AMBAR,2004,1,6.4,-999.0,-999.0
110042,AMBAR,2004,2,42.8,-999.0,-999.0
110042,AMBAR,2004,3,44.9,-999.0,-999.0
110042,AMBAR,2004,4,14.9,-999.0,-999.0
110042,AMBAR,2004,5,0.0,-999.0,-999.0
110042,AMBAR,2004,6,0.0,-999.0,-999.0
110042,AMBAR,2004,7,0.0,-999.0,-999.0
110042,AMBAR,2004,8,0.0,-999.0,-999.0
110042,AMBAR,2004,9,0.0,-999.0,-999.0
110042,AMBAR,2004,10,6.3,-999.0,-999.0
110042,AMBAR,2004,11,5.4,-999.0,-999.0
110042,AMBAR,2004,12,37.0,-999.0,-999.0
110042,AMBAR,2005,1,32.8,-999.0,-999.0
110042,AMBAR,2005,2,29.8,-999.0,-999.0
110042,AMBAR,2005,3,36.4,-999.0,-999.0
110042,AMBAR,2005,4,9.7,-999.0,-999.0
110042,AMBAR,2005,5,0.0,-999.0,-999.0
110042,AMBAR,2005,6,0.0,-999.0,-999.0
110042,AMBAR,2005,7,0.0,-999.0,-999.0
110042,AMBAR,2005,8,0.0,-999.0,-999.0
110042,AMBAR,2005,9,0.0,-999.0,-999.0
110042,AMBAR,2005,10,2.0,-999.0,-999.0
110042,AMBAR,2005,11,0.0,-999.0,-999.0
110042,AMBAR,2005,12,20.3,-999.0,-999.0
110042,AMBAR,2006,1,43.0,-999.0,-999.0
110042,AMBAR,2006,2,81.7,-999.0,-999.0
110042,AMBAR,2006,3,74.8,-999.0,-999.0
110042,AMBAR,2006,4,25.8,-999.0,-999.0
110042,AMBAR,2006,5,0.0,-999.0,-999.0
110042,AMBAR,2006,6,0.0,-999.0,-999.0
110042,AMBAR,2006,7,0.0,-999.0,-999.0
110042,AMBAR,2006,8,0.0,-999.0,-999.0
110042,AMBAR,2006,9,0.7,-999.0,-999.0
110042,AMBAR,2006,10,0.0,-999.0,-999.0
110042,AMBAR,2006,11,9.3,-999.0,-999.0
110042,AMBAR,2006,12,30.0,-999.0,-999.0
110042,AMBAR,2007,1,32.6,-999.0,-999.0
110042,AMBAR,2007,2,27.3,-999.0,-999.0
110042,AMBAR,2007,3,92.4,-999.0,-999.0
110042,AMBAR,2007,4,23.6,-999.0,-999.0
110042,AMBAR,2007,5,0.0,-999.0,-999.0
110042,AMBAR,2007,6,0.0,-999.0,-999.0
110042,AMBAR,2007,7,0.0,-999.0,-999.0
110042,AMBAR,2007,8,0.0,-999.0,-999.0
110042,AMBAR,2007,9,0.1,-999.0,-999.0
110042,AMBAR,2007,10,9.2,-999.0,-999.0
110042,AMBAR,2007,11,1.3,-999.0,-999.0
110042,AMBAR,2007,12,6.1,-999.0,-999.0
110042,AMBAR,2008,1,81.3,-999.0,-999.0
110042,AMBAR,2008,2,76.9,-999.0,-999.0
110042,AMBAR,2008,3,145.7,-999.0,-999.0
110042,AMBAR,2008,4,27.6,-999.0,-999.0
110042,AMBAR,2008,5,0.0,-999.0,-999.0
110042,AMBAR,2008,6,0.0,-999.0,-999.0
110042,AMBAR,2008,7,0.0,-999.0,-999.0
110042,AMBAR,2008,8,0.0,-999.0,-999.0
110042,AMBAR,2008,9,0.0,-999.0,-999.0
110042,AMBAR,2008,10,0.5,-999.0,-999.0
110042,AMBAR,2008,11,25.6,-999.0,-999.0
110042,AMBAR,2008,12,11.6,-999.0,-999.0
110042,AMBAR,2009,1,90.6,-999.0,-999.0
110042,AMBAR,2009,2,137.9,-999.0,-999.0
110042,AMBAR,2009,3,63.9,-999.0,-999.0
110042,AMBAR,2009,4,29.7,-999.0,-999.0
110042,AMBAR,2009,5,0.0,-999.0,-999.0
110042,AMBAR,2009,6,0.0,-999.0,-999.0
110042,AMBAR,2009,7,0.0,-999.0,-999.0
110042,AMBAR,2009,8,0.0,-999.0,-999.0
110042,AMBAR,2009,9,0.0,-999.0,-999.0
110042,AMBAR,2009,10,2.1,-999.0,-999.0
110042,AMBAR,2009,11,10.0,-999.0,-999.0
110042,AMBAR,2009,12,12.6,-999.0,-999.0
110042,AMBAR,2010,1,3.1,-999.0,-999.0
110042,AMBAR,2010,2,61.0,-999.0,-999.0
110042,AMBAR,2010,3,37.6,-999.0,-999.0
110042,AMBAR,2010,4,19.7,-999.0,-999.0
110042,AMBAR,2010,5,1.0,-999.0,-999.0
110042,AMBAR,2010,6,0.0,-999.0,-999.0
110042,AMBAR,2010,7,0.0,-999.0,-999.0
110042,AMBAR,2010,8,0.0,-999.0,-999.0
110042,AMBAR,2010,9,1.1,-999.0,-999.0
110042,AMBAR,2010,10,0.0,-999.0,-999.0
110042,AMBAR,2010,11,6.5,-999.0,-999.0
110042,AMBAR,2010,12,24.2,-999.0,-999.0
110042,AMBAR,2011,1,40.7,-999.0,-999.0
110042,AMBAR,2011,2,25.4,-999.0,-999.0
110042,AMBAR,2011,3,36.4,-999.0,-999.0
110042,AMBAR,2011,4,25.8,-999.0,-999.0
110042,AMBAR,2011,5,0.0,-999.0,-999.0
110042,AMBAR,2011,6,0.0,-999.0,-999.0
110042,AMBAR,2011,7,0.0,-999.0,-999.0
110042,AMBAR,2011,8,0.0,-999.0,-999.0
110042,AMBAR,2011,9,0.0,-999.0,-999.0
110042,AMBAR,2011,10,0.5,-999.0,-999.0
110042,AMBAR,2011,11,7.5,-999.0,-999.0
110042,AMBAR,2011,12,-999.0,-999.0,-999.0
110042,AMBAR,2012,1,19.2,-999.0,-999.0
110042,AMBAR,2012,2,82.2,-999.0,-999.0
110042,AMBAR,2012,3,70.6,-999.0,-999.0
110042,AMBAR,2012,4,41.1,-999.0,-999.0
110042,AMBAR,2012,5,0.0,-999.0,-999.0
110042,AMBAR,2012,6,0.0,-999.0,-999.0
110042,AMBAR,2012,7,0.0,-999.0,-999.0
110042,AMBAR,2012,8,0.0,-999.0,-999.0
110042,AMBAR,2012,9,2.1,-999.0,-999.0
110042,AMBAR,2012,10,8.4,-999.0,-999.0
110042,AMBAR,2012,11,2.9,-999.0,-999.0
110042,AMBAR,2012,12,17.1,-999.0,-999.0
110042,AMBAR,2013,1,15.4,-999.0,-999.0
110042,AMBAR,2013,2,68.3,-999.0,-999.0
110042,AMBAR,2013,3,62.3,-999.0,-999.0
110042,AMBAR,2013,4,9.7,-999.0,-999.0
110042,AMBAR,2013,5,0.1,-999.0,-999.0
110042,AMBAR,2013,6,0.0,-999.0,-999.0
110042,AMBAR,2013,7,0.0,-999.0,-999.0
110042,AMBAR,2013,8,0.0,-999.0,-999.0
110042,AMBAR,2013,9,0.0,-999.0,-999.0
110042,AMBAR,2013,10,2.4,-999.0,-999.0
110042,AMBAR,2013,11,4.4,-999.0,-999.0
110042,AMBAR,2013,12,6.2,-999.0,-999.0
110042,AMBAR,2014,1,51.6,-999.0,-999.0
110042,AMBAR,2014,2,30.0,-999.0,-999.0
110042,AMBAR,2014,3,83.8,-999.0,-999.0
110042,AMBAR,2014,4,7.3,-999.0,-999.0
110042,AMBAR,2014,5,0.0,-999.0,-999.0
110042,AMBAR,2014,6,0.0,-999.0,-999.0
110042,AMBAR,2014,7,0.0,-999.0,-999.0
110042,AMBAR,2014,8,0.0,-999.0,-999.0
110042,AMBAR,2014,9,1.1,-999.0,-999.0
110042,AMBAR,2014,10,3.4,-999.0,-999.0
110042,AMBAR,2014,11,16.5,-999.0,-999.0
110042,AMBAR,2014,12,7.1,-999.0,-999.0
110042,AMBAR,2015,1,23.1,-999.0,-999.0
110042,AMBAR,2015,2,38.1,-999.0,-999.0
110042,AMBAR,2015,3,160.3,-999.0,-999.0
110042,AMBAR,2015,4,8.2,-999.0,-999.0
110042,AMBAR,2015,5,0.0,-999.0,-999.0
110042,AMBAR,2015,6,0.0,-999.0,-999.0
110042,AMBAR,2015,7,0.0,-999.0,-999.0
110042,AMBAR,2015,8,0.0,-999.0,-999.0
110042,AMBAR,2015,9,0.0,-999.0,-999.0
110042,AMBAR,2015,10,4.7,-999.0,-999.0
110042,AMBAR,2015,11,-999.0,-999.0,-999.0
110042,AMBAR,2015,12,8.4,-999.0,-999.0
110042,AMBAR,2016,1,17.4,-999.0,-999.0
110042,AMBAR,2016,2,33.6,-999.0,-999.0
110042,AMBAR,2016,3,42.6,-999.0,-999.0
110042,AMBAR,2016,4,17.8,-999.0,-999.0
110042,AMBAR,2016,5,0.0,-999.0,-999.0
110042,AMBAR,2016,6,0.0,-999.0,-999.0
110042,AMBAR,2016,7,0.0,-999.0,-999.0
110042,AMBAR,2016,8,0.0,-999.0,-999.0
110042,AMBAR,2016,9,2.8,-999.0,-999.0
110042,AMBAR,2016,10,0.0,-999.0,-999.0
110042,AMBAR,2016,11,0.0,-999.0,-999.0
110042,AMBAR,2016,12,6.9,-999.0,-999.0
110042,AMBAR,2017,1,132.9,-999.0,-999.0
110042,AMBAR,2017,2,106.6,-999.0,-999.0
110042,AMBAR,2017,3,254.8,-999.0,-999.0
110042,AMBAR,2017,4,17.5,-999.0,-999.0
110042,AMBAR,2017,5,0.0,-999.0,-999.0
110042,AMBAR,2017,6,0.0,-999.0,-999.0
110042,AMBAR,2017,7,0.0,-999.0,-999.0
110042,AMBAR,2017,8,0.0,-999.0,-999.0
110042,AMBAR,2017,9,0.0,-999.0,-999.0
110042,AMBAR,2017,10,3.9,-999.0,-999.0
110042,AMBAR,2017,11,2.7,-999.0,-999.0
110042,AMBAR,2017,12,1.2,-999.0,-999.0
110042,AMBAR,2018,1,40.0,-999.0,-999.0
110042,AMBAR,2018,2,38.7,-999.0,-999.0
110042,AMBAR,2018,3,42.6,-999.0,-999.0
110042,AMBAR,2018,4,35.2,-999.0,-999.0
110042,AMBAR,2018,5,3.1,-999.0,-999.0
110042,AMBAR,2018,6,2.7,-999.0,-999.0
110042,AMBAR,2018,7,0.0,-999.0,-999.0
110042,AMBAR,2018,8,0.0,-999.0,-999.0
110042,AMBAR,2018,9,0.0,-999.0,-999.0
110042,AMBAR,2018,10,2.0,-999.0,-999.0
110042,AMBAR,2018,11,1.2,-999.0,-999.0
110042,AMBAR,2018,12,0.5,-999.0,-999.0
110042,AMBAR,2019,1,42.7,-999.0,-999.0
110042,AMBAR,2019,2,76.9,-999.0,-999.0
110042,AMBAR,2019,3,31.0,-999.0,-999.0
110042,AMBAR,2019,4,4.9,-999.0,-999.0
110042,AMBAR,2019,5,0.7,-999.0,-999.0
110042,AMBAR,2019,6,0.0,-999.0,-999.0
110042,AMBAR,2019,7,0.0,-999.0,-999.0
110042,AMBAR,2019,8,0.0,-999.0,-999.0
110042,AMBAR,2019,9,2.8,-999.0,-999.0
110042,AMBAR,2019,10,2.5,-999.0,-999.0
110042,AMBAR,2019,11,0.2,-999.0,-999.0
110042,AMBAR,2019,12,9.9,-999.0,-999.0
110042,AMBAR,2020,1,53.3,-999.0,-999.0
110042,AMBAR,2020,2,25.7,-999.0,-999.0
110042,AMBAR,2020,3,-999.0,-999.0,-999.0
110042,AMBAR,2020,4,-999.0,-999.0,-999.0
110042,AMBAR,2020,5,-999.0,-999.0,-999.0
110042,AMBAR,2020,6,-999.0,-999.0,-999.0
110042,AMBAR,2020,7,-999.0,-999.0,-999.0
110042,AMBAR,2020,8,-999.0,-999.0,-999.0
110042,AMBAR,2020,9,-999.0,-999.0,-999.0
110042,AMBAR,2020,10,1.9,-999.0,-999.0
110042,AMBAR,2020,11,-999.0,-999.0,-999.0
110042,AMBAR,2020,12,-999.0,-999.0,-999.0
110042,AMBAR,2021,1,72.8,-999.0,-999.0
110042,AMBAR,2021,2,6.3,-999.0,-999.0
110042,AMBAR,2021,3,-999.0,-999.0,-999.0
110042,AMBAR,2021,4,-999.0,-999.0,-999.0
110042,AMBAR,2021,5,-999.0,-999.0,-999.0
110042,AMBAR,2021,6,-999.0,-999.0,-999.0
110042,AMBAR,2021,7,-999.0,-999.0,-999.0
110042,AMBAR,2021,8,-999.0,-999.0,-999.0
110042,AMBAR,2021,9,-999.0,-999.0,-999.0
110042,AMBAR,2021,10,-999.0,-999.0,-999.0
110042,AMBAR,2021,11,-999.0,-999.0,-999.0
110042,AMBAR,2021,12,-999.0,-999.0,-999.0
110042,AMBAR,2022,1,-999.0,-999.0,-999.0
110042,AMBAR,2022,2,-999.0,-999.0,-999.0
110042,AMBAR,2022,3,83.3,-999.0,-999.0
110042,AMBAR,2022,4,10.8,-999.0,-999.0
110042,AMBAR,2022,5,0.0,-999.0,-999.0
110042,AMBAR,2022,6,0.0,-999.0,-999.0
110042,AMBAR,2022,7,0.0,-999.0,-999.0
110042,AMBAR,2022,8,0.0,-999.0,-999.0
110042,AMBAR,2022,9,0.0,-999.0,-999.0
110042,AMBAR,2022,10,0.0,-999.0,-999.0
110042,AMBAR,2022,11,0.0,-999.0,-999.0
110042,AMBAR,2022,12,8.8,-999.0,-999.0
110042,AMBAR,2023,1,29.8,-999.0,-999.0
110042,AMBAR,2023,2,127.6,-999.0,-999.0
110042,AMBAR,2023,3,170.7,-999.0,-999.0
110042,AMBAR,2023,4,55.1,-999.0,-999.0
110042,AMBAR,2023,5,0.5,-999.0,-999.0
110042,AMBAR,2023,6,0.0,-999.0,-999.0
110042,AMBAR,2023,7,0.0,-999.0,-999.0
110042,AMBAR,2023,8,0.0,-999.0,-999.0
110042,AMBAR,2023,9,0.0,-999.0,-999.0
110042,AMBAR,2023,10,24.0,-999.0,-999.0
110042,AMBAR,2023,11,4.0,-999.0,-999.0
110042,AMBAR,2023,12,53.9,-999.0,-999.0
110042,AMBAR,2024,1,35.2,-999.0,-999.0
110042,AMBAR,2024,2,60.8,-999.0,-999.0
110042,AMBAR,2024,3,31.1,-999.0,-999.0
110042,AMBAR,2024,4,17.9,-999.0,-999.0
110042,AMBAR,2024,5,0.9,-999.0,-999.0
110042,AMBAR,2024,6,0.0,-999.0,-999.0
110042,AMBAR,2024,7,0.0,-999.0,-999.0
110042,AMBAR,2024,8,0.0,-999.0,-999.0
110042,AMBAR,2024,9,14.7,-999.0,-999.0
110042,AMBAR,2024,10,4.6,-999.0,-999.0
110042,AMBAR,2024,11,6.6,-999.0,-999.0
110042,AMBAR,2024,12,30.8,-999.0,-999.0
110042,AMBAR,2025,1,31.6,-999.0,-999.0
110042,AMBAR,2025,2,182.9,-999.0,-999.0
110042,AMBAR,2025,3,73.7,-999.0,-999.0
110042,AMBAR,2025,4,9.3,-999.0,-999.0
110042,AMBAR,2025,5,0.1,-999.0,-999.0
110042,AMBAR,2025,6,0.1,-999.0,-999.0
110042,AMBAR,2025,7,0.0,-999.0,-999.0
110042,AMBAR,2025,8,0.0,-999.0,-999.0
110042,AMBAR,2025,9,5.3,-999.0,-999.0
110042,AMBAR,2025,10,9.3,-999.0,-999.0
110042,AMBAR,2025,11,0.9,-999.0,-999.0
110042,AMBAR,2025,12,0.0,-999.0,-999.0
