CODIGO,ESTACION,YEAR,MONTH,PP,TMAX,TMIN
110019,CAJATAMBO,1990,1,-999.0,-999.0,-999.0
110019,CAJATAMBO,1990,2,-999.0,-999.0,-999.0
110019,CAJATAMBO,1990,3,-999.0,-999.0,-999.0
110019,CAJATAMBO,1990,4,-999.0,-999.0,-999.0
110019,CAJATAMBO,1990,5,-999.0,-999.0,-999.0
110019,CAJATAMBO,1990,6,-999.0,-999.0,-999.0
110019,CAJATAMBO,1990,7,-999.0,-999.0,-999.0
110019,CAJATAMBO,1990,8,-999.0,-999.0,-999.0
110019,CAJATAMBO,1990,9,-999.0,-999.0,-999.0
110019,CAJATAMBO,1990,10,-999.0,-999.0,-999.0
110019,CAJATAMBO,1990,11,-999.0,-999.0,-999.0
110019,CAJATAMBO,1990,12,-999.0,-999.0,-999.0
110019,CAJATAMBO,1991,1,-999.0,-999.0,-999.0
110019,CAJATAMBO,1991,2,-999.0,-999.0,-999.0
110019,CAJATAMBO,1991,3,-999.0,-999.0,-999.0
110019,CAJATAMBO,1991,4,-999.0,-999.0,-999.0
110019,CAJATAMBO,1991,5,-999.0,-999.0,-999.0
110019,CAJATAMBO,1991,6,-999.0,-999.0,-999.0
110019,CAJATAMBO,1991,7,-999.0,-999.0,-999.0
110019,CAJATAMBO,1991,8,-999.0,-999.0,-999.0
110019,CAJATAMBO,1991,9,-999.0,-999.0,-999.0
110019,CAJATAMBO,1991,10,-999.0,-999.0,-999.0
110019,CAJATAMBO,1991,11,-999.0,-999.0,-999.0
110019,CAJATAMBO,1991,12,-999.0,-999.0,-999.0
110019,CAJATAMBO,1992,1,-999.0,-999.0,-999.0
110019,CAJATAMBO,1992,2,-999.0,-999.0,-999.0
110019,CAJATAMBO,1992,3,-999.0,-999.0,-999.0
110019,CAJATAMBO,1992,4,-999.0,-999.0,-999.0
110019,CAJATAMBO,1992,5,-999.0,-999.0,-999.0
110019,CAJATAMBO,1992,6,-999.0,-999.0,-999.0
110019,CAJATAMBO,1992,7,-999.0,-999.0,-999.0
110019,CAJATAMBO,1992,8,-999.0,-999.0,-999.0
110019,CAJATAMBO,1992,9,-999.0,-999.0,-999.0
110019,CAJATAMBO,1992,10,-999.0,-999.0,-999.0
110019,CAJATAMBO,1992,11,-999.0,-999.0,-999.0
110019,CAJATAMBO,1992,12,-999.0,-999.0,-999.0
110019,CAJATAMBO,1993,1,-999.0,-999.0,-999.0
110019,CAJATAMBO,1993,2,-999.0,-999.0,-999.0
110019,CAJATAMBO,1993,3,-999.0,-999.0,-999.0
110019,CAJATAMBO,1993,4,-999.0,-999.0,-999.0
110019,CAJATAMBO,1993,5,-999.0,-999.0,-999.0
110019,CAJATAMBO,1993,6,-999.0,-999.0,-999.0
110019,CAJATAMBO,1993,7,0.0,-999.0,3.45
110019,CAJATAMBO,1993,8,0.0,-999.0,3.68
110019,CAJATAMBO,1993,9,-999.0,-999.0,4.12
110019,CAJATAMBO,1993,10,47.2,-999.0,5.02
110019,CAJATAMBO,1993,11,115.5,-999.0,5.54
110019,CAJATAMBO,1993,12,116.7,-999.0,6.3
110019,CAJATAMBO,1994,1,179.3,16.54,5.6
110019,CAJATAMBO,1994,2,216.5,16.2,5.74
110019,CAJATAMBO,1994,3,177.4,16.89,5.31
110019,CAJATAMBO,1994,4,83.8,17.8,4.99
110019,CAJATAMBO,1994,5,1.7,18.07,4.23
110019,CAJATAMBO,1994,6,0.0,18.39,3.33
110019,CAJATAMBO,1994,7,0.0,18.28,2.25
110019,CAJATAMBO,1994,8,0.5,18.42,3.55
110019,CAJATAMBO,1994,9,10.1,19.17,-999.0
110019,CAJATAMBO,1994,10,8.8,18.56,4.79
110019,CAJATAMBO,1994,11,23.2,18.1,4.74
110019,CAJATAMBO,1994,12,73.6,17.37,6.23
110019,CAJATAMBO,1995,1,73.2,17.39,5.91
110019,CAJATAMBO,1995,2,52.2,16.64,5.79
110019,CAJATAMBO,1995,3,104.3,16.11,5.74
110019,CAJATAMBO,1995,4,56.6,17.44,5.38
110019,CAJATAMBO,1995,5,6.3,18.06,4.87
110019,CAJATAMBO,1995,6,0.0,16.23,4.82
110019,CAJATAMBO,1995,7,0.0,16.02,4.44
110019,CAJATAMBO,1995,8,0.0,16.78,4.42
110019,CAJATAMBO,1995,9,3.1,17.24,5.49
110019,CAJATAMBO,1995,10,7.5,16.8,5.63
110019,CAJATAMBO,1995,11,47.0,15.79,6.14
110019,CAJATAMBO,1995,12,126.6,15.47,5.75
110019,CAJATAMBO,1996,1,109.0,13.02,5.98
110019,CAJATAMBO,1996,2,125.9,13.3,5.83
110019,CAJATAMBO,1996,3,143.9,13.5,6.39
110019,CAJATAMBO,1996,4,39.2,15.24,5.71
110019,CAJATAMBO,1996,5,8.5,15.57,5.15
110019,CAJATAMBO,1996,6,0.0,15.87,4.29
110019,CAJATAMBO,1996,7,0.0,16.33,4.37
110019,CAJATAMBO,1996,8,4.2,16.21,4.56
110019,CAJATAMBO,1996,9,0.6,17.02,6.13
110019,CAJATAMBO,1996,10,35.3,16.07,-999.0
110019,CAJATAMBO,1996,11,20.6,15.74,4.82
110019,CAJATAMBO,1996,12,76.5,15.64,5.75
110019,CAJATAMBO,1997,1,108.5,14.16,4.78
110019,CAJATAMBO,1997,2,168.2,14.57,4.39
110019,CAJATAMBO,1997,3,55.7,16.09,3.72
110019,CAJATAMBO,1997,4,25.7,15.99,3.7
110019,CAJATAMBO,1997,5,4.5,17.28,4.0
110019,CAJATAMBO,1997,6,0.0,15.98,2.92
110019,CAJATAMBO,1997,7,0.0,17.75,4.2
110019,CAJATAMBO,1997,8,0.4,17.45,4.33
110019,CAJATAMBO,1997,9,15.9,16.85,4.49
110019,CAJATAMBO,1997,10,25.4,16.87,4.85
110019,CAJATAMBO,1997,11,63.6,16.11,5.19
110019,CAJATAMBO,1997,12,233.9,15.78,6.18
110019,CAJATAMBO,1998,1,162.7,16.34,6.26
110019,CAJATAMBO,1998,2,179.5,15.91,6.51
110019,CAJATAMBO,1998,3,153.1,15.78,6.34
110019,CAJATAMBO,1998,4,46.9,16.87,6.06
110019,CAJATAMBO,1998,5,2.7,17.51,4.38
110019,CAJATAMBO,1998,6,3.1,16.49,4.4
110019,CAJATAMBO,1998,7,0.0,16.59,3.58
110019,CAJATAMBO,1998,8,4.5,16.36,3.88
110019,CAJATAMBO,1998,9,6.0,16.63,4.44
110019,CAJATAMBO,1998,10,69.7,16.48,5.91
110019,CAJATAMBO,1998,11,16.4,15.76,4.18
110019,CAJATAMBO,1998,12,59.8,14.98,4.54
110019,CAJATAMBO,1999,1,138.0,14.19,4.84
110019,CAJATAMBO,1999,2,247.9,12.6,5.12
110019,CAJATAMBO,1999,3,108.3,13.89,5.63
110019,CAJATAMBO,1999,4,55.5,15.41,5.56
110019,CAJATAMBO,1999,5,48.9,15.1,4.66
110019,CAJATAMBO,1999,6,14.5,15.07,3.65
110019,CAJATAMBO,1999,7,0.0,15.49,2.96
110019,CAJATAMBO,1999,8,0.5,16.07,3.48
110019,CAJATAMBO,1999,9,17.1,15.61,4.72
110019,CAJATAMBO,1999,10,46.9,15.81,4.94
110019,CAJATAMBO,1999,11,40.3,15.64,4.42
110019,CAJATAMBO,1999,12,90.6,13.67,5.59
110019,CAJATAMBO,2000,1,149.8,13.12,5.41
110019,CAJATAMBO,2000,2,187.6,12.86,5.23
110019,CAJATAMBO,2000,3,138.7,13.44,5.3
110019,CAJATAMBO,2000,4,64.7,14.19,5.4
110019,CAJATAMBO,2000,5,23.9,15.2,4.66
110019,CAJATAMBO,2000,6,0.0,15.25,4.16
110019,CAJATAMBO,2000,7,1.4,15.12,3.35
110019,CAJATAMBO,2000,8,10.7,15.84,4.43
110019,CAJATAMBO,2000,9,13.6,15.59,4.46
110019,CAJATAMBO,2000,10,41.5,16.24,5.41
110019,CAJATAMBO,2000,11,29.8,16.04,4.48
110019,CAJATAMBO,2000,12,151.7,15.1,5.63
110019,CAJATAMBO,2001,1,166.3,12.76,6.32
110019,CAJATAMBO,2001,2,114.3,14.32,6.38
110019,CAJATAMBO,2001,3,250.4,13.55,6.4
110019,CAJATAMBO,2001,4,40.6,15.48,5.33
110019,CAJATAMBO,2001,5,8.3,15.3,4.92
110019,CAJATAMBO,2001,6,1.3,16.48,4.08
110019,CAJATAMBO,2001,7,0.3,16.47,4.06
110019,CAJATAMBO,2001,8,0.0,17.86,3.93
110019,CAJATAMBO,2001,9,14.5,16.5,5.7
110019,CAJATAMBO,2001,10,39.0,17.19,6.31
110019,CAJATAMBO,2001,11,117.6,15.46,6.28
110019,CAJATAMBO,2001,12,66.4,16.21,6.63
110019,CAJATAMBO,2002,1,50.7,16.21,5.78
110019,CAJATAMBO,2002,2,110.2,15.06,6.82
110019,CAJATAMBO,2002,3,165.3,15.06,6.74
110019,CAJATAMBO,2002,4,95.8,15.4,5.91
110019,CAJATAMBO,2002,5,6.3,16.63,5.55
110019,CAJATAMBO,2002,6,7.0,16.9,4.58
110019,CAJATAMBO,2002,7,0.0,16.47,4.25
110019,CAJATAMBO,2002,8,0.0,17.55,4.58
110019,CAJATAMBO,2002,9,15.6,17.19,4.58
110019,CAJATAMBO,2002,10,65.0,16.02,6.2
110019,CAJATAMBO,2002,11,67.5,15.81,6.38
110019,CAJATAMBO,2002,12,83.4,16.53,6.84
110019,CAJATAMBO,2003,1,91.2,15.8,7.04
110019,CAJATAMBO,2003,2,105.5,15.87,6.36
110019,CAJATAMBO,2003,3,114.2,15.07,6.88
110019,CAJATAMBO,2003,4,39.3,16.0,6.18
110019,CAJATAMBO,2003,5,4.1,16.73,5.55
110019,CAJATAMBO,2003,6,0.0,16.18,4.06
110019,CAJATAMBO,2003,7,0.0,16.56,3.75
110019,CAJATAMBO,2003,8,0.0,17.03,3.91
110019,CAJATAMBO,2003,9,0.0,17.14,4.86
110019,CAJATAMBO,2003,10,25.4,17.19,5.27
110019,CAJATAMBO,2003,11,18.2,16.9,5.51
110019,CAJATAMBO,2003,12,153.1,14.21,6.68
110019,CAJATAMBO,2004,1,32.5,15.84,4.58
110019,CAJATAMBO,2004,2,155.3,14.73,6.17
110019,CAJATAMBO,2004,3,86.2,16.54,6.84
110019,CAJATAMBO,2004,4,45.0,16.42,5.02
110019,CAJATAMBO,2004,5,3.6,17.19,4.98
110019,CAJATAMBO,2004,6,0.0,16.83,4.04
110019,CAJATAMBO,2004,7,4.4,15.67,3.63
110019,CAJATAMBO,2004,8,0.0,17.12,3.52
110019,CAJATAMBO,2004,9,24.0,16.81,5.45
110019,CAJATAMBO,2004,10,63.6,16.13,5.54
110019,CAJATAMBO,2004,11,74.3,15.68,5.58
110019,CAJATAMBO,2004,12,95.5,14.86,6.19
110019,CAJATAMBO,2005,1,74.6,15.54,5.35
110019,CAJATAMBO,2005,2,65.5,16.28,6.81
110019,CAJATAMBO,2005,3,124.1,14.83,6.32
110019,CAJATAMBO,2005,4,17.0,16.95,6.27
110019,CAJATAMBO,2005,5,2.2,17.21,4.5
110019,CAJATAMBO,2005,6,0.0,17.17,4.93
110019,CAJATAMBO,2005,7,0.0,17.39,4.83
110019,CAJATAMBO,2005,8,3.0,17.24,4.96
110019,CAJATAMBO,2005,9,0.6,17.18,5.11
110019,CAJATAMBO,2005,10,29.3,16.7,5.83
110019,CAJATAMBO,2005,11,12.2,16.53,5.06
110019,CAJATAMBO,2005,12,114.5,14.01,5.77
110019,CAJATAMBO,2006,1,120.4,14.66,5.89
110019,CAJATAMBO,2006,2,174.0,14.44,6.2
110019,CAJATAMBO,2006,3,214.8,14.38,6.27
110019,CAJATAMBO,2006,4,118.4,14.82,5.54
110019,CAJATAMBO,2006,5,2.8,16.36,4.15
110019,CAJATAMBO,2006,6,5.4,16.34,5.19
110019,CAJATAMBO,2006,7,0.0,17.27,5.15
110019,CAJATAMBO,2006,8,3.9,17.23,5.61
110019,CAJATAMBO,2006,9,7.2,16.9,5.08
110019,CAJATAMBO,2006,10,26.1,16.42,5.71
110019,CAJATAMBO,2006,11,60.7,15.82,5.76
110019,CAJATAMBO,2006,12,124.5,14.66,6.33
110019,CAJATAMBO,2007,1,92.1,15.73,6.71
110019,CAJATAMBO,2007,2,77.1,15.35,5.7
110019,CAJATAMBO,2007,3,177.4,14.91,6.24
110019,CAJATAMBO,2007,4,88.5,15.14,5.85
110019,CAJATAMBO,2007,5,25.2,15.63,5.05
110019,CAJATAMBO,2007,6,0.0,16.54,4.78
110019,CAJATAMBO,2007,7,0.0,16.07,4.16
110019,CAJATAMBO,2007,8,0.3,16.66,4.69
110019,CAJATAMBO,2007,9,0.0,17.36,5.51
110019,CAJATAMBO,2007,10,29.4,16.22,5.17
110019,CAJATAMBO,2007,11,33.6,16.51,5.35
110019,CAJATAMBO,2007,12,24.1,15.03,4.83
110019,CAJATAMBO,2008,1,141.6,14.04,5.8
110019,CAJATAMBO,2008,2,171.8,13.39,5.52
110019,CAJATAMBO,2008,3,132.2,13.4,4.58
110019,CAJATAMBO,2008,4,51.6,14.6,5.03
110019,CAJATAMBO,2008,5,0.2,15.24,4.29
110019,CAJATAMBO,2008,6,0.0,16.05,4.68
110019,CAJATAMBO,2008,7,0.0,15.56,3.8
110019,CAJATAMBO,2008,8,3.2,16.54,4.56
110019,CAJATAMBO,2008,9,2.3,17.76,5.06
110019,CAJATAMBO,2008,10,62.4,15.63,5.64
110019,CAJATAMBO,2008,11,35.5,15.67,5.31
110019,CAJATAMBO,2008,12,87.9,15.17,5.13
110019,CAJATAMBO,2009,1,158.2,13.96,5.86
110019,CAJATAMBO,2009,2,184.1,13.52,5.8
110019,CAJATAMBO,2009,3,229.9,13.98,5.48
110019,CAJATAMBO,2009,4,80.8,15.47,5.8
110019,CAJATAMBO,2009,5,9.6,15.76,4.91
110019,CAJATAMBO,2009,6,0.0,16.27,4.72
110019,CAJATAMBO,2009,7,0.9,16.6,4.15
110019,CAJATAMBO,2009,8,2.7,18.36,4.45
110019,CAJATAMBO,2009,9,3.0,18.64,5.13
110019,CAJATAMBO,2009,10,59.7,16.63,5.58
110019,CAJATAMBO,2009,11,76.9,15.84,5.9
110019,CAJATAMBO,2009,12,94.0,15.34,6.15
110019,CAJATAMBO,2010,1,89.0,16.37,6.17
110019,CAJATAMBO,2010,2,102.7,16.92,6.87
110019,CAJATAMBO,2010,3,122.3,16.57,6.75
110019,CAJATAMBO,2010,4,36.5,17.64,5.96
110019,CAJATAMBO,2010,5,0.0,17.5,5.06
110019,CAJATAMBO,2010,6,0.5,16.9,4.08
110019,CAJATAMBO,2010,7,0.0,16.76,3.68
110019,CAJATAMBO,2010,8,0.3,18.06,3.76
110019,CAJATAMBO,2010,9,29.0,17.67,4.66
110019,CAJATAMBO,2010,10,8.7,16.94,4.74
110019,CAJATAMBO,2010,11,56.0,15.43,4.43
110019,CAJATAMBO,2010,12,181.2,13.23,5.31
110019,CAJATAMBO,2011,1,163.6,13.28,5.12
110019,CAJATAMBO,2011,2,92.4,13.48,5.01
110019,CAJATAMBO,2011,3,149.0,13.7,4.66
110019,CAJATAMBO,2011,4,102.0,15.38,4.75
110019,CAJATAMBO,2011,5,0.6,17.1,4.47
110019,CAJATAMBO,2011,6,0.7,16.56,3.84
110019,CAJATAMBO,2011,7,3.0,16.44,3.01
110019,CAJATAMBO,2011,8,3.1,17.65,3.97
110019,CAJATAMBO,2011,9,4.6,17.97,4.94
110019,CAJATAMBO,2011,10,12.7,16.48,3.88
110019,CAJATAMBO,2011,11,84.0,15.86,5.03
110019,CAJATAMBO,2011,12,169.5,14.49,5.21
110019,CAJATAMBO,2012,1,104.3,14.81,4.72
110019,CAJATAMBO,2012,2,156.9,14.1,4.59
110019,CAJATAMBO,2012,3,149.5,15.92,5.26
110019,CAJATAMBO,2012,4,112.2,15.56,4.85
110019,CAJATAMBO,2012,5,5.2,16.89,5.73
110019,CAJATAMBO,2012,6,0.1,17.01,5.15
110019,CAJATAMBO,2012,7,0.0,17.51,5.15
110019,CAJATAMBO,2012,8,0.0,18.78,5.42
110019,CAJATAMBO,2012,9,21.7,18.39,5.96
110019,CAJATAMBO,2012,10,42.5,16.79,6.08
110019,CAJATAMBO,2012,11,75.9,16.02,6.6
110019,CAJATAMBO,2012,12,74.1,14.47,6.41
110019,CAJATAMBO,2013,1,50.6,17.35,-999.0
110019,CAJATAMBO,2013,2,171.3,14.84,6.68
110019,CAJATAMBO,2013,3,166.1,15.15,7.03
110019,CAJATAMBO,2013,4,31.9,17.41,6.23
110019,CAJATAMBO,2013,5,15.3,16.12,5.64
110019,CAJATAMBO,2013,6,0.0,16.82,5.0
110019,CAJATAMBO,2013,7,1.1,16.82,4.78
110019,CAJATAMBO,2013,8,2.2,17.94,5.51
110019,CAJATAMBO,2013,9,0.1,18.74,5.97
110019,CAJATAMBO,2013,10,76.3,16.74,6.65
110019,CAJATAMBO,2013,11,50.7,15.93,5.38
110019,CAJATAMBO,2013,12,95.7,15.8,6.33
110019,CAJATAMBO,2014,1,124.7,15.45,6.48
110019,CAJATAMBO,2014,2,123.7,15.27,7.24
110019,CAJATAMBO,2014,3,180.5,14.76,6.59
110019,CAJATAMBO,2014,4,46.2,17.11,6.53
110019,CAJATAMBO,2014,5,25.6,16.39,5.81
110019,CAJATAMBO,2014,6,0.0,17.85,5.74
110019,CAJATAMBO,2014,7,0.0,17.96,6.0
110019,CAJATAMBO,2014,8,0.8,17.73,5.25
110019,CAJATAMBO,2014,9,12.6,18.03,6.35
110019,CAJATAMBO,2014,10,23.8,17.74,6.54
110019,CAJATAMBO,2014,11,56.7,16.48,5.87
110019,CAJATAMBO,2014,12,125.0,15.54,6.88
110019,CAJATAMBO,2015,1,121.9,16.31,6.6
110019,CAJATAMBO,2015,2,74.7,14.98,6.55
110019,CAJATAMBO,2015,3,125.7,15.31,6.86
110019,CAJATAMBO,2015,4,57.2,16.43,6.89
110019,CAJATAMBO,2015,5,16.9,16.76,6.49
110019,CAJATAMBO,2015,6,0.8,17.97,6.17
110019,CAJATAMBO,2015,7,0.1,17.54,6.18
110019,CAJATAMBO,2015,8,2.3,18.93,6.43
110019,CAJATAMBO,2015,9,1.6,18.83,7.06
110019,CAJATAMBO,2015,10,26.7,17.99,7.33
110019,CAJATAMBO,2015,11,31.1,17.72,7.1
110019,CAJATAMBO,2015,12,113.0,18.15,8.32
110019,CAJATAMBO,2016,1,35.3,17.99,7.69
110019,CAJATAMBO,2016,2,147.0,17.43,8.67
110019,CAJATAMBO,2016,3,87.1,17.4,8.2
110019,CAJATAMBO,2016,4,57.9,17.94,7.52
110019,CAJATAMBO,2016,5,7.5,17.81,7.14
110019,CAJATAMBO,2016,6,0.8,17.39,6.24
110019,CAJATAMBO,2016,7,0.0,17.28,5.71
110019,CAJATAMBO,2016,8,0.3,18.28,6.45
110019,CAJATAMBO,2016,9,18.9,18.39,6.55
110019,CAJATAMBO,2016,10,11.9,17.82,6.54
110019,CAJATAMBO,2016,11,0.0,18.23,6.15
110019,CAJATAMBO,2016,12,81.7,16.12,7.03
110019,CAJATAMBO,2017,1,191.5,14.12,6.85
110019,CAJATAMBO,2017,2,218.5,13.84,6.26
110019,CAJATAMBO,2017,3,295.3,14.53,7.0
110019,CAJATAMBO,2017,4,77.8,16.08,6.9
110019,CAJATAMBO,2017,5,41.5,15.6,6.53
110019,CAJATAMBO,2017,6,1.6,16.32,5.47
110019,CAJATAMBO,2017,7,0.0,17.31,5.4
110019,CAJATAMBO,2017,8,0.1,17.45,5.51
110019,CAJATAMBO,2017,9,5.3,17.67,6.66
110019,CAJATAMBO,2017,10,45.6,17.41,6.58
110019,CAJATAMBO,2017,11,14.2,16.72,6.43
110019,CAJATAMBO,2017,12,50.5,16.04,6.53
110019,CAJATAMBO,2018,1,139.6,15.2,6.22
110019,CAJATAMBO,2018,2,73.6,15.39,6.35
110019,CAJATAMBO,2018,3,209.7,15.58,7.21
110019,CAJATAMBO,2018,4,78.3,15.54,6.33
110019,CAJATAMBO,2018,5,19.2,16.35,5.77
110019,CAJATAMBO,2018,6,4.4,16.29,5.02
110019,CAJATAMBO,2018,7,0.1,16.55,4.92
110019,CAJATAMBO,2018,8,0.0,17.48,5.78
110019,CAJATAMBO,2018,9,4.5,17.98,6.17
110019,CAJATAMBO,2018,10,27.2,16.43,6.41
110019,CAJATAMBO,2018,11,35.7,16.81,6.85
110019,CAJATAMBO,2018,12,73.6,17.0,6.58
110019,CAJATAMBO,2019,1,141.3,16.08,7.33
110019,CAJATAMBO,2019,2,166.8,16.12,7.62
110019,CAJATAMBO,2019,3,136.9,16.35,7.71
110019,CAJATAMBO,2019,4,27.3,16.76,6.79
110019,CAJATAMBO,2019,5,6.4,17.25,6.25
110019,CAJATAMBO,2019,6,2.0,17.66,5.81
110019,CAJATAMBO,2019,7,0.8,17.26,5.37
110019,CAJATAMBO,2019,8,0.0,18.63,5.83
110019,CAJATAMBO,2019,9,39.3,17.95,6.41
110019,CAJATAMBO,2019,10,15.4,17.23,5.97
110019,CAJATAMBO,2019,11,30.6,17.14,6.85
110019,CAJATAMBO,2019,12,129.7,16.06,7.45
110019,CAJATAMBO,2020,1,79.9,16.56,7.04
110019,CAJATAMBO,2020,2,96.7,16.48,7.71
110019,CAJATAMBO,2020,3,-999.0,-999.0,-999.0
110019,CAJATAMBO,2020,4,-999.0,-999.0,-999.0
110019,CAJATAMBO,2020,5,-999.0,-999.0,-999.0
110019,CAJATAMBO,2020,6,-999.0,-999.0,-999.0
110019,CAJATAMBO,2020,7,-999.0,-999.0,-999.0
110019,CAJATAMBO,2020,8,-999.0,-999.0,-999.0
110019,CAJATAMBO,2020,9,5.8,17.76,5.99
110019,CAJATAMBO,2020,10,21.6,18.09,6.66
110019,CAJATAMBO,2020,11,27.8,17.89,6.26
110019,CAJATAMBO,2020,12,211.9,14.04,6.63
110019,CAJATAMBO,2021,1,255.4,13.8,6.81
110019,CAJATAMBO,2021,2,36.8,16.17,6.44
110019,CAJATAMBO,2021,3,181.4,14.47,5.99
110019,CAJATAMBO,2021,4,47.3,16.5,6.38
110019,CAJATAMBO,2021,5,-999.0,-999.0,-999.0
110019,CAJATAMBO,2021,6,-999.0,-999.0,-999.0
110019,CAJATAMBO,2021,7,-999.0,-999.0,-999.0
110019,CAJATAMBO,2021,8,-999.0,-999.0,-999.0
110019,CAJATAMBO,2021,9,-999.0,-999.0,-999.0
110019,CAJATAMBO,2021,10,-999.0,-999.0,-999.0
110019,CAJATAMBO,2021,11,-999.0,-999.0,-999.0
110019,CAJATAMBO,2021,12,-999.0,-999.0,-999.0
110019,CAJATAMBO,2022,1,-999.0,-999.0,-999.0
110019,CAJATAMBO,2022,2,-999.0,-999.0,-999.0
110019,CAJATAMBO,2022,3,-999.0,-999.0,-999.0
110019,CAJATAMBO,2022,4,-999.0,-999.0,-999.0
110019,CAJATAMBO,2022,5,-999.0,-999.0,-999.0
110019,CAJATAMBO,2022,6,-999.0,-999.0,-999.0
110019,CAJATAMBO,2022,7,-999.0,-999.0,-999.0
110019,CAJATAMBO,2022,8,-999.0,-999.0,-999.0
110019,CAJATAMBO,2022,9,-999.0,-999.0,-999.0
110019,CAJATAMBO,2022,10,-999.0,-999.0,-999.0
110019,CAJATAMBO,2022,11,-999.0,-999.0,-999.0
110019,CAJATAMBO,2022,12,-999.0,-999.0,-999.0
110019,CAJATAMBO,2023,1,-999.0,-999.0,-999.0
110019,CAJATAMBO,2023,2,-999.0,-999.0,-999.0
110019,CAJATAMBO,2023,3,-999.0,-999.0,-999.0
110019,CAJATAMBO,2023,4,-999.0,-999.0,-999.0
110019,CAJATAMBO,2023,5,-999.0,-999.0,-999.0
110019,CAJATAMBO,2023,6,-999.0,-999.0,-999.0
110019,CAJATAMBO,2023,7,0.0,19.25,5.87
110019,CAJATAMBO,2023,8,0.0,18.88,6.31
110019,CAJATAMBO,2023,9,16.3,18.97,7.44
110019,CAJATAMBO,2023,10,44.6,16.96,-999.0
110019,CAJATAMBO,2023,11,77.3,17.16,7.09
110019,CAJATAMBO,2023,12,173.5,16.29,8.17
110019,CAJATAMBO,2024,1,134.1,16.45,8.16
110019,CAJATAMBO,2024,2,125.5,17.21,7.69
110019,CAJATAMBO,2024,3,90.8,17.06,8.17
110019,CAJATAMBO,2024,4,62.5,17.24,7.0
110019,CAJATAMBO,2024,5,9.5,18.73,7.15
110019,CAJATAMBO,2024,6,0.0,18.04,5.49
110019,CAJATAMBO,2024,7,0.0,19.19,5.61
110019,CAJATAMBO,2024,8,0.8,18.27,-999.0
110019,CAJATAMBO,2024,9,33.0,18.57,6.86
110019,CAJATAMBO,2024,10,18.3,17.94,6.87
110019,CAJATAMBO,2024,11,62.7,16.12,6.07
110019,CAJATAMBO,2024,12,166.7,15.63,7.17
110019,CAJATAMBO,2025,1,123.8,15.32,6.27
110019,CAJATAMBO,2025,2,263.8,14.75,7.0
110019,CAJATAMBO,2025,3,213.1,14.93,6.89
110019,CAJATAMBO,2025,4,66.9,16.26,6.82
110019,CAJATAMBO,2025,5,16.0,17.56,6.67
110019,CAJATAMBO,2025,6,2.2,17.25,5.77
110019,CAJATAMBO,2025,7,0.0,18.69,5.57
110019,CAJATAMBO,2025,8,0.0,17.8,5.82
110019,CAJATAMBO,2025,9,5.5,17.98,6.19
110019,CAJATAMBO,2025,10,52.0,16.91,6.39
110019,CAJATAMBO,2025,11,25.1,17.51,6.25
110019,CAJATAMBO,2025,12,1.4,17.43,5.68
