CODIGO,ESTACION,YEAR,MONTH,PP,TMAX,TMIN
110056,PACCHO,1990,1,56.0,-999.0,-999.0
110056,PACCHO,1990,2,28.2,-999.0,-999.0
110056,PACCHO,1990,3,14.6,-999.0,-999.0
110056,PACCHO,1990,4,17.8,-999.0,-999.0
110056,PACCHO,1990,5,0.0,-999.0,-999.0
110056,PACCHO,1990,6,0.0,-999.0,-999.0
110056,PACCHO,1990,7,0.0,-999.0,-999.0
110056,PACCHO,1990,8,0.0,-999.0,-999.0
110056,PACCHO,1990,9,0.0,-999.0,-999.0
110056,PACCHO,1990,10,0.0,-999.0,-999.0
110056,PACCHO,1990,11,0.0,-999.0,-999.0
110056,PACCHO,1990,12,60.2,-999.0,-999.0
110056,PACCHO,1991,1,37.5,-999.0,-999.0
110056,PACCHO,1991,2,67.2,-999.0,-999.0
110056,PACCHO,1991,3,135.6,-999.0,-999.0
110056,PACCHO,1991,4,17.0,-999.0,-999.0
110056,PACCHO,1991,5,0.0,-999.0,-999.0
110056,PACCHO,1991,6,0.0,-999.0,-999.0
110056,PACCHO,1991,7,0.0,-999.0,-999.0
110056,PACCHO,1991,8,0.0,-999.0,-999.0
110056,PACCHO,1991,9,0.0,-999.0,-999.0
110056,PACCHO,1991,10,13.1,-999.0,-999.0
110056,PACCHO,1991,11,10.1,-999.0,-999.0
110056,PACCHO,1991,12,6.0,-999.0,-999.0
110056,PACCHO,1992,1,83.3,-999.0,-999.0
110056,PACCHO,1992,2,82.9,-999.0,-999.0
110056,PACCHO,1992,3,37.0,-999.0,-999.0
110056,PACCHO,1992,4,12.1,-999.0,-999.0
110056,PACCHO,1992,5,0.0,-999.0,-999.0
110056,PACCHO,1992,6,0.0,-999.0,-999.0
110056,PACCHO,1992,7,0.0,-999.0,-999.0
110056,PACCHO,1992,8,0.0,-999.0,-999.0
110056,PACCHO,1992,9,0.0,-999.0,-999.0
110056,PACCHO,1992,10,7.2,-999.0,-999.0
110056,PACCHO,1992,11,0.3,-999.0,-999.0
110056,PACCHO,1992,12,6.7,-999.0,-999.0
110056,PACCHO,1993,1,107.8,-999.0,-999.0
110056,PACCHO,1993,2,129.9,-999.0,-999.0
110056,PACCHO,1993,3,211.7,-999.0,-999.0
110056,PACCHO,1993,4,103.4,-999.0,-999.0
110056,PACCHO,1993,5,8.1,-999.0,-999.0
110056,PACCHO,1993,6,0.0,-999.0,-999.0
110056,PACCHO,1993,7,0.0,-999.0,-999.0
110056,PACCHO,1993,8,0.3,-999.0,-999.0
110056,PACCHO,1993,9,0.0,-999.0,-999.0
110056,PACCHO,1993,10,40.3,-999.0,-999.0
110056,PACCHO,1993,11,58.8,-999.0,-999.0
110056,PACCHO,1993,12,93.8,-999.0,-999.0
110056,PACCHO,1994,1,142.7,-999.0,-999.0
110056,PACCHO,1994,2,185.3,-999.0,-999.0
110056,PACCHO,1994,3,115.4,-999.0,-999.0
110056,PACCHO,1994,4,57.0,-999.0,-999.0
110056,PACCHO,1994,5,0.0,-999.0,-999.0
110056,PACCHO,1994,6,0.0,-999.0,-999.0
110056,PACCHO,1994,7,0.0,-999.0,-999.0
110056,PACCHO,1994,8,0.0,-999.0,-999.0
110056,PACCHO,1994,9,13.8,-999.0,-999.0
110056,PACCHO,1994,10,0.0,-999.0,-999.0
110056,PACCHO,1994,11,10.4,-999.0,-999.0
110056,PACCHO,1994,12,74.4,-999.0,-999.0
110056,PACCHO,1995,1,79.7,-999.0,-999.0
110056,PACCHO,1995,2,63.6,-999.0,-999.0
110056,PACCHO,1995,3,105.9,-999.0,-999.0
110056,PACCHO,1995,4,84.0,-999.0,-999.0
110056,PACCHO,1995,5,13.3,-999.0,-999.0
110056,PACCHO,1995,6,0.0,-999.0,-999.0
110056,PACCHO,1995,7,0.0,-999.0,-999.0
110056,PACCHO,1995,8,0.0,-999.0,-999.0
110056,PACCHO,1995,9,0.0,-999.0,-999.0
110056,PACCHO,1995,10,25.4,-999.0,-999.0
110056,PACCHO,1995,11,67.9,-999.0,-999.0
110056,PACCHO,1995,12,57.7,-999.0,-999.0
110056,PACCHO,1996,1,110.1,-999.0,-999.0
110056,PACCHO,1996,2,154.4,-999.0,-999.0
110056,PACCHO,1996,3,174.2,-999.0,-999.0
110056,PACCHO,1996,4,38.5,-999.0,-999.0
110056,PACCHO,1996,5,0.0,-999.0,-999.0
110056,PACCHO,1996,6,0.0,-999.0,-999.0
110056,PACCHO,1996,7,0.0,-999.0,-999.0
110056,PACCHO,1996,8,0.0,-999.0,-999.0
110056,PACCHO,1996,9,0.0,-999.0,-999.0
110056,PACCHO,1996,10,10.9,-999.0,-999.0
110056,PACCHO,1996,11,6.0,-999.0,-999.0
110056,PACCHO,1996,12,42.3,-999.0,-999.0
110056,PACCHO,1997,1,94.4,-999.0,-999.0
110056,PACCHO,1997,2,135.5,-999.0,-999.0
110056,PACCHO,1997,3,65.8,-999.0,-999.0
110056,PACCHO,1997,4,46.3,-999.0,-999.0
110056,PACCHO,1997,5,0.0,-999.0,-999.0
110056,PACCHO,1997,6,0.0,-999.0,-999.0
110056,PACCHO,1997,7,0.0,-999.0,-999.0
110056,PACCHO,1997,8,0.3,-999.0,-999.0
110056,PACCHO,1997,9,3.9,-999.0,-999.0
110056,PACCHO,1997,10,9.2,-999.0,-999.0
110056,PACCHO,1997,11,62.0,-999.0,-999.0
110056,PACCHO,1997,12,181.4,-999.0,-999.0
110056,PACCHO,1998,1,259.2,-999.0,-999.0
110056,PACCHO,1998,2,236.4,-999.0,-999.0
110056,PACCHO,1998,3,308.0,-999.0,-999.0
110056,PACCHO,1998,4,66.5,-999.0,-999.0
110056,PACCHO,1998,5,0.0,-999.0,-999.0
110056,PACCHO,1998,6,0.5,-999.0,-999.0
110056,PACCHO,1998,7,0.0,-999.0,-999.0
110056,PACCHO,1998,8,0.0,-999.0,-999.0
110056,PACCHO,1998,9,1.2,-999.0,-999.0
110056,PACCHO,1998,10,13.7,-999.0,-999.0
110056,PACCHO,1998,11,1.5,-999.0,-999.0
110056,PACCHO,1998,12,38.9,-999.0,-999.0
110056,PACCHO,1999,1,102.5,-999.0,-999.0
110056,PACCHO,1999,2,314.1,-999.0,-999.0
110056,PACCHO,1999,3,165.8,-999.0,-999.0
110056,PACCHO,1999,4,68.4,-999.0,-999.0
110056,PACCHO,1999,5,55.7,-999.0,-999.0
110056,PACCHO,1999,6,0.0,-999.0,-999.0
110056,PACCHO,1999,7,0.0,-999.0,-999.0
110056,PACCHO,1999,8,0.0,-999.0,-999.0
110056,PACCHO,1999,9,4.0,-999.0,-999.0
110056,PACCHO,1999,10,19.5,-999.0,-999.0
110056,PACCHO,1999,11,19.0,-999.0,-999.0
110056,PACCHO,1999,12,58.9,-999.0,-999.0
110056,PACCHO,2000,1,142.6,-999.0,-999.0
110056,PACCHO,2000,2,199.0,-999.0,-999.0
110056,PACCHO,2000,3,154.6,-999.0,-999.0
110056,PACCHO,2000,4,58.3,-999.0,-999.0
110056,PACCHO,2000,5,29.2,-999.0,-999.0
110056,PACCHO,2000,6,0.0,-999.0,-999.0
110056,PACCHO,2000,7,0.0,-999.0,-999.0
110056,PACCHO,2000,8,0.0,-999.0,-999.0
110056,PACCHO,2000,9,3.9,-999.0,-999.0
110056,PACCHO,2000,10,19.9,-999.0,-999.0
110056,PACCHO,2000,11,14.1,-999.0,-999.0
110056,PACCHO,2000,12,123.3,-999.0,-999.0
110056,PACCHO,2001,1,244.7,-999.0,-999.0
110056,PACCHO,2001,2,122.0,-999.0,-999.0
110056,PACCHO,2001,3,272.4,-999.0,-999.0
110056,PACCHO,2001,4,39.3,-999.0,-999.0
110056,PACCHO,2001,5,0.7,-999.0,-999.0
110056,PACCHO,2001,6,0.0,-999.0,-999.0
110056,PACCHO,2001,7,0.0,-999.0,-999.0
110056,PACCHO,2001,8,0.0,-999.0,-999.0
110056,PACCHO,2001,9,7.6,-999.0,-999.0
110056,PACCHO,2001,10,10.5,-999.0,-999.0
110056,PACCHO,2001,11,80.8,-999.0,-999.0
110056,PACCHO,2001,12,52.1,-999.0,-999.0
110056,PACCHO,2002,1,56.7,-999.0,-999.0
110056,PACCHO,2002,2,129.3,-999.0,-999.0
110056,PACCHO,2002,3,145.0,-999.0,-999.0
110056,PACCHO,2002,4,116.9,-999.0,-999.0
110056,PACCHO,2002,5,0.0,-999.0,-999.0
110056,PACCHO,2002,6,0.0,-999.0,-999.0
110056,PACCHO,2002,7,0.0,-999.0,-999.0
110056,PACCHO,2002,8,0.0,-999.0,-999.0
110056,PACCHO,2002,9,15.2,-999.0,-999.0
110056,PACCHO,2002,10,31.3,-999.0,-999.0
110056,PACCHO,2002,11,71.4,-999.0,-999.0
110056,PACCHO,2002,12,30.6,-999.0,-999.0
110056,PACCHO,2003,1,79.9,-999.0,-999.0
110056,PACCHO,2003,2,110.6,-999.0,-999.0
110056,PACCHO,2003,3,142.9,-999.0,-999.0
110056,PACCHO,2003,4,25.9,-999.0,-999.0
110056,PACCHO,2003,5,0.0,-999.0,-999.0
110056,PACCHO,2003,6,-999.0,-999.0,-999.0
110056,PACCHO,2003,7,0.0,-999.0,-999.0
110056,PACCHO,2003,8,0.0,-999.0,-999.0
110056,PACCHO,2003,9,0.0,-999.0,-999.0
110056,PACCHO,2003,10,6.2,-999.0,-999.0
110056,PACCHO,2003,11,5.9,-999.0,-999.0
110056,PACCHO,2003,12,122.1,-999.0,-999.0
110056,PACCHO,2004,1,23.1,-999.0,-999.0
110056,PACCHO,2004,2,155.9,-999.0,-999.0
110056,PACCHO,2004,3,106.5,-999.0,-999.0
110056,PACCHO,2004,4,63.1,-999.0,-999.0
110056,PACCHO,2004,5,0.0,-999.0,-999.0
110056,PACCHO,2004,6,0.0,-999.0,-999.0
110056,PACCHO,2004,7,0.0,-999.0,-999.0
110056,PACCHO,2004,8,-999.0,-999.0,-999.0
110056,PACCHO,2004,9,4.7,-999.0,-999.0
110056,PACCHO,2004,10,19.5,-999.0,-999.0
110056,PACCHO,2004,11,52.7,-999.0,-999.0
110056,PACCHO,2004,12,86.9,-999.0,-999.0
110056,PACCHO,2005,1,63.5,-999.0,-999.0
110056,PACCHO,2005,2,68.6,-999.0,-999.0
110056,PACCHO,2005,3,131.1,-999.0,-999.0
110056,PACCHO,2005,4,33.6,-999.0,-999.0
110056,PACCHO,2005,5,0.0,-999.0,-999.0
110056,PACCHO,2005,6,0.0,-999.0,-999.0
110056,PACCHO,2005,7,0.0,-999.0,-999.0
110056,PACCHO,2005,8,0.0,-999.0,-999.0
110056,PACCHO,2005,9,0.0,-999.0,-999.0
110056,PACCHO,2005,10,0.0,-999.0,-999.0
110056,PACCHO,2005,11,4.3,-999.0,-999.0
110056,PACCHO,2005,12,122.6,-999.0,-999.0
110056,PACCHO,2006,1,133.3,-999.0,-999.0
110056,PACCHO,2006,2,187.1,-999.0,-999.0
110056,PACCHO,2006,3,255.8,-999.0,-999.0
110056,PACCHO,2006,4,97.9,-999.0,-999.0
110056,PACCHO,2006,5,0.0,-999.0,-999.0
110056,PACCHO,2006,6,0.0,-999.0,-999.0
110056,PACCHO,2006,7,0.0,-999.0,-999.0
110056,PACCHO,2006,8,0.0,-999.0,-999.0
110056,PACCHO,2006,9,0.8,-999.0,-999.0
110056,PACCHO,2006,10,1.7,-999.0,-999.0
110056,PACCHO,2006,11,21.2,-999.0,-999.0
110056,PACCHO,2006,12,99.9,-999.0,-999.0
110056,PACCHO,2007,1,120.3,-999.0,-999.0
110056,PACCHO,2007,2,116.4,-999.0,-999.0
110056,PACCHO,2007,3,254.2,-999.0,-999.0
110056,PACCHO,2007,4,114.6,-999.0,-999.0
110056,PACCHO,2007,5,6.8,-999.0,-999.0
110056,PACCHO,2007,6,0.0,-999.0,-999.0
110056,PACCHO,2007,7,0.0,-999.0,-999.0
110056,PACCHO,2007,8,0.0,-999.0,-999.0
110056,PACCHO,2007,9,0.0,-999.0,-999.0
110056,PACCHO,2007,10,17.4,-999.0,-999.0
110056,PACCHO,2007,11,6.6,-999.0,-999.0
110056,PACCHO,2007,12,35.1,-999.0,-999.0
110056,PACCHO,2008,1,116.5,-999.0,-999.0
110056,PACCHO,2008,2,172.4,-999.0,-999.0
110056,PACCHO,2008,3,230.0,-999.0,-999.0
110056,PACCHO,2008,4,55.0,-999.0,-999.0
110056,PACCHO,2008,5,0.0,-999.0,-999.0
110056,PACCHO,2008,6,0.3,-999.0,-999.0
110056,PACCHO,2008,7,0.0,-999.0,-999.0
110056,PACCHO,2008,8,0.0,-999.0,-999.0
110056,PACCHO,2008,9,0.0,-999.0,-999.0
110056,PACCHO,2008,10,12.8,-999.0,-999.0
110056,PACCHO,2008,11,34.9,-999.0,-999.0
110056,PACCHO,2008,12,44.5,-999.0,-999.0
110056,PACCHO,2009,1,193.7,-999.0,-999.0
110056,PACCHO,2009,2,201.4,-999.0,-999.0
110056,PACCHO,2009,3,253.0,-999.0,-999.0
110056,PACCHO,2009,4,84.8,-999.0,-999.0
110056,PACCHO,2009,5,2.6,-999.0,-999.0
110056,PACCHO,2009,6,0.0,-999.0,-999.0
110056,PACCHO,2009,7,0.0,-999.0,-999.0
110056,PACCHO,2009,8,0.0,-999.0,-999.0
110056,PACCHO,2009,9,2.3,-999.0,-999.0
110056,PACCHO,2009,10,48.4,-999.0,-999.0
110056,PACCHO,2009,11,57.9,-999.0,-999.0
110056,PACCHO,2009,12,98.2,-999.0,-999.0
110056,PACCHO,2010,1,62.0,-999.0,-999.0
110056,PACCHO,2010,2,94.6,-999.0,-999.0
110056,PACCHO,2010,3,144.9,-999.0,-999.0
110056,PACCHO,2010,4,47.0,-999.0,-999.0
110056,PACCHO,2010,5,2.8,-999.0,-999.0
110056,PACCHO,2010,6,0.0,-999.0,-999.0
110056,PACCHO,2010,7,0.0,-999.0,-999.0
110056,PACCHO,2010,8,0.0,-999.0,-999.0
110056,PACCHO,2010,9,5.9,-999.0,-999.0
110056,PACCHO,2010,10,7.1,-999.0,-999.0
110056,PACCHO,2010,11,35.0,-999.0,-999.0
110056,PACCHO,2010,12,131.8,-999.0,-999.0
110056,PACCHO,2011,1,123.2,-999.0,-999.0
110056,PACCHO,2011,2,110.4,-999.0,-999.0
110056,PACCHO,2011,3,126.2,-999.0,-999.0
110056,PACCHO,2011,4,119.3,-999.0,-999.0
110056,PACCHO,2011,5,0.0,-999.0,-999.0
110056,PACCHO,2011,6,0.0,-999.0,-999.0
110056,PACCHO,2011,7,0.3,-999.0,-999.0
110056,PACCHO,2011,8,0.0,-999.0,-999.0
110056,PACCHO,2011,9,0.0,-999.0,-999.0
110056,PACCHO,2011,10,1.9,-999.0,-999.0
110056,PACCHO,2011,11,51.8,-999.0,-999.0
110056,PACCHO,2011,12,134.0,-999.0,-999.0
110056,PACCHO,2012,1,77.8,-999.0,-999.0
110056,PACCHO,2012,2,181.5,-999.0,-999.0
110056,PACCHO,2012,3,157.5,-999.0,-999.0
110056,PACCHO,2012,4,138.2,-999.0,-999.0
110056,PACCHO,2012,5,0.0,-999.0,-999.0
110056,PACCHO,2012,6,0.0,-999.0,-999.0
110056,PACCHO,2012,7,0.0,-999.0,-999.0
110056,PACCHO,2012,8,0.0,-999.0,-999.0
110056,PACCHO,2012,9,10.5,-999.0,-999.0
110056,PACCHO,2012,10,25.2,-999.0,-999.0
110056,PACCHO,2012,11,41.0,-999.0,-999.0
110056,PACCHO,2012,12,74.0,-999.0,-999.0
110056,PACCHO,2013,1,30.7,-999.0,-999.0
110056,PACCHO,2013,2,181.0,-999.0,-999.0
110056,PACCHO,2013,3,189.0,-999.0,-999.0
110056,PACCHO,2013,4,5.9,-999.0,-999.0
110056,PACCHO,2013,5,15.9,-999.0,-999.0
110056,PACCHO,2013,6,0.0,-999.0,-999.0
110056,PACCHO,2013,7,0.0,-999.0,-999.0
110056,PACCHO,2013,8,0.6,-999.0,-999.0
110056,PACCHO,2013,9,0.0,-999.0,-999.0
110056,PACCHO,2013,10,33.0,-999.0,-999.0
110056,PACCHO,2013,11,16.4,-999.0,-999.0
110056,PACCHO,2013,12,60.9,-999.0,-999.0
110056,PACCHO,2014,1,97.0,-999.0,-999.0
110056,PACCHO,2014,2,95.1,-999.0,-999.0
110056,PACCHO,2014,3,158.0,-999.0,-999.0
110056,PACCHO,2014,4,52.4,-999.0,-999.0
110056,PACCHO,2014,5,10.3,-999.0,-999.0
110056,PACCHO,2014,6,0.0,-999.0,-999.0
110056,PACCHO,2014,7,0.0,-999.0,-999.0
110056,PACCHO,2014,8,0.0,-999.0,-999.0
110056,PACCHO,2014,9,3.1,-999.0,-999.0
110056,PACCHO,2014,10,4.9,-999.0,-999.0
110056,PACCHO,2014,11,53.6,-999.0,-999.0
110056,PACCHO,2014,12,123.0,-999.0,-999.0
110056,PACCHO,2015,1,172.2,-999.0,-999.0
110056,PACCHO,2015,2,143.6,-999.0,-999.0
110056,PACCHO,2015,3,205.9,-999.0,-999.0
110056,PACCHO,2015,4,70.4,-999.0,-999.0
110056,PACCHO,2015,5,0.6,-999.0,-999.0
110056,PACCHO,2015,6,0.0,-999.0,-999.0
110056,PACCHO,2015,7,0.0,-999.0,-999.0
110056,PACCHO,2015,8,-999.0,-999.0,-999.0
110056,PACCHO,2015,9,0.0,-999.0,-999.0
110056,PACCHO,2015,10,6.3,-999.0,-999.0
110056,PACCHO,2015,11,20.3,-999.0,-999.0
110056,PACCHO,2015,12,82.1,-999.0,-999.0
110056,PACCHO,2016,1,42.4,-999.0,-999.0
110056,PACCHO,2016,2,143.6,-999.0,-999.0
110056,PACCHO,2016,3,136.5,-999.0,-999.0
110056,PACCHO,2016,4,39.2,-999.0,-999.0
110056,PACCHO,2016,5,0.0,-999.0,-999.0
110056,PACCHO,2016,6,0.0,-999.0,-999.0
110056,PACCHO,2016,7,0.0,-999.0,-999.0
110056,PACCHO,2016,8,0.0,-999.0,-999.0
110056,PACCHO,2016,9,4.7,-999.0,-999.0
110056,PACCHO,2016,10,0.0,-999.0,-999.0
110056,PACCHO,2016,11,0.0,-999.0,-999.0
110056,PACCHO,2016,12,49.0,-999.0,-999.0
110056,PACCHO,2017,1,205.3,-999.0,-999.0
110056,PACCHO,2017,2,303.5,-999.0,-999.0
110056,PACCHO,2017,3,388.1,-999.0,-999.0
110056,PACCHO,2017,4,61.4,-999.0,-999.0
110056,PACCHO,2017,5,3.8,-999.0,-999.0
110056,PACCHO,2017,6,0.0,-999.0,-999.0
110056,PACCHO,2017,7,0.0,-999.0,-999.0
110056,PACCHO,2017,8,0.0,-999.0,-999.0
110056,PACCHO,2017,9,2.9,-999.0,-999.0
110056,PACCHO,2017,10,23.4,-999.0,-999.0
110056,PACCHO,2017,11,9.9,-999.0,-999.0
110056,PACCHO,2017,12,33.7,-999.0,-999.0
110056,PACCHO,2018,1,78.2,-999.0,-999.0
110056,PACCHO,2018,2,73.7,-999.0,-999.0
110056,PACCHO,2018,3,179.0,-999.0,-999.0
110056,PACCHO,2018,4,80.1,-999.0,-999.0
110056,PACCHO,2018,5,9.2,-999.0,-999.0
110056,PACCHO,2018,6,4.2,-999.0,-999.0
110056,PACCHO,2018,7,0.0,-999.0,-999.0
110056,PACCHO,2018,8,0.0,-999.0,-999.0
110056,PACCHO,2018,9,1.7,-999.0,-999.0
110056,PACCHO,2018,10,18.6,-999.0,-999.0
110056,PACCHO,2018,11,27.4,-999.0,-999.0
110056,PACCHO,2018,12,34.4,-999.0,-999.0
110056,PACCHO,2019,1,147.5,-999.0,-999.0
110056,PACCHO,2019,2,211.3,-999.0,-999.0
110056,PACCHO,2019,3,145.6,-999.0,-999.0
110056,PACCHO,2019,4,48.6,-999.0,-999.0
110056,PACCHO,2019,5,6.8,-999.0,-999.0
110056,PACCHO,2019,6,0.0,-999.0,-999.0
110056,PACCHO,2019,7,0.0,-999.0,-999.0
110056,PACCHO,2019,8,0.0,-999.0,-999.0
110056,PACCHO,2019,9,3.8,-999.0,-999.0
110056,PACCHO,2019,10,10.4,-999.0,-999.0
110056,PACCHO,2019,11,14.1,-999.0,-999.0
110056,PACCHO,2019,12,101.3,-999.0,-999.0
110056,PACCHO,2020,1,107.3,-999.0,-999.0
110056,PACCHO,2020,2,92.5,-999.0,-999.0
110056,PACCHO,2020,3,-999.0,-999.0,-999.0
110056,PACCHO,2020,4,-999.0,-999.0,-999.0
110056,PACCHO,2020,5,-999.0,-999.0,-999.0
110056,PACCHO,2020,6,-999.0,-999.0,-999.0
110056,PACCHO,2020,7,-999.0,-999.0,-999.0
110056,PACCHO,2020,8,-999.0,-999.0,-999.0
110056,PACCHO,2020,9,-999.0,-999.0,-999.0
110056,PACCHO,2020,10,-999.0,-999.0,-999.0
110056,PACCHO,2020,11,-999.0,-999.0,-999.0
110056,PACCHO,2020,12,-999.0,-999.0,-999.0
110056,PACCHO,2021,1,-999.0,-999.0,-999.0
110056,PACCHO,2021,2,-999.0,-999.0,-999.0
110056,PACCHO,2021,3,-999.0,-999.0,-999.0
110056,PACCHO,2021,4,-999.0,-999.0,-999.0
110056,PACCHO,2021,5,-999.0,-999.0,-999.0
110056,PACCHO,2021,6,-999.0,-999.0,-999.0
110056,PACCHO,2021,7,-999.0,-999.0,-999.0
110056,PACCHO,2021,8,-999.0,-999.0,-999.0
110056,PACCHO,2021,9,-999.0,-999.0,-999.0
110056,PACCHO,2021,10,-999.0,-999.0,-999.0
110056,PACCHO,2021,11,-999.0,-999.0,-999.0
110056,PACCHO,2021,12,-999.0,-999.0,-999.0
110056,PACCHO,2022,1,-999.0,-999.0,-999.0
110056,PACCHO,2022,2,-999.0,-999.0,-999.0
110056,PACCHO,2022,3,-999.0,-999.0,-999.0
110056,PACCHO,2022,4,-999.0,-999.0,-999.0
110056,PACCHO,2022,5,-999.0,-999.0,-999.0
110056,PACCHO,2022,6,-999.0,-999.0,-999.0
110056,PACCHO,2022,7,-999.0,-999.0,-999.0
110056,PACCHO,2022,8,-999.0,-999.0,-999.0
110056,PACCHO,2022,9,-999.0,-999.0,-999.0
110056,PACCHO,2022,10,-999.0,-999.0,-999.0
110056,PACCHO,2022,11,-999.0,-999.0,-999.0
110056,PACCHO,2022,12,59.2,-999.0,-999.0
110056,PACCHO,2023,1,102.6,-999.0,-999.0
110056,PACCHO,2023,2,222.9,-999.0,-999.0
110056,PACCHO,2023,3,258.7,-999.0,-999.0
110056,PACCHO,2023,4,136.6,-999.0,-999.0
110056,PACCHO,2023,5,2.9,-999.0,-999.0
110056,PACCHO,2023,6,0.0,-999.0,-999.0
110056,PACCHO,2023,7,0.0,-999.0,-999.0
110056,PACCHO,2023,8,0.0,-999.0,-999.0
110056,PACCHO,2023,9,3.3,-999.0,-999.0
110056,PACCHO,2023,10,87.6,-999.0,-999.0
110056,PACCHO,2023,11,39.3,-999.0,-999.0
110056,PACCHO,2023,12,162.7,-999.0,-999.0
110056,PACCHO,2024,1,198.9,-999.0,-999.0
110056,PACCHO,2024,2,117.5,-999.0,-999.0
110056,PACCHO,2024,3,80.2,-999.0,-999.0
110056,PACCHO,2024,4,53.0,-999.0,-999.0
110056,PACCHO,2024,5,15.4,-999.0,-999.0
110056,PACCHO,2024,6,0.0,-999.0,-999.0
110056,PACCHO,2024,7,0.0,-999.0,-999.0
110056,PACCHO,2024,8,0.0,-999.0,-999.0
110056,PACCHO,2024,9,22.8,-999.0,-999.0
110056,PACCHO,2024,10,-999.0,-999.0,-999.0
110056,PACCHO,2024,11,-999.0,-999.0,-999.0
110056,PACCHO,2024,12,-999.0,-999.0,-999.0
110056,PACCHO,2025,1,120.2,-999.0,-999.0
110056,PACCHO,2025,2,363.8,-999.0,-999.0
110056,PACCHO,2025,3,243.9,-999.0,-999.0
110056,PACCHO,2025,4,95.5,-999.0,-999.0
110056,PACCHO,2025,5,64.3,-999.0,-999.0
110056,PACCHO,2025,6,0.0,-999.0,-999.0
110056,PACCHO,2025,7,0.0,-999.0,-999.0
110056,PACCHO,2025,8,0.0,-999.0,-999.0
110056,PACCHO,2025,9,18.2,-999.0,-999.0
110056,PACCHO,2025,10,49.7,-999.0,-999.0
110056,PACCHO,2025,11,32.6,-999.0,-999.0
110056,PACCHO,2025,12,10.1,-999.0,-999.0
