CODIGO,ESTACION,YEAR,MONTH,PP,TMAX,TMIN
110051,OCROS,1990,1,26.3,-999.0,-999.0
110051,OCROS,1990,2,10.2,-999.0,-999.0
110051,OCROS,1990,3,53.4,-999.0,-999.0
110051,OCROS,1990,4,0.0,-999.0,-999.0
110051,OCROS,1990,5,7.6,-999.0,-999.0
110051,OCROS,1990,6,0.0,-999.0,-999.0
110051,OCROS,1990,7,0.0,-999.0,-999.0
110051,OCROS,1990,8,0.0,-999.0,-999.0
110051,OCROS,1990,9,0.0,-999.0,-999.0
110051,OCROS,1990,10,6.6,-999.0,-999.0
110051,OCROS,1990,11,33.0,-999.0,-999.0
110051,OCROS,1990,12,24.5,-999.0,-999.0
110051,OCROS,1991,1,16.1,-999.0,-999.0
110051,OCROS,1991,2,20.7,-999.0,-999.0
110051,OCROS,1991,3,80.8,-999.0,-999.0
110051,OCROS,1991,4,15.5,-999.0,-999.0
110051,OCROS,1991,5,0.0,-999.0,-999.0
110051,OCROS,1991,6,0.0,-999.0,-999.0
110051,OCROS,1991,7,0.0,-999.0,-999.0
110051,OCROS,1991,8,0.0,-999.0,-999.0
110051,OCROS,1991,9,0.0,-999.0,-999.0
110051,OCROS,1991,10,30.9,-999.0,-999.0
110051,OCROS,1991,11,13.7,-999.0,-999.0
110051,OCROS,1991,12,5.3,-999.0,-999.0
110051,OCROS,1992,1,12.7,-999.0,-999.0
110051,OCROS,1992,2,15.2,-999.0,-999.0
110051,OCROS,1992,3,-999.0,-999.0,-999.0
110051,OCROS,1992,4,-999.0,-999.0,-999.0
110051,OCROS,1992,5,0.0,-999.0,-999.0
110051,OCROS,1992,6,0.0,-999.0,-999.0
110051,OCROS,1992,7,0.0,-999.0,-999.0
110051,OCROS,1992,8,0.0,-999.0,-999.0
110051,OCROS,1992,9,0.0,-999.0,-999.0
110051,OCROS,1992,10,11.3,-999.0,-999.0
110051,OCROS,1992,11,0.0,-999.0,-999.0
110051,OCROS,1992,12,29.8,-999.0,-999.0
110051,OCROS,1993,1,29.5,-999.0,-999.0
110051,OCROS,1993,2,27.8,-999.0,-999.0
110051,OCROS,1993,3,158.9,-999.0,-999.0
110051,OCROS,1993,4,42.3,-999.0,-999.0
110051,OCROS,1993,5,0.0,-999.0,-999.0
110051,OCROS,1993,6,0.0,-999.0,-999.0
110051,OCROS,1993,7,0.0,-999.0,-999.0
110051,OCROS,1993,8,3.4,-999.0,-999.0
110051,OCROS,1993,9,0.0,-999.0,-999.0
110051,OCROS,1993,10,12.9,-999.0,-999.0
110051,OCROS,1993,11,16.0,-999.0,-999.0
110051,OCROS,1993,12,32.0,-999.0,-999.0
110051,OCROS,1994,1,-999.0,-999.0,-999.0
110051,OCROS,1994,2,-999.0,-999.0,-999.0
110051,OCROS,1994,3,60.4,-999.0,-999.0
110051,OCROS,1994,4,-999.0,-999.0,-999.0
110051,OCROS,1994,5,6.5,-999.0,-999.0
110051,OCROS,1994,6,0.0,-999.0,-999.0
110051,OCROS,1994,7,0.0,-999.0,-999.0
110051,OCROS,1994,8,0.0,-999.0,-999.0
110051,OCROS,1994,9,0.0,-999.0,-999.0
110051,OCROS,1994,10,0.0,-999.0,-999.0
110051,OCROS,1994,11,7.7,-999.0,-999.0
110051,OCROS,1994,12,36.8,-999.0,-999.0
110051,OCROS,1995,1,36.0,-999.0,-999.0
110051,OCROS,1995,2,36.0,-999.0,-999.0
110051,OCROS,1995,3,25.2,-999.0,-999.0
110051,OCROS,1995,4,8.5,-999.0,-999.0
110051,OCROS,1995,5,0.0,-999.0,-999.0
110051,OCROS,1995,6,0.0,-999.0,-999.0
110051,OCROS,1995,7,0.0,-999.0,-999.0
110051,OCROS,1995,8,0.0,-999.0,-999.0
110051,OCROS,1995,9,0.0,-999.0,-999.0
110051,OCROS,1995,10,0.0,-999.0,-999.0
110051,OCROS,1995,11,13.7,-999.0,-999.0
110051,OCROS,1995,12,20.6,-999.0,-999.0
110051,OCROS,1996,1,78.7,-999.0,-999.0
110051,OCROS,1996,2,81.9,-999.0,-999.0
110051,OCROS,1996,3,112.9,-999.0,-999.0
110051,OCROS,1996,4,28.5,-999.0,-999.0
110051,OCROS,1996,5,7.5,-999.0,-999.0
110051,OCROS,1996,6,0.0,-999.0,-999.0
110051,OCROS,1996,7,0.0,-999.0,-999.0
110051,OCROS,1996,8,0.0,-999.0,-999.0
110051,OCROS,1996,9,0.0,-999.0,-999.0
110051,OCROS,1996,10,4.6,-999.0,-999.0
110051,OCROS,1996,11,1.2,-999.0,-999.0
110051,OCROS,1996,12,7.7,-999.0,-999.0
110051,OCROS,1997,1,31.4,-999.0,-999.0
110051,OCROS,1997,2,88.3,-999.0,-999.0
110051,OCROS,1997,3,11.4,-999.0,-999.0
110051,OCROS,1997,4,14.3,-999.0,-999.0
110051,OCROS,1997,5,10.3,-999.0,-999.0
110051,OCROS,1997,6,0.0,-999.0,-999.0
110051,OCROS,1997,7,0.0,-999.0,-999.0
110051,OCROS,1997,8,0.0,-999.0,-999.0
110051,OCROS,1997,9,12.7,-999.0,-999.0
110051,OCROS,1997,10,15.7,-999.0,-999.0
110051,OCROS,1997,11,40.5,-999.0,-999.0
110051,OCROS,1997,12,155.1,-999.0,-999.0
110051,OCROS,1998,1,172.0,-999.0,-999.0
110051,OCROS,1998,2,151.9,-999.0,-999.0
110051,OCROS,1998,3,195.9,-999.0,-999.0
110051,OCROS,1998,4,0.0,-999.0,-999.0
110051,OCROS,1998,5,0.0,-999.0,-999.0
110051,OCROS,1998,6,0.0,-999.0,-999.0
110051,OCROS,1998,7,0.0,-999.0,-999.0
110051,OCROS,1998,8,0.0,-999.0,-999.0
110051,OCROS,1998,9,9.1,-999.0,-999.0
110051,OCROS,1998,10,3.1,-999.0,-999.0
110051,OCROS,1998,11,4.2,-999.0,-999.0
110051,OCROS,1998,12,14.6,-999.0,-999.0
110051,OCROS,1999,1,37.7,-999.0,-999.0
110051,OCROS,1999,2,251.0,-999.0,-999.0
110051,OCROS,1999,3,65.2,-999.0,-999.0
110051,OCROS,1999,4,57.9,-999.0,-999.0
110051,OCROS,1999,5,20.5,-999.0,-999.0
110051,OCROS,1999,6,0.8,-999.0,-999.0
110051,OCROS,1999,7,0.0,-999.0,-999.0
110051,OCROS,1999,8,0.0,-999.0,-999.0
110051,OCROS,1999,9,8.6,-999.0,-999.0
110051,OCROS,1999,10,18.8,-999.0,-999.0
110051,OCROS,1999,11,3.9,-999.0,-999.0
110051,OCROS,1999,12,21.9,-999.0,-999.0
110051,OCROS,2000,1,64.2,-999.0,-999.0
110051,OCROS,2000,2,89.1,-999.0,-999.0
110051,OCROS,2000,3,48.5,-999.0,-999.0
110051,OCROS,2000,4,29.8,-999.0,-999.0
110051,OCROS,2000,5,10.8,-999.0,-999.0
110051,OCROS,2000,6,0.0,-999.0,-999.0
110051,OCROS,2000,7,0.0,-999.0,-999.0
110051,OCROS,2000,8,0.0,-999.0,-999.0
110051,OCROS,2000,9,1.6,-999.0,-999.0
110051,OCROS,2000,10,17.6,-999.0,-999.0
110051,OCROS,2000,11,7.3,-999.0,-999.0
110051,OCROS,2000,12,50.0,-999.0,-999.0
110051,OCROS,2001,1,98.0,-999.0,-999.0
110051,OCROS,2001,2,132.0,-999.0,-999.0
110051,OCROS,2001,3,112.1,-999.0,-999.0
110051,OCROS,2001,4,-999.0,-999.0,-999.0
110051,OCROS,2001,5,0.0,-999.0,-999.0
110051,OCROS,2001,6,0.0,-999.0,-999.0
110051,OCROS,2001,7,0.0,-999.0,-999.0
110051,OCROS,2001,8,0.0,-999.0,-999.0
110051,OCROS,2001,9,4.4,-999.0,-999.0
110051,OCROS,2001,10,6.6,-999.0,-999.0
110051,OCROS,2001,11,21.9,-999.0,-999.0
110051,OCROS,2001,12,-999.0,-999.0,-999.0
110051,OCROS,2002,1,18.6,-999.0,-999.0
110051,OCROS,2002,2,64.8,-999.0,-999.0
110051,OCROS,2002,3,69.1,-999.0,-999.0
110051,OCROS,2002,4,36.5,-999.0,-999.0
110051,OCROS,2002,5,0.0,-999.0,-999.0
110051,OCROS,2002,6,0.0,-999.0,-999.0
110051,OCROS,2002,7,0.0,-999.0,-999.0
110051,OCROS,2002,8,0.0,-999.0,-999.0
110051,OCROS,2002,9,9.7,-999.0,-999.0
110051,OCROS,2002,10,20.1,-999.0,-999.0
110051,OCROS,2002,11,23.0,-999.0,-999.0
110051,OCROS,2002,12,20.7,-999.0,-999.0
110051,OCROS,2003,1,48.6,-999.0,-999.0
110051,OCROS,2003,2,39.3,-999.0,-999.0
110051,OCROS,2003,3,81.1,-999.0,-999.0
110051,OCROS,2003,4,14.0,-999.0,-999.0
110051,OCROS,2003,5,0.0,-999.0,-999.0
110051,OCROS,2003,6,0.0,-999.0,-999.0
110051,OCROS,2003,7,0.0,-999.0,-999.0
110051,OCROS,2003,8,0.0,-999.0,-999.0
110051,OCROS,2003,9,0.0,-999.0,-999.0
110051,OCROS,2003,10,4.0,-999.0,-999.0
110051,OCROS,2003,11,3.0,-999.0,-999.0
110051,OCROS,2003,12,56.5,-999.0,-999.0
110051,OCROS,2004,1,24.4,-999.0,-999.0
110051,OCROS,2004,2,121.2,-999.0,-999.0
110051,OCROS,2004,3,42.1,-999.0,-999.0
110051,OCROS,2004,4,8.2,-999.0,-999.0
110051,OCROS,2004,5,2.4,-999.0,-999.0
110051,OCROS,2004,6,0.0,-999.0,-999.0
110051,OCROS,2004,7,0.0,-999.0,-999.0
110051,OCROS,2004,8,0.0,-999.0,-999.0
110051,OCROS,2004,9,2.2,-999.0,-999.0
110051,OCROS,2004,10,9.3,-999.0,-999.0
110051,OCROS,2004,11,7.6,-999.0,-999.0
110051,OCROS,2004,12,36.3,-999.0,-999.0
110051,OCROS,2005,1,28.0,-999.0,-999.0
110051,OCROS,2005,2,12.0,-999.0,-999.0
110051,OCROS,2005,3,30.4,-999.0,-999.0
110051,OCROS,2005,4,26.9,-999.0,-999.0
110051,OCROS,2005,5,0.0,-999.0,-999.0
110051,OCROS,2005,6,0.0,-999.0,-999.0
110051,OCROS,2005,7,0.0,-999.0,-999.0
110051,OCROS,2005,8,0.0,-999.0,-999.0
110051,OCROS,2005,9,0.0,-999.0,-999.0
110051,OCROS,2005,10,0.0,-999.0,-999.0
110051,OCROS,2005,11,4.0,-999.0,-999.0
110051,OCROS,2005,12,33.2,-999.0,-999.0
110051,OCROS,2006,1,59.7,-999.0,-999.0
110051,OCROS,2006,2,50.8,-999.0,-999.0
110051,OCROS,2006,3,102.0,-999.0,-999.0
110051,OCROS,2006,4,37.3,-999.0,-999.0
110051,OCROS,2006,5,0.0,-999.0,-999.0
110051,OCROS,2006,6,0.0,-999.0,-999.0
110051,OCROS,2006,7,0.0,-999.0,-999.0
110051,OCROS,2006,8,0.0,-999.0,-999.0
110051,OCROS,2006,9,0.0,-999.0,-999.0
110051,OCROS,2006,10,8.1,-999.0,-999.0
110051,OCROS,2006,11,7.3,-999.0,-999.0
110051,OCROS,2006,12,37.9,-999.0,-999.0
110051,OCROS,2007,1,48.7,-999.0,-999.0
110051,OCROS,2007,2,31.0,-999.0,-999.0
110051,OCROS,2007,3,114.2,-999.0,-999.0
110051,OCROS,2007,4,32.6,-999.0,-999.0
110051,OCROS,2007,5,4.5,-999.0,-999.0
110051,OCROS,2007,6,0.0,-999.0,-999.0
110051,OCROS,2007,7,0.0,-999.0,-999.0
110051,OCROS,2007,8,0.0,-999.0,-999.0
110051,OCROS,2007,9,0.0,-999.0,-999.0
110051,OCROS,2007,10,6.6,-999.0,-999.0
110051,OCROS,2007,11,3.6,-999.0,-999.0
110051,OCROS,2007,12,4.1,-999.0,-999.0
110051,OCROS,2008,1,51.1,-999.0,-999.0
110051,OCROS,2008,2,72.2,-999.0,-999.0
110051,OCROS,2008,3,137.9,-999.0,-999.0
110051,OCROS,2008,4,19.0,-999.0,-999.0
110051,OCROS,2008,5,0.0,-999.0,-999.0
110051,OCROS,2008,6,1.6,-999.0,-999.0
110051,OCROS,2008,7,0.0,-999.0,-999.0
110051,OCROS,2008,8,0.0,-999.0,-999.0
110051,OCROS,2008,9,0.0,-999.0,-999.0
110051,OCROS,2008,10,2.8,-999.0,-999.0
110051,OCROS,2008,11,33.8,-999.0,-999.0
110051,OCROS,2008,12,10.1,-999.0,-999.0
110051,OCROS,2009,1,113.3,-999.0,-999.0
110051,OCROS,2009,2,173.3,-999.0,-999.0
110051,OCROS,2009,3,118.9,-999.0,-999.0
110051,OCROS,2009,4,46.6,-999.0,-999.0
110051,OCROS,2009,5,3.1,-999.0,-999.0
110051,OCROS,2009,6,0.0,-999.0,-999.0
110051,OCROS,2009,7,0.0,-999.0,-999.0
110051,OCROS,2009,8,0.0,-999.0,-999.0
110051,OCROS,2009,9,0.0,-999.0,-999.0
110051,OCROS,2009,10,13.0,-999.0,-999.0
110051,OCROS,2009,11,7.8,-999.0,-999.0
110051,OCROS,2009,12,24.3,-999.0,-999.0
110051,OCROS,2010,1,35.0,-999.0,-999.0
110051,OCROS,2010,2,31.0,-999.0,-999.0
110051,OCROS,2010,3,39.8,-999.0,-999.0
110051,OCROS,2010,4,0.0,-999.0,-999.0
110051,OCROS,2010,5,0.0,-999.0,-999.0
110051,OCROS,2010,6,0.0,-999.0,-999.0
110051,OCROS,2010,7,0.0,-999.0,-999.0
110051,OCROS,2010,8,0.0,-999.0,-999.0
110051,OCROS,2010,9,0.0,-999.0,-999.0
110051,OCROS,2010,10,0.0,-999.0,-999.0
110051,OCROS,2010,11,0.0,-999.0,-999.0
110051,OCROS,2010,12,65.2,-999.0,-999.0
110051,OCROS,2011,1,62.3,-999.0,-999.0
110051,OCROS,2011,2,40.6,-999.0,-999.0
110051,OCROS,2011,3,37.7,-999.0,-999.0
110051,OCROS,2011,4,33.1,-999.0,-999.0
110051,OCROS,2011,5,0.0,-999.0,-999.0
110051,OCROS,2011,6,0.0,-999.0,-999.0
110051,OCROS,2011,7,0.0,-999.0,-999.0
110051,OCROS,2011,8,0.0,-999.0,-999.0
110051,OCROS,2011,9,0.0,-999.0,-999.0
110051,OCROS,2011,10,0.0,-999.0,-999.0
110051,OCROS,2011,11,16.8,-999.0,-999.0
110051,OCROS,2011,12,45.1,-999.0,-999.0
110051,OCROS,2012,1,22.0,-999.0,-999.0
110051,OCROS,2012,2,113.0,-999.0,-999.0
110051,OCROS,2012,3,123.1,-999.0,-999.0
110051,OCROS,2012,4,53.9,-999.0,-999.0
110051,OCROS,2012,5,0.0,-999.0,-999.0
110051,OCROS,2012,6,0.0,-999.0,-999.0
110051,OCROS,2012,7,0.0,-999.0,-999.0
110051,OCROS,2012,8,0.0,-999.0,-999.0
110051,OCROS,2012,9,5.5,-999.0,-999.0
110051,OCROS,2012,10,30.8,-999.0,-999.0
110051,OCROS,2012,11,14.3,-999.0,-999.0
110051,OCROS,2012,12,28.0,-999.0,-999.0
110051,OCROS,2013,1,13.0,-999.0,-999.0
110051,OCROS,2013,2,141.1,-999.0,-999.0
110051,OCROS,2013,3,144.7,-999.0,-999.0
110051,OCROS,2013,4,3.2,-999.0,-999.0
110051,OCROS,2013,5,2.6,-999.0,-999.0
110051,OCROS,2013,6,0.0,-999.0,-999.0
110051,OCROS,2013,7,0.0,-999.0,-999.0
110051,OCROS,2013,8,0.0,-999.0,-999.0
110051,OCROS,2013,9,0.0,-999.0,-999.0
110051,OCROS,2013,10,20.5,-999.0,-999.0
110051,OCROS,2013,11,3.7,-999.0,-999.0
110051,OCROS,2013,12,10.6,-999.0,-999.0
110051,OCROS,2014,1,29.3,-999.0,-999.0
110051,OCROS,2014,2,39.4,-999.0,-999.0
110051,OCROS,2014,3,76.4,-999.0,-999.0
110051,OCROS,2014,4,15.2,-999.0,-999.0
110051,OCROS,2014,5,0.0,-999.0,-999.0
110051,OCROS,2014,6,0.0,-999.0,-999.0
110051,OCROS,2014,7,0.0,-999.0,-999.0
110051,OCROS,2014,8,0.0,-999.0,-999.0
110051,OCROS,2014,9,1.6,-999.0,-999.0
110051,OCROS,2014,10,0.0,-999.0,-999.0
110051,OCROS,2014,11,27.6,-999.0,-999.0
110051,OCROS,2014,12,46.8,-999.0,-999.0
110051,OCROS,2015,1,72.5,-999.0,-999.0
110051,OCROS,2015,2,74.3,-999.0,-999.0
110051,OCROS,2015,3,172.0,-999.0,-999.0
110051,OCROS,2015,4,37.4,-999.0,-999.0
110051,OCROS,2015,5,0.0,-999.0,-999.0
110051,OCROS,2015,6,0.0,-999.0,-999.0
110051,OCROS,2015,7,0.0,-999.0,-999.0
110051,OCROS,2015,8,0.0,-999.0,-999.0
110051,OCROS,2015,9,3.2,-999.0,-999.0
110051,OCROS,2015,10,3.8,-999.0,-999.0
110051,OCROS,2015,11,7.1,-999.0,-999.0
110051,OCROS,2015,12,49.7,-999.0,-999.0
110051,OCROS,2016,1,14.0,-999.0,-999.0
110051,OCROS,2016,2,55.8,-999.0,-999.0
110051,OCROS,2016,3,50.5,-999.0,-999.0
110051,OCROS,2016,4,20.2,-999.0,-999.0
110051,OCROS,2016,5,0.0,-999.0,-999.0
110051,OCROS,2016,6,0.0,-999.0,-999.0
110051,OCROS,2016,7,0.0,-999.0,-999.0
110051,OCROS,2016,8,0.0,-999.0,-999.0
110051,OCROS,2016,9,7.2,-999.0,-999.0
110051,OCROS,2016,10,0.0,-999.0,-999.0
110051,OCROS,2016,11,0.0,-999.0,-999.0
110051,OCROS,2016,12,40.8,-999.0,-999.0
110051,OCROS,2017,1,127.9,-999.0,-999.0
110051,OCROS,2017,2,164.2,-999.0,-999.0
110051,OCROS,2017,3,259.9,-999.0,-999.0
110051,OCROS,2017,4,18.2,-999.0,-999.0
110051,OCROS,2017,5,0.0,-999.0,-999.0
110051,OCROS,2017,6,0.0,-999.0,-999.0
110051,OCROS,2017,7,0.0,-999.0,-999.0
110051,OCROS,2017,8,0.0,-999.0,-999.0
110051,OCROS,2017,9,0.0,-999.0,-999.0
110051,OCROS,2017,10,13.6,-999.0,-999.0
110051,OCROS,2017,11,7.2,-999.0,-999.0
110051,OCROS,2017,12,0.0,-999.0,-999.0
110051,OCROS,2018,1,82.0,-999.0,-999.0
110051,OCROS,2018,2,41.8,-999.0,-999.0
110051,OCROS,2018,3,64.4,-999.0,-999.0
110051,OCROS,2018,4,47.3,-999.0,-999.0
110051,OCROS,2018,5,0.0,-999.0,-999.0
110051,OCROS,2018,6,0.0,-999.0,-999.0
110051,OCROS,2018,7,0.0,-999.0,-999.0
110051,OCROS,2018,8,0.0,-999.0,-999.0
110051,OCROS,2018,9,0.0,-999.0,-999.0
110051,OCROS,2018,10,12.2,-999.0,-999.0
110051,OCROS,2018,11,0.0,-999.0,-999.0
110051,OCROS,2018,12,8.5,-999.0,-999.0
110051,OCROS,2019,1,66.8,-999.0,-999.0
110051,OCROS,2019,2,125.9,-999.0,-999.0
110051,OCROS,2019,3,46.6,-999.0,-999.0
110051,OCROS,2019,4,0.0,-999.0,-999.0
110051,OCROS,2019,5,0.0,-999.0,-999.0
110051,OCROS,2019,6,0.0,-999.0,-999.0
110051,OCROS,2019,7,0.0,-999.0,-999.0
110051,OCROS,2019,8,0.0,-999.0,-999.0
110051,OCROS,2019,9,19.2,-999.0,-999.0
110051,OCROS,2019,10,16.6,-999.0,-999.0
110051,OCROS,2019,11,0.0,-999.0,-999.0
110051,OCROS,2019,12,17.5,-999.0,-999.0
110051,OCROS,2020,1,37.5,-999.0,-999.0
110051,OCROS,2020,2,44.7,-999.0,-999.0
110051,OCROS,2020,3,59.9,-999.0,-999.0
110051,OCROS,2020,4,-999.0,-999.0,-999.0
110051,OCROS,2020,5,-999.0,-999.0,-999.0
110051,OCROS,2020,6,-999.0,-999.0,-999.0
110051,OCROS,2020,7,-999.0,-999.0,-999.0
110051,OCROS,2020,8,0.0,-999.0,-999.0
110051,OCROS,2020,9,3.2,-999.0,-999.0
110051,OCROS,2020,10,0.0,-999.0,-999.0
110051,OCROS,2020,11,17.7,-999.0,-999.0
110051,OCROS,2020,12,101.3,-999.0,-999.0
110051,OCROS,2021,1,109.0,-999.0,-999.0
110051,OCROS,2021,2,8.8,-999.0,-999.0
110051,OCROS,2021,3,100.5,-999.0,-999.0
110051,OCROS,2021,4,30.5,-999.0,-999.0
110051,OCROS,2021,5,0.0,-999.0,-999.0
110051,OCROS,2021,6,0.0,-999.0,-999.0
110051,OCROS,2021,7,0.0,-999.0,-999.0
110051,OCROS,2021,8,0.0,-999.0,-999.0
110051,OCROS,2021,9,1.0,-999.0,-999.0
110051,OCROS,2021,10,29.4,-999.0,-999.0
110051,OCROS,2021,11,14.2,-999.0,-999.0
110051,OCROS,2021,12,27.9,-999.0,-999.0
110051,OCROS,2022,1,17.7,-999.0,-999.0
110051,OCROS,2022,2,38.0,-999.0,-999.0
110051,OCROS,2022,3,132.9,-999.0,-999.0
110051,OCROS,2022,4,24.5,-999.0,-999.0
110051,OCROS,2022,5,0.0,-999.0,-999.0
110051,OCROS,2022,6,0.0,-999.0,-999.0
110051,OCROS,2022,7,0.0,-999.0,-999.0
110051,OCROS,2022,8,0.0,-999.0,-999.0
110051,OCROS,2022,9,1.2,-999.0,-999.0
110051,OCROS,2022,10,0.0,-999.0,-999.0
110051,OCROS,2022,11,0.0,-999.0,-999.0
110051,OCROS,2022,12,13.9,-999.0,-999.0
110051,OCROS,2023,1,28.8,-999.0,-999.0
110051,OCROS,2023,2,129.8,-999.0,-999.0
110051,OCROS,2023,3,193.4,-999.0,-999.0
110051,OCROS,2023,4,51.5,-999.0,-999.0
110051,OCROS,2023,5,0.0,-999.0,-999.0
110051,OCROS,2023,6,0.0,-999.0,-999.0
110051,OCROS,2023,7,0.0,-999.0,-999.0
110051,OCROS,2023,8,0.0,-999.0,-999.0
110051,OCROS,2023,9,1.0,-999.0,-999.0
110051,OCROS,2023,10,49.6,-999.0,-999.0
110051,OCROS,2023,11,14.2,-999.0,-999.0
110051,OCROS,2023,12,78.0,-999.0,-999.0
110051,OCROS,2024,1,69.0,-999.0,-999.0
110051,OCROS,2024,2,46.9,-999.0,-999.0
110051,OCROS,2024,3,44.9,-999.0,-999.0
110051,OCROS,2024,4,21.7,-999.0,-999.0
110051,OCROS,2024,5,3.0,-999.0,-999.0
110051,OCROS,2024,6,0.0,-999.0,-999.0
110051,OCROS,2024,7,0.0,-999.0,-999.0
110051,OCROS,2024,8,0.0,-999.0,-999.0
110051,OCROS,2024,9,14.5,-999.0,-999.0
110051,OCROS,2024,10,1.5,-999.0,-999.0
110051,OCROS,2024,11,17.5,-999.0,-999.0
110051,OCROS,2024,12,25.1,-999.0,-999.0
110051,OCROS,2025,1,54.6,-999.0,-999.0
110051,OCROS,2025,2,171.9,-999.0,-999.0
110051,OCROS,2025,3,125.3,-999.0,-999.0
110051,OCROS,2025,4,22.3,-999.0,-999.0
110051,OCROS,2025,5,12.6,-999.0,-999.0
110051,OCROS,2025,6,0.0,-999.0,-999.0
110051,OCROS,2025,7,0.0,-999.0,-999.0
110051,OCROS,2025,8,0.0,-999.0,-999.0
110051,OCROS,2025,9,1.2,-999.0,-999.0
110051,OCROS,2025,10,27.0,-999.0,-999.0
110051,OCROS,2025,11,0.0,-999.0,-999.0
110051,OCROS,2025,12,0.0,-999.0,-999.0
