CODIGO,ESTACION,YEAR,MONTH,PP,TMAX,TMIN
110028,OXAPAMPA,1990,1,-999.0,-999.0,-999.0
110028,OXAPAMPA,1990,2,-999.0,-999.0,-999.0
110028,OXAPAMPA,1990,3,-999.0,-999.0,-999.0
110028,OXAPAMPA,1990,4,-999.0,-999.0,-999.0
110028,OXAPAMPA,1990,5,-999.0,-999.0,-999.0
110028,OXAPAMPA,1990,6,-999.0,-999.0,-999.0
110028,OXAPAMPA,1990,7,-999.0,-999.0,-999.0
110028,OXAPAMPA,1990,8,-999.0,-999.0,-999.0
110028,OXAPAMPA,1990,9,-999.0,-999.0,-999.0
110028,OXAPAMPA,1990,10,-999.0,-999.0,-999.0
110028,OXAPAMPA,1990,11,-999.0,-999.0,-999.0
110028,OXAPAMPA,1990,12,-999.0,-999.0,-999.0
110028,OXAPAMPA,1991,1,-999.0,-999.0,-999.0
110028,OXAPAMPA,1991,2,-999.0,-999.0,-999.0
110028,OXAPAMPA,1991,3,-999.0,-999.0,-999.0
110028,OXAPAMPA,1991,4,-999.0,-999.0,-999.0
110028,OXAPAMPA,1991,5,-999.0,-999.0,-999.0
110028,OXAPAMPA,1991,6,-999.0,-999.0,-999.0
110028,OXAPAMPA,1991,7,-999.0,-999.0,-999.0
110028,OXAPAMPA,1991,8,-999.0,-999.0,-999.0
110028,OXAPAMPA,1991,9,-999.0,-999.0,-999.0
110028,OXAPAMPA,1991,10,-999.0,-999.0,-999.0
110028,OXAPAMPA,1991,11,-999.0,-999.0,-999.0
110028,OXAPAMPA,1991,12,-999.0,-999.0,-999.0
110028,OXAPAMPA,1992,1,-999.0,-999.0,-999.0
110028,OXAPAMPA,1992,2,-999.0,-999.0,-999.0
110028,OXAPAMPA,1992,3,-999.0,-999.0,-999.0
110028,OXAPAMPA,1992,4,-999.0,-999.0,-999.0
110028,OXAPAMPA,1992,5,-999.0,-999.0,-999.0
110028,OXAPAMPA,1992,6,-999.0,-999.0,-999.0
110028,OXAPAMPA,1992,7,-999.0,-999.0,-999.0
110028,OXAPAMPA,1992,8,-999.0,-999.0,-999.0
110028,OXAPAMPA,1992,9,-999.0,-999.0,-999.0
110028,OXAPAMPA,1992,10,-999.0,-999.0,-999.0
110028,OXAPAMPA,1992,11,-999.0,-999.0,-999.0
110028,OXAPAMPA,1992,12,-999.0,-999.0,-999.0
110028,OXAPAMPA,1993,1,-999.0,-999.0,-999.0
110028,OXAPAMPA,1993,2,-999.0,-999.0,-999.0
110028,OXAPAMPA,1993,3,-999.0,-999.0,-999.0
110028,OXAPAMPA,1993,4,-999.0,-999.0,-999.0
110028,OXAPAMPA,1993,5,-999.0,-999.0,-999.0
110028,OXAPAMPA,1993,6,-999.0,-999.0,-999.0
110028,OXAPAMPA,1993,7,-999.0,-999.0,-999.0
110028,OXAPAMPA,1993,8,-999.0,-999.0,-999.0
110028,OXAPAMPA,1993,9,-999.0,-999.0,-999.0
110028,OXAPAMPA,1993,10,-999.0,-999.0,-999.0
110028,OXAPAMPA,1993,11,-999.0,-999.0,-999.0
110028,OXAPAMPA,1993,12,-999.0,-999.0,-999.0
110028,OXAPAMPA,1994,1,-999.0,-999.0,-999.0
110028,OXAPAMPA,1994,2,-999.0,-999.0,-999.0
110028,OXAPAMPA,1994,3,-999.0,-999.0,-999.0
110028,OXAPAMPA,1994,4,-999.0,-999.0,-999.0
110028,OXAPAMPA,1994,5,-999.0,-999.0,-999.0
110028,OXAPAMPA,1994,6,-999.0,-999.0,-999.0
110028,OXAPAMPA,1994,7,-999.0,-999.0,-999.0
110028,OXAPAMPA,1994,8,-999.0,-999.0,-999.0
110028,OXAPAMPA,1994,9,-999.0,-999.0,-999.0
110028,OXAPAMPA,1994,10,-999.0,-999.0,-999.0
110028,OXAPAMPA,1994,11,-999.0,-999.0,-999.0
110028,OXAPAMPA,1994,12,-999.0,-999.0,-999.0
110028,OXAPAMPA,1995,1,-999.0,-999.0,-999.0
110028,OXAPAMPA,1995,2,-999.0,-999.0,-999.0
110028,OXAPAMPA,1995,3,-999.0,-999.0,-999.0
110028,OXAPAMPA,1995,4,-999.0,-999.0,-999.0
110028,OXAPAMPA,1995,5,0.0,17.6,14.04
110028,OXAPAMPA,1995,6,-999.0,-999.0,11.86
110028,OXAPAMPA,1995,7,42.0,-999.0,11.18
110028,OXAPAMPA,1995,8,18.5,-999.0,11.65
110028,OXAPAMPA,1995,9,55.6,23.88,10.47
110028,OXAPAMPA,1995,10,106.3,23.71,12.5
110028,OXAPAMPA,1995,11,92.5,23.87,13.59
110028,OXAPAMPA,1995,12,123.1,24.04,13.26
110028,OXAPAMPA,1996,1,333.7,21.87,14.25
110028,OXAPAMPA,1996,2,160.7,23.23,13.65
110028,OXAPAMPA,1996,3,152.0,23.06,13.79
110028,OXAPAMPA,1996,4,138.0,22.53,12.79
110028,OXAPAMPA,1996,5,69.5,22.77,12.41
110028,OXAPAMPA,1996,6,24.2,21.83,12.02
110028,OXAPAMPA,1996,7,40.0,21.49,9.81
110028,OXAPAMPA,1996,8,71.2,23.21,11.51
110028,OXAPAMPA,1996,9,30.0,24.08,10.74
110028,OXAPAMPA,1996,10,165.5,23.91,13.12
110028,OXAPAMPA,1996,11,120.9,23.76,12.57
110028,OXAPAMPA,1996,12,175.0,22.99,13.93
110028,OXAPAMPA,1997,1,182.9,22.44,13.78
110028,OXAPAMPA,1997,2,266.3,22.4,13.97
110028,OXAPAMPA,1997,3,143.3,23.67,13.91
110028,OXAPAMPA,1997,4,71.5,23.29,12.61
110028,OXAPAMPA,1997,5,108.5,22.46,13.22
110028,OXAPAMPA,1997,6,30.3,22.67,12.41
110028,OXAPAMPA,1997,7,38.6,23.87,9.72
110028,OXAPAMPA,1997,8,147.5,22.17,10.95
110028,OXAPAMPA,1997,9,134.1,23.97,12.18
110028,OXAPAMPA,1997,10,221.5,24.25,13.96
110028,OXAPAMPA,1997,11,182.5,24.31,14.26
110028,OXAPAMPA,1997,12,443.8,23.95,15.34
110028,OXAPAMPA,1998,1,214.9,24.48,15.27
110028,OXAPAMPA,1998,2,343.5,24.19,16.01
110028,OXAPAMPA,1998,3,335.0,23.71,15.61
110028,OXAPAMPA,1998,4,71.5,24.66,15.03
110028,OXAPAMPA,1998,5,79.0,23.78,12.83
110028,OXAPAMPA,1998,6,46.0,22.93,11.84
110028,OXAPAMPA,1998,7,8.0,23.32,10.06
110028,OXAPAMPA,1998,8,50.5,24.14,11.79
110028,OXAPAMPA,1998,9,41.5,23.96,10.88
110028,OXAPAMPA,1998,10,103.5,24.08,13.8
110028,OXAPAMPA,1998,11,142.7,23.58,14.48
110028,OXAPAMPA,1998,12,183.0,22.85,13.66
110028,OXAPAMPA,1999,1,282.5,21.99,13.97
110028,OXAPAMPA,1999,2,286.7,22.2,13.59
110028,OXAPAMPA,1999,3,226.5,22.43,13.84
110028,OXAPAMPA,1999,4,126.5,22.78,12.71
110028,OXAPAMPA,1999,5,62.9,22.39,12.12
110028,OXAPAMPA,1999,6,26.5,22.83,11.84
110028,OXAPAMPA,1999,7,44.7,22.19,10.99
110028,OXAPAMPA,1999,8,52.0,23.06,7.94
110028,OXAPAMPA,1999,9,-999.0,-999.0,-999.0
110028,OXAPAMPA,1999,10,64.2,24.04,10.77
110028,OXAPAMPA,1999,11,100.3,23.85,12.35
110028,OXAPAMPA,1999,12,218.3,22.25,13.09
110028,OXAPAMPA,2000,1,272.6,21.77,13.64
110028,OXAPAMPA,2000,2,270.9,21.61,13.81
110028,OXAPAMPA,2000,3,280.0,21.83,13.38
110028,OXAPAMPA,2000,4,170.5,21.95,12.6
110028,OXAPAMPA,2000,5,14.5,22.41,12.38
110028,OXAPAMPA,2000,6,79.5,21.88,12.53
110028,OXAPAMPA,2000,7,43.5,21.28,11.47
110028,OXAPAMPA,2000,8,57.0,22.66,11.56
110028,OXAPAMPA,2000,9,87.5,22.97,12.02
110028,OXAPAMPA,2000,10,102.0,22.94,11.7
110028,OXAPAMPA,2000,11,66.0,23.6,13.13
110028,OXAPAMPA,2000,12,195.5,22.95,12.75
110028,OXAPAMPA,2001,1,355.0,21.28,13.46
110028,OXAPAMPA,2001,2,259.5,21.47,13.51
110028,OXAPAMPA,2001,3,221.5,21.86,13.34
110028,OXAPAMPA,2001,4,115.5,22.97,12.71
110028,OXAPAMPA,2001,5,30.5,22.91,13.82
110028,OXAPAMPA,2001,6,18.0,21.82,11.62
110028,OXAPAMPA,2001,7,56.5,22.25,12.67
110028,OXAPAMPA,2001,8,36.0,23.05,10.57
110028,OXAPAMPA,2001,9,108.0,23.09,12.09
110028,OXAPAMPA,2001,10,183.0,24.03,13.78
110028,OXAPAMPA,2001,11,127.5,23.66,14.18
110028,OXAPAMPA,2001,12,121.5,24.18,13.91
110028,OXAPAMPA,2002,1,220.5,23.51,14.22
110028,OXAPAMPA,2002,2,278.5,22.29,14.79
110028,OXAPAMPA,2002,3,228.0,22.45,14.73
110028,OXAPAMPA,2002,4,106.5,22.09,13.8
110028,OXAPAMPA,2002,5,75.5,22.57,12.85
110028,OXAPAMPA,2002,6,38.5,21.62,11.65
110028,OXAPAMPA,2002,7,121.5,21.27,12.22
110028,OXAPAMPA,2002,8,68.0,22.91,10.95
110028,OXAPAMPA,2002,9,96.0,22.41,11.79
110028,OXAPAMPA,2002,10,148.0,22.94,12.49
110028,OXAPAMPA,2002,11,224.5,22.31,13.17
110028,OXAPAMPA,2002,12,273.0,22.35,14.37
110028,OXAPAMPA,2003,1,239.5,22.84,14.73
110028,OXAPAMPA,2003,2,215.0,22.83,14.36
110028,OXAPAMPA,2003,3,350.0,22.84,13.72
110028,OXAPAMPA,2003,4,132.0,23.31,13.52
110028,OXAPAMPA,2003,5,77.5,22.79,12.26
110028,OXAPAMPA,2003,6,27.0,22.85,11.32
110028,OXAPAMPA,2003,7,13.0,22.05,10.11
110028,OXAPAMPA,2003,8,93.5,21.43,10.9
110028,OXAPAMPA,2003,9,56.0,22.95,11.05
110028,OXAPAMPA,2003,10,45.5,24.22,11.99
110028,OXAPAMPA,2003,11,70.5,24.24,13.15
110028,OXAPAMPA,2003,12,277.5,21.87,14.69
110028,OXAPAMPA,2004,1,167.0,22.61,14.48
110028,OXAPAMPA,2004,2,224.5,20.85,13.73
110028,OXAPAMPA,2004,3,228.0,23.01,13.32
110028,OXAPAMPA,2004,4,72.5,23.84,13.19
110028,OXAPAMPA,2004,5,92.5,22.57,13.27
110028,OXAPAMPA,2004,6,69.5,21.77,12.03
110028,OXAPAMPA,2004,7,79.5,21.79,12.51
110028,OXAPAMPA,2004,8,100.5,21.75,11.33
110028,OXAPAMPA,2004,9,60.0,22.4,11.28
110028,OXAPAMPA,2004,10,154.0,21.98,14.09
110028,OXAPAMPA,2004,11,149.5,23.19,14.48
110028,OXAPAMPA,2004,12,224.0,23.51,14.05
110028,OXAPAMPA,2005,1,135.5,24.05,14.56
110028,OXAPAMPA,2005,2,129.0,23.36,14.45
110028,OXAPAMPA,2005,3,201.5,23.12,-999.0
110028,OXAPAMPA,2005,4,62.5,23.72,13.11
110028,OXAPAMPA,2005,5,15.0,24.05,12.15
110028,OXAPAMPA,2005,6,12.0,23.72,10.55
110028,OXAPAMPA,2005,7,49.5,23.13,9.02
110028,OXAPAMPA,2005,8,32.0,24.14,9.9
110028,OXAPAMPA,2005,9,75.0,23.99,10.84
110028,OXAPAMPA,2005,10,184.5,23.56,11.45
110028,OXAPAMPA,2005,11,59.0,24.26,11.93
110028,OXAPAMPA,2005,12,-999.0,-999.0,-999.0
110028,OXAPAMPA,2006,1,295.5,23.38,12.58
110028,OXAPAMPA,2006,2,242.0,23.13,12.66
110028,OXAPAMPA,2006,3,253.5,23.31,12.21
110028,OXAPAMPA,2006,4,97.5,23.18,12.0
110028,OXAPAMPA,2006,5,24.0,22.14,11.46
110028,OXAPAMPA,2006,6,56.5,22.78,13.01
110028,OXAPAMPA,2006,7,22.6,22.91,9.83
110028,OXAPAMPA,2006,8,62.0,23.76,11.55
110028,OXAPAMPA,2006,9,31.5,24.28,11.37
110028,OXAPAMPA,2006,10,169.0,24.29,13.75
110028,OXAPAMPA,2006,11,194.0,23.12,13.35
110028,OXAPAMPA,2006,12,307.0,23.06,14.52
110028,OXAPAMPA,2007,1,403.4,23.61,14.77
110028,OXAPAMPA,2007,2,184.0,23.17,14.47
110028,OXAPAMPA,2007,3,305.5,23.11,13.42
110028,OXAPAMPA,2007,4,104.5,23.52,13.09
110028,OXAPAMPA,2007,5,-999.0,22.89,12.93
110028,OXAPAMPA,2007,6,16.0,23.1,10.18
110028,OXAPAMPA,2007,7,38.0,22.33,11.05
110028,OXAPAMPA,2007,8,56.0,23.12,10.12
110028,OXAPAMPA,2007,9,60.0,24.0,9.75
110028,OXAPAMPA,2007,10,129.5,23.76,11.68
110028,OXAPAMPA,2007,11,129.5,23.48,12.74
110028,OXAPAMPA,2007,12,209.5,22.99,13.08
110028,OXAPAMPA,2008,1,259.0,22.18,13.44
110028,OXAPAMPA,2008,2,280.0,22.55,12.43
110028,OXAPAMPA,2008,3,164.0,22.63,12.19
110028,OXAPAMPA,2008,4,124.0,23.37,13.08
110028,OXAPAMPA,2008,5,36.0,22.4,11.71
110028,OXAPAMPA,2008,6,48.5,22.16,11.3
110028,OXAPAMPA,2008,7,30.5,22.93,9.52
110028,OXAPAMPA,2008,8,40.5,23.96,11.27
110028,OXAPAMPA,2008,9,55.5,23.76,10.4
110028,OXAPAMPA,2008,10,140.5,23.71,11.71
110028,OXAPAMPA,2008,11,92.0,24.44,12.41
110028,OXAPAMPA,2008,12,137.0,23.11,12.81
110028,OXAPAMPA,2009,1,262.5,22.66,11.72
110028,OXAPAMPA,2009,2,283.0,22.91,12.75
110028,OXAPAMPA,2009,3,216.5,23.13,11.99
110028,OXAPAMPA,2009,4,212.5,23.09,11.73
110028,OXAPAMPA,2009,5,43.5,23.6,11.01
110028,OXAPAMPA,2009,6,34.5,22.46,10.46
110028,OXAPAMPA,2009,7,38.5,22.97,11.38
110028,OXAPAMPA,2009,8,26.0,24.48,11.73
110028,OXAPAMPA,2009,9,47.0,24.93,10.61
110028,OXAPAMPA,2009,10,122.0,25.11,11.55
110028,OXAPAMPA,2009,11,280.5,24.42,13.29
110028,OXAPAMPA,2009,12,255.0,23.19,12.75
110028,OXAPAMPA,2010,1,178.5,23.1,13.07
110028,OXAPAMPA,2010,2,262.0,23.54,13.44
110028,OXAPAMPA,2010,3,210.0,24.07,13.21
110028,OXAPAMPA,2010,4,94.0,23.45,12.73
110028,OXAPAMPA,2010,5,30.5,23.67,11.83
110028,OXAPAMPA,2010,6,21.0,23.29,10.14
110028,OXAPAMPA,2010,7,21.0,22.98,10.09
110028,OXAPAMPA,2010,8,1.5,24.87,10.52
110028,OXAPAMPA,2010,9,45.5,25.56,10.93
110028,OXAPAMPA,2010,10,109.0,25.21,12.26
110028,OXAPAMPA,2010,11,156.5,23.62,12.54
110028,OXAPAMPA,2010,12,314.5,23.27,13.65
110028,OXAPAMPA,2011,1,258.0,21.93,13.35
110028,OXAPAMPA,2011,2,323.0,22.32,13.42
110028,OXAPAMPA,2011,3,291.0,22.32,13.04
110028,OXAPAMPA,2011,4,173.5,23.4,12.3
110028,OXAPAMPA,2011,5,84.0,23.09,10.95
110028,OXAPAMPA,2011,6,35.0,22.73,11.01
110028,OXAPAMPA,2011,7,91.0,22.87,11.08
110028,OXAPAMPA,2011,8,18.0,24.16,10.12
110028,OXAPAMPA,2011,9,62.1,23.98,10.05
110028,OXAPAMPA,2011,10,121.5,23.93,12.06
110028,OXAPAMPA,2011,11,126.0,24.31,12.0
110028,OXAPAMPA,2011,12,275.0,22.95,11.97
110028,OXAPAMPA,2012,1,155.5,23.52,12.75
110028,OXAPAMPA,2012,2,380.5,21.69,13.03
110028,OXAPAMPA,2012,3,244.5,22.9,12.15
110028,OXAPAMPA,2012,4,195.5,22.95,12.43
110028,OXAPAMPA,2012,5,49.5,23.36,11.37
110028,OXAPAMPA,2012,6,40.0,-999.0,-999.0
110028,OXAPAMPA,2012,7,7.5,23.43,8.29
110028,OXAPAMPA,2012,8,37.5,24.23,8.29
110028,OXAPAMPA,2012,9,68.0,24.26,8.68
110028,OXAPAMPA,2012,10,117.5,24.31,11.85
110028,OXAPAMPA,2012,11,247.0,23.49,12.29
110028,OXAPAMPA,2012,12,392.0,22.65,13.06
110028,OXAPAMPA,2013,1,275.0,23.66,12.49
110028,OXAPAMPA,2013,2,361.5,23.04,12.62
110028,OXAPAMPA,2013,3,322.5,23.15,13.15
110028,OXAPAMPA,2013,4,72.5,23.81,11.54
110028,OXAPAMPA,2013,5,76.5,22.93,11.6
110028,OXAPAMPA,2013,6,75.5,22.32,11.7
110028,OXAPAMPA,2013,7,44.5,22.84,10.76
110028,OXAPAMPA,2013,8,44.5,23.4,11.62
110028,OXAPAMPA,2013,9,58.5,25.04,11.92
110028,OXAPAMPA,2013,10,164.0,23.95,14.55
110028,OXAPAMPA,2013,11,160.5,23.64,14.2
110028,OXAPAMPA,2013,12,239.8,23.88,15.19
110028,OXAPAMPA,2014,1,265.5,23.2,15.0
110028,OXAPAMPA,2014,2,203.5,23.39,15.35
110028,OXAPAMPA,2014,3,270.5,23.46,14.85
110028,OXAPAMPA,2014,4,117.3,24.11,14.29
110028,OXAPAMPA,2014,5,99.8,24.04,14.48
110028,OXAPAMPA,2014,6,21.6,24.06,13.43
110028,OXAPAMPA,2014,7,38.6,23.45,12.2
110028,OXAPAMPA,2014,8,34.1,24.25,10.85
110028,OXAPAMPA,2014,9,105.0,24.44,12.66
110028,OXAPAMPA,2014,10,182.4,24.12,12.58
110028,OXAPAMPA,2014,11,127.2,24.53,14.14
110028,OXAPAMPA,2014,12,232.8,23.78,15.45
110028,OXAPAMPA,2015,1,320.9,23.28,15.14
110028,OXAPAMPA,2015,2,217.6,23.51,14.98
110028,OXAPAMPA,2015,3,256.2,23.95,14.81
110028,OXAPAMPA,2015,4,162.5,23.32,14.36
110028,OXAPAMPA,2015,5,136.7,23.14,14.6
110028,OXAPAMPA,2015,6,25.4,24.14,13.49
110028,OXAPAMPA,2015,7,43.1,23.86,12.82
110028,OXAPAMPA,2015,8,23.1,25.15,13.03
110028,OXAPAMPA,2015,9,59.3,24.81,12.8
110028,OXAPAMPA,2015,10,94.2,25.04,13.76
110028,OXAPAMPA,2015,11,158.2,24.8,14.42
110028,OXAPAMPA,2015,12,201.9,23.99,14.32
110028,OXAPAMPA,2016,1,192.4,25.35,15.67
110028,OXAPAMPA,2016,2,367.8,24.15,15.41
110028,OXAPAMPA,2016,3,191.1,24.5,15.21
110028,OXAPAMPA,2016,4,83.3,24.77,14.2
110028,OXAPAMPA,2016,5,34.1,24.73,12.9
110028,OXAPAMPA,2016,6,37.1,23.62,11.98
110028,OXAPAMPA,2016,7,23.9,24.28,10.28
110028,OXAPAMPA,2016,8,58.5,24.33,12.06
110028,OXAPAMPA,2016,9,30.9,-999.0,-999.0
110028,OXAPAMPA,2016,10,101.6,24.14,12.88
110028,OXAPAMPA,2016,11,120.2,24.87,14.0
110028,OXAPAMPA,2016,12,284.2,23.75,14.23
110028,OXAPAMPA,2017,1,306.8,22.65,14.18
110028,OXAPAMPA,2017,2,251.9,23.09,14.44
110028,OXAPAMPA,2017,3,267.4,23.1,14.31
110028,OXAPAMPA,2017,4,121.2,24.19,14.26
110028,OXAPAMPA,2017,5,105.7,24.24,14.12
110028,OXAPAMPA,2017,6,24.4,23.87,13.48
110028,OXAPAMPA,2017,7,16.8,23.13,11.92
110028,OXAPAMPA,2017,8,30.1,24.57,12.4
110028,OXAPAMPA,2017,9,137.6,24.1,12.61
110028,OXAPAMPA,2017,10,112.1,24.56,13.1
110028,OXAPAMPA,2017,11,128.3,24.65,14.01
110028,OXAPAMPA,2017,12,265.1,23.58,13.77
110028,OXAPAMPA,2018,1,347.7,23.47,13.54
110028,OXAPAMPA,2018,2,227.6,23.66,14.09
110028,OXAPAMPA,2018,3,212.7,23.7,14.21
110028,OXAPAMPA,2018,4,178.3,23.35,13.0
110028,OXAPAMPA,2018,5,32.8,24.0,12.74
110028,OXAPAMPA,2018,6,78.4,23.0,11.92
110028,OXAPAMPA,2018,7,60.7,23.17,10.95
110028,OXAPAMPA,2018,8,75.1,23.25,11.48
110028,OXAPAMPA,2018,9,-999.0,-999.0,-999.0
110028,OXAPAMPA,2018,10,-999.0,-999.0,-999.0
110028,OXAPAMPA,2018,11,-999.0,-999.0,-999.0
110028,OXAPAMPA,2018,12,-999.0,-999.0,-999.0
110028,OXAPAMPA,2019,1,-999.0,-999.0,-999.0
110028,OXAPAMPA,2019,2,313.6,22.55,14.81
110028,OXAPAMPA,2019,3,261.0,23.92,14.56
110028,OXAPAMPA,2019,4,82.8,23.85,14.25
110028,OXAPAMPA,2019,5,83.1,24.35,14.13
110028,OXAPAMPA,2019,6,41.5,24.42,12.12
110028,OXAPAMPA,2019,7,38.4,23.47,12.29
110028,OXAPAMPA,2019,8,16.1,23.73,9.98
110028,OXAPAMPA,2019,9,87.0,23.43,11.83
110028,OXAPAMPA,2019,10,148.2,24.4,13.74
110028,OXAPAMPA,2019,11,148.2,24.86,13.54
110028,OXAPAMPA,2019,12,291.3,23.32,14.82
110028,OXAPAMPA,2020,1,239.0,23.93,14.89
110028,OXAPAMPA,2020,2,380.7,23.47,15.36
110028,OXAPAMPA,2020,3,-999.0,-999.0,-999.0
110028,OXAPAMPA,2020,4,-999.0,-999.0,-999.0
110028,OXAPAMPA,2020,5,-999.0,-999.0,-999.0
110028,OXAPAMPA,2020,6,-999.0,-999.0,-999.0
110028,OXAPAMPA,2020,7,30.8,24.06,12.52
110028,OXAPAMPA,2020,8,12.3,24.63,11.08
110028,OXAPAMPA,2020,9,82.5,23.57,11.23
110028,OXAPAMPA,2020,10,63.2,24.9,11.89
110028,OXAPAMPA,2020,11,44.8,25.1,12.93
110028,OXAPAMPA,2020,12,250.6,23.11,14.25
110028,OXAPAMPA,2021,1,309.5,23.06,13.86
110028,OXAPAMPA,2021,2,184.7,23.7,14.51
110028,OXAPAMPA,2021,3,195.3,23.33,12.83
110028,OXAPAMPA,2021,4,-999.0,-999.0,-999.0
110028,OXAPAMPA,2021,5,-999.0,-999.0,-999.0
110028,OXAPAMPA,2021,6,66.0,23.37,13.38
110028,OXAPAMPA,2021,7,31.5,23.26,11.33
110028,OXAPAMPA,2021,8,37.5,24.31,11.34
110028,OXAPAMPA,2021,9,78.0,24.43,11.61
110028,OXAPAMPA,2021,10,113.5,25.07,13.15
110028,OXAPAMPA,2021,11,226.0,23.35,13.5
110028,OXAPAMPA,2021,12,114.3,24.26,14.25
110028,OXAPAMPA,2022,1,223.0,24.09,13.87
110028,OXAPAMPA,2022,2,287.3,22.82,14.03
110028,OXAPAMPA,2022,3,215.0,22.49,14.02
110028,OXAPAMPA,2022,4,127.5,24.0,13.39
110028,OXAPAMPA,2022,5,79.5,23.07,13.61
110028,OXAPAMPA,2022,6,72.5,22.94,11.75
110028,OXAPAMPA,2022,7,17.5,24.05,12.29
110028,OXAPAMPA,2022,8,79.0,23.89,12.08
110028,OXAPAMPA,2022,9,154.0,24.77,12.43
110028,OXAPAMPA,2022,10,72.5,24.66,13.61
110028,OXAPAMPA,2022,11,66.2,24.41,13.02
110028,OXAPAMPA,2022,12,191.8,23.27,13.39
110028,OXAPAMPA,2023,1,189.0,23.2,13.26
110028,OXAPAMPA,2023,2,332.0,23.32,14.06
110028,OXAPAMPA,2023,3,191.0,23.59,13.67
110028,OXAPAMPA,2023,4,48.6,24.27,13.49
110028,OXAPAMPA,2023,5,152.0,24.21,13.59
110028,OXAPAMPA,2023,6,11.0,23.98,12.18
110028,OXAPAMPA,2023,7,10.0,24.8,11.78
110028,OXAPAMPA,2023,8,26.5,25.55,11.85
110028,OXAPAMPA,2023,9,62.5,25.4,12.44
110028,OXAPAMPA,2023,10,175.5,24.72,13.9
110028,OXAPAMPA,2023,11,233.0,24.33,14.62
110028,OXAPAMPA,2023,12,294.5,23.75,14.46
110028,OXAPAMPA,2024,1,298.5,24.45,14.81
110028,OXAPAMPA,2024,2,213.3,24.32,14.69
110028,OXAPAMPA,2024,3,226.3,24.68,14.56
110028,OXAPAMPA,2024,4,133.7,25.7,14.93
110028,OXAPAMPA,2024,5,53.8,25.61,14.75
110028,OXAPAMPA,2024,6,52.8,23.92,13.01
110028,OXAPAMPA,2024,7,15.5,24.2,11.49
110028,OXAPAMPA,2024,8,39.0,25.01,11.87
110028,OXAPAMPA,2024,9,34.5,26.04,10.9
110028,OXAPAMPA,2024,10,73.5,25.82,12.71
110028,OXAPAMPA,2024,11,190.5,24.19,14.35
110028,OXAPAMPA,2024,12,180.2,23.41,14.62
110028,OXAPAMPA,2025,1,178.0,23.52,14.32
110028,OXAPAMPA,2025,2,224.5,23.63,14.1
110028,OXAPAMPA,2025,3,288.5,23.22,14.05
110028,OXAPAMPA,2025,4,224.5,23.93,14.07
110028,OXAPAMPA,2025,5,36.0,24.39,13.44
110028,OXAPAMPA,2025,6,167.0,24.0,12.71
110028,OXAPAMPA,2025,7,61.3,23.26,11.12
110028,OXAPAMPA,2025,8,50.0,23.91,13.09
110028,OXAPAMPA,2025,9,124.7,23.8,12.61
110028,OXAPAMPA,2025,10,221.0,23.95,14.26
110028,OXAPAMPA,2025,11,-999.0,-999.0,-999.0
110028,OXAPAMPA,2025,12,123.0,24.15,14.79
