CODIGO,ESTACION,YEAR,MONTH,PP,TMAX,TMIN
110129,IÑAPARI,1990,1,-999.0,-999.0,-999.0
110129,IÑAPARI,1990,2,-999.0,-999.0,-999.0
110129,IÑAPARI,1990,3,-999.0,-999.0,-999.0
110129,IÑAPARI,1990,4,-999.0,-999.0,-999.0
110129,IÑAPARI,1990,5,-999.0,-999.0,-999.0
110129,IÑAPARI,1990,6,-999.0,-999.0,-999.0
110129,IÑAPARI,1990,7,-999.0,-999.0,-999.0
110129,IÑAPARI,1990,8,-999.0,-999.0,-999.0
110129,IÑAPARI,1990,9,-999.0,-999.0,-999.0
110129,IÑAPARI,1990,10,-999.0,-999.0,-999.0
110129,IÑAPARI,1990,11,-999.0,-999.0,-999.0
110129,IÑAPARI,1990,12,-999.0,-999.0,-999.0
110129,IÑAPARI,1991,1,-999.0,-999.0,-999.0
110129,IÑAPARI,1991,2,-999.0,-999.0,-999.0
110129,IÑAPARI,1991,3,-999.0,-999.0,-999.0
110129,IÑAPARI,1991,4,-999.0,-999.0,-999.0
110129,IÑAPARI,1991,5,-999.0,-999.0,-999.0
110129,IÑAPARI,1991,6,-999.0,-999.0,-999.0
110129,IÑAPARI,1991,7,-999.0,-999.0,-999.0
110129,IÑAPARI,1991,8,-999.0,-999.0,-999.0
110129,IÑAPARI,1991,9,-999.0,-999.0,-999.0
110129,IÑAPARI,1991,10,-999.0,-999.0,-999.0
110129,IÑAPARI,1991,11,-999.0,-999.0,-999.0
110129,IÑAPARI,1991,12,-999.0,-999.0,-999.0
110129,IÑAPARI,1992,1,-999.0,-999.0,-999.0
110129,IÑAPARI,1992,2,-999.0,-999.0,-999.0
110129,IÑAPARI,1992,3,-999.0,-999.0,-999.0
110129,IÑAPARI,1992,4,-999.0,-999.0,-999.0
110129,IÑAPARI,1992,5,-999.0,-999.0,-999.0
110129,IÑAPARI,1992,6,-999.0,-999.0,-999.0
110129,IÑAPARI,1992,7,-999.0,-999.0,-999.0
110129,IÑAPARI,1992,8,-999.0,-999.0,-999.0
110129,IÑAPARI,1992,9,-999.0,-999.0,-999.0
110129,IÑAPARI,1992,10,-999.0,-999.0,-999.0
110129,IÑAPARI,1992,11,-999.0,-999.0,-999.0
110129,IÑAPARI,1992,12,-999.0,-999.0,-999.0
110129,IÑAPARI,1993,1,-999.0,-999.0,-999.0
110129,IÑAPARI,1993,2,-999.0,-999.0,-999.0
110129,IÑAPARI,1993,3,-999.0,-999.0,-999.0
110129,IÑAPARI,1993,4,-999.0,-999.0,-999.0
110129,IÑAPARI,1993,5,-999.0,-999.0,-999.0
110129,IÑAPARI,1993,6,-999.0,-999.0,-999.0
110129,IÑAPARI,1993,7,-999.0,-999.0,-999.0
110129,IÑAPARI,1993,8,-999.0,-999.0,-999.0
110129,IÑAPARI,1993,9,-999.0,-999.0,-999.0
110129,IÑAPARI,1993,10,-999.0,-999.0,-999.0
110129,IÑAPARI,1993,11,-999.0,-999.0,-999.0
110129,IÑAPARI,1993,12,-999.0,-999.0,-999.0
110129,IÑAPARI,1994,1,-999.0,-999.0,-999.0
110129,IÑAPARI,1994,2,-999.0,-999.0,-999.0
110129,IÑAPARI,1994,3,-999.0,-999.0,-999.0
110129,IÑAPARI,1994,4,-999.0,-999.0,-999.0
110129,IÑAPARI,1994,5,-999.0,-999.0,-999.0
110129,IÑAPARI,1994,6,-999.0,-999.0,-999.0
110129,IÑAPARI,1994,7,-999.0,-999.0,-999.0
110129,IÑAPARI,1994,8,-999.0,-999.0,-999.0
110129,IÑAPARI,1994,9,-999.0,-999.0,-999.0
110129,IÑAPARI,1994,10,-999.0,-999.0,-999.0
110129,IÑAPARI,1994,11,-999.0,-999.0,-999.0
110129,IÑAPARI,1994,12,-999.0,-999.0,-999.0
110129,IÑAPARI,1995,1,-999.0,-999.0,-999.0
110129,IÑAPARI,1995,2,-999.0,-999.0,-999.0
110129,IÑAPARI,1995,3,-999.0,-999.0,-999.0
110129,IÑAPARI,1995,4,-999.0,-999.0,-999.0
110129,IÑAPARI,1995,5,-999.0,-999.0,-999.0
110129,IÑAPARI,1995,6,-999.0,-999.0,-999.0
110129,IÑAPARI,1995,7,-999.0,-999.0,-999.0
110129,IÑAPARI,1995,8,-999.0,-999.0,-999.0
110129,IÑAPARI,1995,9,-999.0,-999.0,-999.0
110129,IÑAPARI,1995,10,-999.0,-999.0,-999.0
110129,IÑAPARI,1995,11,-999.0,-999.0,-999.0
110129,IÑAPARI,1995,12,-999.0,-999.0,-999.0
110129,IÑAPARI,1996,1,169.0,-999.0,-999.0
110129,IÑAPARI,1996,2,182.0,-999.0,-999.0
110129,IÑAPARI,1996,3,305.0,-999.0,-999.0
110129,IÑAPARI,1996,4,197.0,-999.0,-999.0
110129,IÑAPARI,1996,5,106.0,-999.0,-999.0
110129,IÑAPARI,1996,6,9.0,-999.0,-999.0
110129,IÑAPARI,1996,7,-999.0,-999.0,-999.0
110129,IÑAPARI,1996,8,37.0,-999.0,-999.0
110129,IÑAPARI,1996,9,53.0,-999.0,-999.0
110129,IÑAPARI,1996,10,171.0,-999.0,-999.0
110129,IÑAPARI,1996,11,-999.0,-999.0,-999.0
110129,IÑAPARI,1996,12,-999.0,-999.0,-999.0
110129,IÑAPARI,1997,1,-999.0,-999.0,-999.0
110129,IÑAPARI,1997,2,-999.0,-999.0,-999.0
110129,IÑAPARI,1997,3,-999.0,-999.0,-999.0
110129,IÑAPARI,1997,4,-999.0,-999.0,-999.0
110129,IÑAPARI,1997,5,39.0,-999.0,-999.0
110129,IÑAPARI,1997,6,13.0,-999.0,-999.0
110129,IÑAPARI,1997,7,0.0,-999.0,-999.0
110129,IÑAPARI,1997,8,45.0,-999.0,-999.0
110129,IÑAPARI,1997,9,72.0,-999.0,-999.0
110129,IÑAPARI,1997,10,171.0,-999.0,-999.0
110129,IÑAPARI,1997,11,67.2,-999.0,-999.0
110129,IÑAPARI,1997,12,99.9,-999.0,-999.0
110129,IÑAPARI,1998,1,-999.0,-999.0,-999.0
110129,IÑAPARI,1998,2,-999.0,-999.0,-999.0
110129,IÑAPARI,1998,3,194.0,-999.0,-999.0
110129,IÑAPARI,1998,4,108.5,-999.0,-999.0
110129,IÑAPARI,1998,5,14.9,-999.0,-999.0
110129,IÑAPARI,1998,6,-999.0,-999.0,-999.0
110129,IÑAPARI,1998,7,-999.0,-999.0,-999.0
110129,IÑAPARI,1998,8,-999.0,-999.0,-999.0
110129,IÑAPARI,1998,9,-999.0,-999.0,-999.0
110129,IÑAPARI,1998,10,-999.0,-999.0,-999.0
110129,IÑAPARI,1998,11,-999.0,-999.0,-999.0
110129,IÑAPARI,1998,12,-999.0,-999.0,-999.0
110129,IÑAPARI,1999,1,256.3,-999.0,-999.0
110129,IÑAPARI,1999,2,155.7,32.85,-999.0
110129,IÑAPARI,1999,3,-999.0,-999.0,-999.0
110129,IÑAPARI,1999,4,203.2,-999.0,-999.0
110129,IÑAPARI,1999,5,78.9,-999.0,-999.0
110129,IÑAPARI,1999,6,23.8,31.71,-999.0
110129,IÑAPARI,1999,7,19.8,31.55,-999.0
110129,IÑAPARI,1999,8,0.0,33.34,-999.0
110129,IÑAPARI,1999,9,50.2,34.76,-999.0
110129,IÑAPARI,1999,10,14.7,34.23,-999.0
110129,IÑAPARI,1999,11,138.1,32.97,-999.0
110129,IÑAPARI,1999,12,243.2,-999.0,-999.0
110129,IÑAPARI,2000,1,245.1,32.17,-999.0
110129,IÑAPARI,2000,2,120.1,31.44,-999.0
110129,IÑAPARI,2000,3,149.3,31.53,-999.0
110129,IÑAPARI,2000,4,59.6,33.23,-999.0
110129,IÑAPARI,2000,5,64.2,-999.0,-999.0
110129,IÑAPARI,2000,6,16.8,-999.0,-999.0
110129,IÑAPARI,2000,7,27.6,-999.0,-999.0
110129,IÑAPARI,2000,8,55.4,-999.0,-999.0
110129,IÑAPARI,2000,9,85.0,-999.0,-999.0
110129,IÑAPARI,2000,10,185.0,-999.0,-999.0
110129,IÑAPARI,2000,11,137.8,-999.0,-999.0
110129,IÑAPARI,2000,12,82.5,32.55,-999.0
110129,IÑAPARI,2001,1,287.2,31.1,-999.0
110129,IÑAPARI,2001,2,-999.0,-999.0,-999.0
110129,IÑAPARI,2001,3,301.8,31.41,-999.0
110129,IÑAPARI,2001,4,52.5,-999.0,-999.0
110129,IÑAPARI,2001,5,71.5,-999.0,-999.0
110129,IÑAPARI,2001,6,15.0,30.99,-999.0
110129,IÑAPARI,2001,7,17.0,-999.0,-999.0
110129,IÑAPARI,2001,8,0.0,35.01,-999.0
110129,IÑAPARI,2001,9,92.1,34.17,-999.0
110129,IÑAPARI,2001,10,-999.0,-999.0,-999.0
110129,IÑAPARI,2001,11,178.8,33.43,-999.0
110129,IÑAPARI,2001,12,159.6,33.34,-999.0
110129,IÑAPARI,2002,1,116.0,34.08,-999.0
110129,IÑAPARI,2002,2,223.7,32.55,-999.0
110129,IÑAPARI,2002,3,229.7,-999.0,-999.0
110129,IÑAPARI,2002,4,108.0,33.47,-999.0
110129,IÑAPARI,2002,5,88.2,33.15,-999.0
110129,IÑAPARI,2002,6,13.0,30.75,-999.0
110129,IÑAPARI,2002,7,-999.0,-999.0,-999.0
110129,IÑAPARI,2002,8,0.0,34.82,-999.0
110129,IÑAPARI,2002,9,43.8,-999.0,-999.0
110129,IÑAPARI,2002,10,145.5,-999.0,-999.0
110129,IÑAPARI,2002,11,-999.0,-999.0,-999.0
110129,IÑAPARI,2002,12,-999.0,-999.0,-999.0
110129,IÑAPARI,2003,1,246.0,-999.0,-999.0
110129,IÑAPARI,2003,2,170.0,-999.0,-999.0
110129,IÑAPARI,2003,3,-999.0,-999.0,-999.0
110129,IÑAPARI,2003,4,-999.0,-999.0,-999.0
110129,IÑAPARI,2003,5,-999.0,-999.0,-999.0
110129,IÑAPARI,2003,6,-999.0,-999.0,-999.0
110129,IÑAPARI,2003,7,19.0,-999.0,-999.0
110129,IÑAPARI,2003,8,7.0,-999.0,-999.0
110129,IÑAPARI,2003,9,-999.0,-999.0,-999.0
110129,IÑAPARI,2003,10,90.6,-999.0,-999.0
110129,IÑAPARI,2003,11,-999.0,-999.0,-999.0
110129,IÑAPARI,2003,12,126.7,-999.0,-999.0
110129,IÑAPARI,2004,1,249.7,-999.0,-999.0
110129,IÑAPARI,2004,2,85.0,-999.0,-999.0
110129,IÑAPARI,2004,3,47.0,-999.0,-999.0
110129,IÑAPARI,2004,4,106.0,-999.0,-999.0
110129,IÑAPARI,2004,5,11.0,-999.0,-999.0
110129,IÑAPARI,2004,6,3.6,-999.0,-999.0
110129,IÑAPARI,2004,7,47.0,-999.0,-999.0
110129,IÑAPARI,2004,8,31.0,-999.0,-999.0
110129,IÑAPARI,2004,9,-999.0,-999.0,-999.0
110129,IÑAPARI,2004,10,73.0,-999.0,-999.0
110129,IÑAPARI,2004,11,124.0,-999.0,-999.0
110129,IÑAPARI,2004,12,181.2,-999.0,-999.0
110129,IÑAPARI,2005,1,149.0,-999.0,-999.0
110129,IÑAPARI,2005,2,180.3,-999.0,-999.0
110129,IÑAPARI,2005,3,158.0,-999.0,-999.0
110129,IÑAPARI,2005,4,30.0,-999.0,-999.0
110129,IÑAPARI,2005,5,79.0,-999.0,-999.0
110129,IÑAPARI,2005,6,20.0,-999.0,-999.0
110129,IÑAPARI,2005,7,6.0,-999.0,-999.0
110129,IÑAPARI,2005,8,0.0,-999.0,-999.0
110129,IÑAPARI,2005,9,48.0,-999.0,-999.0
110129,IÑAPARI,2005,10,156.0,-999.0,-999.0
110129,IÑAPARI,2005,11,170.0,-999.0,-999.0
110129,IÑAPARI,2005,12,117.0,-999.0,-999.0
110129,IÑAPARI,2006,1,233.5,31.54,-999.0
110129,IÑAPARI,2006,2,262.2,31.86,-999.0
110129,IÑAPARI,2006,3,108.2,33.13,-999.0
110129,IÑAPARI,2006,4,141.6,31.71,-999.0
110129,IÑAPARI,2006,5,47.0,30.89,-999.0
110129,IÑAPARI,2006,6,43.0,32.06,-999.0
110129,IÑAPARI,2006,7,17.0,33.87,-999.0
110129,IÑAPARI,2006,8,-999.0,-999.0,-999.0
110129,IÑAPARI,2006,9,-999.0,-999.0,-999.0
110129,IÑAPARI,2006,10,-999.0,-999.0,-999.0
110129,IÑAPARI,2006,11,-999.0,-999.0,-999.0
110129,IÑAPARI,2006,12,-999.0,-999.0,-999.0
110129,IÑAPARI,2007,1,-999.0,-999.0,-999.0
110129,IÑAPARI,2007,2,-999.0,-999.0,-999.0
110129,IÑAPARI,2007,3,133.3,31.22,-999.0
110129,IÑAPARI,2007,4,212.8,31.93,-999.0
110129,IÑAPARI,2007,5,27.1,29.87,-999.0
110129,IÑAPARI,2007,6,5.0,30.47,17.9
110129,IÑAPARI,2007,7,32.2,30.07,16.81
110129,IÑAPARI,2007,8,73.6,31.73,16.0
110129,IÑAPARI,2007,9,76.5,33.6,20.1
110129,IÑAPARI,2007,10,175.8,32.52,21.45
110129,IÑAPARI,2007,11,276.4,-999.0,-999.0
110129,IÑAPARI,2007,12,49.3,31.87,-999.0
110129,IÑAPARI,2008,1,220.5,30.49,22.31
110129,IÑAPARI,2008,2,93.0,-999.0,21.66
110129,IÑAPARI,2008,3,217.7,31.36,-999.0
110129,IÑAPARI,2008,4,125.5,30.42,20.76
110129,IÑAPARI,2008,5,51.2,29.5,19.1
110129,IÑAPARI,2008,6,118.4,28.13,-999.0
110129,IÑAPARI,2008,7,14.8,-999.0,18.02
110129,IÑAPARI,2008,8,20.5,-999.0,19.1
110129,IÑAPARI,2008,9,60.8,33.03,18.58
110129,IÑAPARI,2008,10,117.4,-999.0,-999.0
110129,IÑAPARI,2008,11,204.4,33.16,-999.0
110129,IÑAPARI,2008,12,-999.0,-999.0,-999.0
110129,IÑAPARI,2009,1,-999.0,-999.0,-999.0
110129,IÑAPARI,2009,2,267.3,30.57,-999.0
110129,IÑAPARI,2009,3,163.8,30.93,-999.0
110129,IÑAPARI,2009,4,205.9,30.6,-999.0
110129,IÑAPARI,2009,5,168.3,30.38,21.5
110129,IÑAPARI,2009,6,48.8,28.9,18.36
110129,IÑAPARI,2009,7,58.9,30.16,18.07
110129,IÑAPARI,2009,8,3.5,32.51,18.23
110129,IÑAPARI,2009,9,59.5,32.93,-999.0
110129,IÑAPARI,2009,10,96.8,33.51,21.5
110129,IÑAPARI,2009,11,156.1,32.71,22.82
110129,IÑAPARI,2009,12,-999.0,-999.0,-999.0
110129,IÑAPARI,2010,1,-999.0,-999.0,-999.0
110129,IÑAPARI,2010,2,171.4,32.24,23.12
110129,IÑAPARI,2010,3,176.7,33.07,-999.0
110129,IÑAPARI,2010,4,164.7,32.17,21.58
110129,IÑAPARI,2010,5,31.0,29.87,19.11
110129,IÑAPARI,2010,6,-999.0,-999.0,17.61
110129,IÑAPARI,2010,7,62.8,30.18,-999.0
110129,IÑAPARI,2010,8,0.0,-999.0,15.83
110129,IÑAPARI,2010,9,95.1,-999.0,-999.0
110129,IÑAPARI,2010,10,-999.0,-999.0,-999.0
110129,IÑAPARI,2010,11,146.5,-999.0,19.61
110129,IÑAPARI,2010,12,-999.0,-999.0,-999.0
110129,IÑAPARI,2011,1,-999.0,-999.0,22.07
110129,IÑAPARI,2011,2,-999.0,29.23,21.69
110129,IÑAPARI,2011,3,190.7,30.34,21.76
110129,IÑAPARI,2011,4,174.1,30.99,21.78
110129,IÑAPARI,2011,5,68.7,29.98,19.53
110129,IÑAPARI,2011,6,30.0,30.58,18.46
110129,IÑAPARI,2011,7,0.0,-999.0,-999.0
110129,IÑAPARI,2011,8,47.8,-999.0,-999.0
110129,IÑAPARI,2011,9,79.0,35.04,18.78
110129,IÑAPARI,2011,10,192.0,-999.0,20.64
110129,IÑAPARI,2011,11,217.0,33.09,-999.0
110129,IÑAPARI,2011,12,136.1,31.39,21.68
110129,IÑAPARI,2012,1,421.2,30.06,-999.0
110129,IÑAPARI,2012,2,183.6,-999.0,-999.0
110129,IÑAPARI,2012,3,171.8,30.96,21.55
110129,IÑAPARI,2012,4,233.3,31.55,21.92
110129,IÑAPARI,2012,5,63.1,-999.0,19.82
110129,IÑAPARI,2012,6,-999.0,-999.0,-999.0
110129,IÑAPARI,2012,7,11.0,30.99,16.43
110129,IÑAPARI,2012,8,99.6,-999.0,16.89
110129,IÑAPARI,2012,9,40.6,33.56,19.97
110129,IÑAPARI,2012,10,233.4,-999.0,21.62
110129,IÑAPARI,2012,11,204.2,31.95,22.66
110129,IÑAPARI,2012,12,116.9,-999.0,22.48
110129,IÑAPARI,2013,1,173.4,-999.0,-999.0
110129,IÑAPARI,2013,2,253.0,30.45,21.76
110129,IÑAPARI,2013,3,259.6,30.87,21.8
110129,IÑAPARI,2013,4,58.9,32.08,19.67
110129,IÑAPARI,2013,5,147.9,30.33,20.1
110129,IÑAPARI,2013,6,66.4,31.15,20.85
110129,IÑAPARI,2013,7,20.8,31.08,17.76
110129,IÑAPARI,2013,8,130.4,31.13,16.68
110129,IÑAPARI,2013,9,127.8,32.97,19.65
110129,IÑAPARI,2013,10,82.6,32.08,21.21
110129,IÑAPARI,2013,11,165.5,31.5,21.68
110129,IÑAPARI,2013,12,201.7,31.84,-999.0
110129,IÑAPARI,2014,1,327.3,30.93,22.25
110129,IÑAPARI,2014,2,-999.0,-999.0,-999.0
110129,IÑAPARI,2014,3,289.9,31.1,22.13
110129,IÑAPARI,2014,4,166.8,30.9,21.73
110129,IÑAPARI,2014,5,37.2,30.02,21.05
110129,IÑAPARI,2014,6,13.6,29.83,19.71
110129,IÑAPARI,2014,7,0.0,30.55,17.08
110129,IÑAPARI,2014,8,39.0,33.36,17.53
110129,IÑAPARI,2014,9,134.3,33.89,20.7
110129,IÑAPARI,2014,10,127.2,33.12,21.64
110129,IÑAPARI,2014,11,192.1,31.61,22.05
110129,IÑAPARI,2014,12,244.4,31.7,22.18
110129,IÑAPARI,2015,1,246.6,30.78,22.01
110129,IÑAPARI,2015,2,237.1,31.81,-999.0
110129,IÑAPARI,2015,3,286.7,31.4,22.24
110129,IÑAPARI,2015,4,143.4,31.24,22.23
110129,IÑAPARI,2015,5,174.3,29.79,-999.0
110129,IÑAPARI,2015,6,26.2,31.11,19.6
110129,IÑAPARI,2015,7,57.7,30.59,19.05
110129,IÑAPARI,2015,8,7.6,33.71,20.29
110129,IÑAPARI,2015,9,80.9,34.93,20.87
110129,IÑAPARI,2015,10,94.5,34.23,-999.0
110129,IÑAPARI,2015,11,127.9,33.01,-999.0
110129,IÑAPARI,2015,12,181.6,32.37,-999.0
110129,IÑAPARI,2016,1,228.4,32.78,22.77
110129,IÑAPARI,2016,2,214.5,31.9,22.68
110129,IÑAPARI,2016,3,221.6,-999.0,-999.0
110129,IÑAPARI,2016,4,191.7,32.36,21.3
110129,IÑAPARI,2016,5,47.2,30.22,18.84
110129,IÑAPARI,2016,6,0.0,29.18,15.75
110129,IÑAPARI,2016,7,2.0,33.35,-999.0
110129,IÑAPARI,2016,8,68.8,33.79,-999.0
110129,IÑAPARI,2016,9,82.0,33.43,-999.0
110129,IÑAPARI,2016,10,127.4,32.61,-999.0
110129,IÑAPARI,2016,11,276.5,32.81,-999.0
110129,IÑAPARI,2016,12,194.2,32.09,-999.0
110129,IÑAPARI,2017,1,255.0,30.9,-999.0
110129,IÑAPARI,2017,2,188.0,-999.0,-999.0
110129,IÑAPARI,2017,3,137.0,30.89,-999.0
110129,IÑAPARI,2017,4,293.0,30.44,-999.0
110129,IÑAPARI,2017,5,165.7,30.86,-999.0
110129,IÑAPARI,2017,6,2.0,30.07,-999.0
110129,IÑAPARI,2017,7,0.0,31.58,-999.0
110129,IÑAPARI,2017,8,50.7,33.35,-999.0
110129,IÑAPARI,2017,9,64.2,33.25,-999.0
110129,IÑAPARI,2017,10,137.7,32.73,-999.0
110129,IÑAPARI,2017,11,166.4,32.32,-999.0
110129,IÑAPARI,2017,12,376.2,32.2,-999.0
110129,IÑAPARI,2018,1,287.4,31.25,-999.0
110129,IÑAPARI,2018,2,292.3,30.95,-999.0
110129,IÑAPARI,2018,3,211.7,31.37,-999.0
110129,IÑAPARI,2018,4,207.0,31.53,21.74
110129,IÑAPARI,2018,5,145.6,30.85,19.58
110129,IÑAPARI,2018,6,43.9,28.52,17.08
110129,IÑAPARI,2018,7,23.1,31.09,16.93
110129,IÑAPARI,2018,8,167.5,30.19,17.16
110129,IÑAPARI,2018,9,88.0,34.05,19.89
110129,IÑAPARI,2018,10,168.2,32.96,22.42
110129,IÑAPARI,2018,11,309.9,31.73,22.24
110129,IÑAPARI,2018,12,197.4,31.49,22.67
110129,IÑAPARI,2019,1,301.5,31.1,22.77
110129,IÑAPARI,2019,2,311.8,30.94,23.23
110129,IÑAPARI,2019,3,188.4,31.5,22.67
110129,IÑAPARI,2019,4,171.4,31.96,20.65
110129,IÑAPARI,2019,5,69.9,31.23,18.78
110129,IÑAPARI,2019,6,17.6,-999.0,18.59
110129,IÑAPARI,2019,7,1.0,31.56,16.24
110129,IÑAPARI,2019,8,28.4,33.68,16.35
110129,IÑAPARI,2019,9,48.0,35.56,20.86
110129,IÑAPARI,2019,10,140.9,32.65,20.58
110129,IÑAPARI,2019,11,332.0,31.82,21.81
110129,IÑAPARI,2019,12,360.3,31.7,22.56
110129,IÑAPARI,2020,1,279.3,32.5,23.15
110129,IÑAPARI,2020,2,136.9,32.23,23.02
110129,IÑAPARI,2020,3,-999.0,-999.0,-999.0
110129,IÑAPARI,2020,4,-999.0,-999.0,-999.0
110129,IÑAPARI,2020,5,-999.0,-999.0,-999.0
110129,IÑAPARI,2020,6,-999.0,-999.0,-999.0
110129,IÑAPARI,2020,7,-999.0,-999.0,-999.0
110129,IÑAPARI,2020,8,-999.0,-999.0,-999.0
110129,IÑAPARI,2020,9,-999.0,-999.0,-999.0
110129,IÑAPARI,2020,10,117.5,34.26,21.89
110129,IÑAPARI,2020,11,46.8,34.42,22.39
110129,IÑAPARI,2020,12,304.5,31.83,22.57
110129,IÑAPARI,2021,1,235.4,31.75,22.59
110129,IÑAPARI,2021,2,352.7,31.12,22.89
110129,IÑAPARI,2021,3,327.3,30.77,21.83
110129,IÑAPARI,2021,4,209.3,30.99,22.03
110129,IÑAPARI,2021,5,83.7,30.43,19.69
110129,IÑAPARI,2021,6,29.2,29.01,18.93
110129,IÑAPARI,2021,7,2.0,31.46,15.92
110129,IÑAPARI,2021,8,5.6,34.84,18.25
110129,IÑAPARI,2021,9,51.2,36.05,21.44
110129,IÑAPARI,2021,10,149.0,34.37,21.99
110129,IÑAPARI,2021,11,181.9,32.11,22.87
110129,IÑAPARI,2021,12,337.7,32.22,23.31
110129,IÑAPARI,2022,1,159.5,32.77,23.01
110129,IÑAPARI,2022,2,272.1,31.2,22.42
110129,IÑAPARI,2022,3,289.9,30.79,22.48
110129,IÑAPARI,2022,4,93.5,31.44,21.73
110129,IÑAPARI,2022,5,83.1,30.55,19.88
110129,IÑAPARI,2022,6,96.6,29.71,17.96
110129,IÑAPARI,2022,7,23.4,32.56,19.86
110129,IÑAPARI,2022,8,40.6,33.31,18.5
110129,IÑAPARI,2022,9,107.0,-999.0,19.93
110129,IÑAPARI,2022,10,190.4,33.07,22.29
110129,IÑAPARI,2022,11,198.4,33.92,20.9
110129,IÑAPARI,2022,12,243.2,32.06,22.41
110129,IÑAPARI,2023,1,221.8,31.25,22.16
110129,IÑAPARI,2023,2,300.2,30.87,22.5
110129,IÑAPARI,2023,3,481.0,31.65,22.86
110129,IÑAPARI,2023,4,118.1,31.23,22.57
110129,IÑAPARI,2023,5,144.4,30.33,21.74
110129,IÑAPARI,2023,6,29.9,30.76,19.05
110129,IÑAPARI,2023,7,7.8,32.62,19.05
110129,IÑAPARI,2023,8,5.7,35.31,20.04
110129,IÑAPARI,2023,9,51.9,36.9,22.39
110129,IÑAPARI,2023,10,127.5,37.05,23.34
110129,IÑAPARI,2023,11,229.2,34.01,23.18
110129,IÑAPARI,2023,12,179.1,32.56,23.43
110129,IÑAPARI,2024,1,262.2,32.74,24.02
110129,IÑAPARI,2024,2,352.9,31.95,23.66
110129,IÑAPARI,2024,3,111.1,33.17,23.2
110129,IÑAPARI,2024,4,101.6,32.72,23.79
110129,IÑAPARI,2024,5,33.8,29.42,20.44
110129,IÑAPARI,2024,6,0.0,32.57,20.73
110129,IÑAPARI,2024,7,8.6,30.9,16.89
110129,IÑAPARI,2024,8,4.8,34.71,18.31
110129,IÑAPARI,2024,9,35.5,36.44,21.65
110129,IÑAPARI,2024,10,184.8,35.7,22.92
110129,IÑAPARI,2024,11,197.2,32.53,23.46
110129,IÑAPARI,2024,12,166.5,32.73,23.13
110129,IÑAPARI,2025,1,248.6,32.5,23.47
110129,IÑAPARI,2025,2,170.0,32.18,22.82
110129,IÑAPARI,2025,3,309.9,31.17,23.15
110129,IÑAPARI,2025,4,133.9,31.35,22.57
110129,IÑAPARI,2025,5,83.5,31.46,21.35
110129,IÑAPARI,2025,6,8.4,29.82,19.14
110129,IÑAPARI,2025,7,49.0,31.9,15.88
110129,IÑAPARI,2025,8,42.5,33.27,18.41
110129,IÑAPARI,2025,9,138.8,34.07,21.22
110129,IÑAPARI,2025,10,116.0,32.71,21.7
110129,IÑAPARI,2025,11,196.1,32.45,22.38
110129,IÑAPARI,2025,12,277.9,31.6,22.57
