CODIGO,ESTACION,YEAR,MONTH,PP,TMAX,TMIN
111085,HUAMANTANGA,1990,1,31.7,-999.0,-999.0
111085,HUAMANTANGA,1990,2,33.5,-999.0,-999.0
111085,HUAMANTANGA,1990,3,58.4,-999.0,-999.0
111085,HUAMANTANGA,1990,4,1.2,-999.0,-999.0
111085,HUAMANTANGA,1990,5,10.1,-999.0,-999.0
111085,HUAMANTANGA,1990,6,0.0,-999.0,-999.0
111085,HUAMANTANGA,1990,7,0.0,-999.0,-999.0
111085,HUAMANTANGA,1990,8,0.0,-999.0,-999.0
111085,HUAMANTANGA,1990,9,0.0,-999.0,-999.0
111085,HUAMANTANGA,1990,10,32.9,-999.0,-999.0
111085,HUAMANTANGA,1990,11,40.5,-999.0,-999.0
111085,HUAMANTANGA,1990,12,42.5,-999.0,-999.0
111085,HUAMANTANGA,1991,1,16.1,-999.0,-999.0
111085,HUAMANTANGA,1991,2,50.2,-999.0,-999.0
111085,HUAMANTANGA,1991,3,115.4,-999.0,-999.0
111085,HUAMANTANGA,1991,4,18.2,-999.0,-999.0
111085,HUAMANTANGA,1991,5,0.0,-999.0,-999.0
111085,HUAMANTANGA,1991,6,0.0,-999.0,-999.0
111085,HUAMANTANGA,1991,7,0.0,-999.0,-999.0
111085,HUAMANTANGA,1991,8,0.0,-999.0,-999.0
111085,HUAMANTANGA,1991,9,0.0,-999.0,-999.0
111085,HUAMANTANGA,1991,10,12.6,-999.0,-999.0
111085,HUAMANTANGA,1991,11,8.6,-999.0,-999.0
111085,HUAMANTANGA,1991,12,8.9,-999.0,-999.0
111085,HUAMANTANGA,1992,1,7.1,-999.0,-999.0
111085,HUAMANTANGA,1992,2,32.5,-999.0,-999.0
111085,HUAMANTANGA,1992,3,48.3,-999.0,-999.0
111085,HUAMANTANGA,1992,4,9.4,-999.0,-999.0
111085,HUAMANTANGA,1992,5,1.3,-999.0,-999.0
111085,HUAMANTANGA,1992,6,0.0,-999.0,-999.0
111085,HUAMANTANGA,1992,7,0.0,-999.0,-999.0
111085,HUAMANTANGA,1992,8,0.0,-999.0,-999.0
111085,HUAMANTANGA,1992,9,0.0,-999.0,-999.0
111085,HUAMANTANGA,1992,10,10.6,-999.0,-999.0
111085,HUAMANTANGA,1992,11,2.5,-999.0,-999.0
111085,HUAMANTANGA,1992,12,11.8,-999.0,-999.0
111085,HUAMANTANGA,1993,1,101.4,-999.0,-999.0
111085,HUAMANTANGA,1993,2,95.4,-999.0,-999.0
111085,HUAMANTANGA,1993,3,155.6,-999.0,-999.0
111085,HUAMANTANGA,1993,4,49.5,-999.0,-999.0
111085,HUAMANTANGA,1993,5,7.8,-999.0,-999.0
111085,HUAMANTANGA,1993,6,0.0,-999.0,-999.0
111085,HUAMANTANGA,1993,7,0.0,-999.0,-999.0
111085,HUAMANTANGA,1993,8,0.0,-999.0,-999.0
111085,HUAMANTANGA,1993,9,2.9,-999.0,-999.0
111085,HUAMANTANGA,1993,10,7.8,-999.0,-999.0
111085,HUAMANTANGA,1993,11,48.1,-999.0,-999.0
111085,HUAMANTANGA,1993,12,49.1,-999.0,-999.0
111085,HUAMANTANGA,1994,1,76.5,-999.0,-999.0
111085,HUAMANTANGA,1994,2,143.3,-999.0,-999.0
111085,HUAMANTANGA,1994,3,96.2,-999.0,-999.0
111085,HUAMANTANGA,1994,4,19.3,-999.0,-999.0
111085,HUAMANTANGA,1994,5,15.0,-999.0,-999.0
111085,HUAMANTANGA,1994,6,0.0,-999.0,-999.0
111085,HUAMANTANGA,1994,7,0.0,-999.0,-999.0
111085,HUAMANTANGA,1994,8,0.0,-999.0,-999.0
111085,HUAMANTANGA,1994,9,0.0,-999.0,-999.0
111085,HUAMANTANGA,1994,10,0.0,-999.0,-999.0
111085,HUAMANTANGA,1994,11,15.9,-999.0,-999.0
111085,HUAMANTANGA,1994,12,36.5,-999.0,-999.0
111085,HUAMANTANGA,1995,1,75.2,-999.0,-999.0
111085,HUAMANTANGA,1995,2,61.3,-999.0,-999.0
111085,HUAMANTANGA,1995,3,77.7,-999.0,-999.0
111085,HUAMANTANGA,1995,4,15.6,-999.0,-999.0
111085,HUAMANTANGA,1995,5,9.4,-999.0,-999.0
111085,HUAMANTANGA,1995,6,0.0,-999.0,-999.0
111085,HUAMANTANGA,1995,7,0.0,-999.0,-999.0
111085,HUAMANTANGA,1995,8,0.0,-999.0,-999.0
111085,HUAMANTANGA,1995,9,2.7,-999.0,-999.0
111085,HUAMANTANGA,1995,10,11.9,-999.0,-999.0
111085,HUAMANTANGA,1995,11,39.2,-999.0,-999.0
111085,HUAMANTANGA,1995,12,53.6,-999.0,-999.0
111085,HUAMANTANGA,1996,1,64.8,-999.0,-999.0
111085,HUAMANTANGA,1996,2,96.2,-999.0,-999.0
111085,HUAMANTANGA,1996,3,128.3,-999.0,-999.0
111085,HUAMANTANGA,1996,4,19.7,-999.0,-999.0
111085,HUAMANTANGA,1996,5,0.0,-999.0,-999.0
111085,HUAMANTANGA,1996,6,0.0,-999.0,-999.0
111085,HUAMANTANGA,1996,7,0.0,-999.0,-999.0
111085,HUAMANTANGA,1996,8,0.0,-999.0,-999.0
111085,HUAMANTANGA,1996,9,0.0,-999.0,-999.0
111085,HUAMANTANGA,1996,10,6.2,-999.0,-999.0
111085,HUAMANTANGA,1996,11,4.0,-999.0,-999.0
111085,HUAMANTANGA,1996,12,29.7,-999.0,-999.0
111085,HUAMANTANGA,1997,1,53.3,-999.0,-999.0
111085,HUAMANTANGA,1997,2,121.2,-999.0,-999.0
111085,HUAMANTANGA,1997,3,33.1,-999.0,-999.0
111085,HUAMANTANGA,1997,4,3.3,-999.0,-999.0
111085,HUAMANTANGA,1997,5,4.5,-999.0,-999.0
111085,HUAMANTANGA,1997,6,0.0,-999.0,-999.0
111085,HUAMANTANGA,1997,7,0.0,-999.0,-999.0
111085,HUAMANTANGA,1997,8,1.2,-999.0,-999.0
111085,HUAMANTANGA,1997,9,20.2,-999.0,-999.0
111085,HUAMANTANGA,1997,10,5.7,-999.0,-999.0
111085,HUAMANTANGA,1997,11,33.9,-999.0,-999.0
111085,HUAMANTANGA,1997,12,105.8,-999.0,-999.0
111085,HUAMANTANGA,1998,1,186.0,-999.0,-999.0
111085,HUAMANTANGA,1998,2,126.8,-999.0,-999.0
111085,HUAMANTANGA,1998,3,184.3,-999.0,-999.0
111085,HUAMANTANGA,1998,4,31.7,-999.0,-999.0
111085,HUAMANTANGA,1998,5,0.0,-999.0,-999.0
111085,HUAMANTANGA,1998,6,0.0,-999.0,-999.0
111085,HUAMANTANGA,1998,7,0.0,-999.0,-999.0
111085,HUAMANTANGA,1998,8,0.0,-999.0,-999.0
111085,HUAMANTANGA,1998,9,1.4,-999.0,-999.0
111085,HUAMANTANGA,1998,10,3.7,-999.0,-999.0
111085,HUAMANTANGA,1998,11,2.9,-999.0,-999.0
111085,HUAMANTANGA,1998,12,26.7,-999.0,-999.0
111085,HUAMANTANGA,1999,1,67.6,-999.0,-999.0
111085,HUAMANTANGA,1999,2,266.6,-999.0,-999.0
111085,HUAMANTANGA,1999,3,111.2,-999.0,-999.0
111085,HUAMANTANGA,1999,4,33.7,-999.0,-999.0
111085,HUAMANTANGA,1999,5,7.4,-999.0,-999.0
111085,HUAMANTANGA,1999,6,0.0,-999.0,-999.0
111085,HUAMANTANGA,1999,7,1.9,-999.0,-999.0
111085,HUAMANTANGA,1999,8,0.0,-999.0,-999.0
111085,HUAMANTANGA,1999,9,4.2,-999.0,-999.0
111085,HUAMANTANGA,1999,10,13.2,-999.0,-999.0
111085,HUAMANTANGA,1999,11,13.5,-999.0,-999.0
111085,HUAMANTANGA,1999,12,42.3,-999.0,-999.0
111085,HUAMANTANGA,2000,1,111.9,-999.0,-999.0
111085,HUAMANTANGA,2000,2,134.9,-999.0,-999.0
111085,HUAMANTANGA,2000,3,100.2,-999.0,-999.0
111085,HUAMANTANGA,2000,4,16.2,-999.0,-999.0
111085,HUAMANTANGA,2000,5,5.3,-999.0,-999.0
111085,HUAMANTANGA,2000,6,0.0,-999.0,-999.0
111085,HUAMANTANGA,2000,7,0.0,-999.0,-999.0
111085,HUAMANTANGA,2000,8,3.6,-999.0,-999.0
111085,HUAMANTANGA,2000,9,0.4,-999.0,-999.0
111085,HUAMANTANGA,2000,10,35.1,-999.0,-999.0
111085,HUAMANTANGA,2000,11,5.9,-999.0,-999.0
111085,HUAMANTANGA,2000,12,81.9,-999.0,-999.0
111085,HUAMANTANGA,2001,1,153.5,-999.0,-999.0
111085,HUAMANTANGA,2001,2,119.0,-999.0,-999.0
111085,HUAMANTANGA,2001,3,170.0,-999.0,-999.0
111085,HUAMANTANGA,2001,4,62.9,-999.0,-999.0
111085,HUAMANTANGA,2001,5,0.5,-999.0,-999.0
111085,HUAMANTANGA,2001,6,0.1,-999.0,-999.0
111085,HUAMANTANGA,2001,7,0.0,-999.0,-999.0
111085,HUAMANTANGA,2001,8,0.0,-999.0,-999.0
111085,HUAMANTANGA,2001,9,4.5,-999.0,-999.0
111085,HUAMANTANGA,2001,10,7.3,-999.0,-999.0
111085,HUAMANTANGA,2001,11,27.3,-999.0,-999.0
111085,HUAMANTANGA,2001,12,5.0,-999.0,-999.0
111085,HUAMANTANGA,2002,1,43.2,-999.0,-999.0
111085,HUAMANTANGA,2002,2,105.5,-999.0,-999.0
111085,HUAMANTANGA,2002,3,107.7,-999.0,-999.0
111085,HUAMANTANGA,2002,4,51.9,-999.0,-999.0
111085,HUAMANTANGA,2002,5,1.4,-999.0,-999.0
111085,HUAMANTANGA,2002,6,1.0,-999.0,-999.0
111085,HUAMANTANGA,2002,7,0.9,-999.0,-999.0
111085,HUAMANTANGA,2002,8,0.0,-999.0,-999.0
111085,HUAMANTANGA,2002,9,7.6,-999.0,-999.0
111085,HUAMANTANGA,2002,10,9.7,-999.0,-999.0
111085,HUAMANTANGA,2002,11,54.8,-999.0,-999.0
111085,HUAMANTANGA,2002,12,19.8,-999.0,-999.0
111085,HUAMANTANGA,2003,1,61.3,-999.0,-999.0
111085,HUAMANTANGA,2003,2,58.3,-999.0,-999.0
111085,HUAMANTANGA,2003,3,92.5,-999.0,-999.0
111085,HUAMANTANGA,2003,4,29.3,-999.0,-999.0
111085,HUAMANTANGA,2003,5,0.1,-999.0,-999.0
111085,HUAMANTANGA,2003,6,0.0,-999.0,-999.0
111085,HUAMANTANGA,2003,7,0.0,-999.0,-999.0
111085,HUAMANTANGA,2003,8,0.0,-999.0,-999.0
111085,HUAMANTANGA,2003,9,0.0,-999.0,-999.0
111085,HUAMANTANGA,2003,10,3.5,-999.0,-999.0
111085,HUAMANTANGA,2003,11,0.2,-999.0,-999.0
111085,HUAMANTANGA,2003,12,107.5,-999.0,-999.0
111085,HUAMANTANGA,2004,1,13.6,-999.0,-999.0
111085,HUAMANTANGA,2004,2,106.9,-999.0,-999.0
111085,HUAMANTANGA,2004,3,45.2,-999.0,-999.0
111085,HUAMANTANGA,2004,4,24.7,-999.0,-999.0
111085,HUAMANTANGA,2004,5,0.0,-999.0,-999.0
111085,HUAMANTANGA,2004,6,0.0,-999.0,-999.0
111085,HUAMANTANGA,2004,7,0.0,-999.0,-999.0
111085,HUAMANTANGA,2004,8,0.0,-999.0,-999.0
111085,HUAMANTANGA,2004,9,0.2,-999.0,-999.0
111085,HUAMANTANGA,2004,10,9.4,-999.0,-999.0
111085,HUAMANTANGA,2004,11,14.3,-999.0,-999.0
111085,HUAMANTANGA,2004,12,55.9,-999.0,-999.0
111085,HUAMANTANGA,2005,1,62.5,-999.0,-999.0
111085,HUAMANTANGA,2005,2,55.8,-999.0,-999.0
111085,HUAMANTANGA,2005,3,88.3,-999.0,-999.0
111085,HUAMANTANGA,2005,4,19.2,-999.0,-999.0
111085,HUAMANTANGA,2005,5,0.0,-999.0,-999.0
111085,HUAMANTANGA,2005,6,0.0,-999.0,-999.0
111085,HUAMANTANGA,2005,7,0.0,-999.0,-999.0
111085,HUAMANTANGA,2005,8,0.0,-999.0,-999.0
111085,HUAMANTANGA,2005,9,0.0,-999.0,-999.0
111085,HUAMANTANGA,2005,10,0.7,-999.0,-999.0
111085,HUAMANTANGA,2005,11,1.9,-999.0,-999.0
111085,HUAMANTANGA,2005,12,50.8,-999.0,-999.0
111085,HUAMANTANGA,2006,1,100.7,-999.0,-999.0
111085,HUAMANTANGA,2006,2,130.1,-999.0,-999.0
111085,HUAMANTANGA,2006,3,112.0,-999.0,-999.0
111085,HUAMANTANGA,2006,4,38.3,-999.0,-999.0
111085,HUAMANTANGA,2006,5,1.6,-999.0,-999.0
111085,HUAMANTANGA,2006,6,0.0,-999.0,-999.0
111085,HUAMANTANGA,2006,7,0.0,-999.0,-999.0
111085,HUAMANTANGA,2006,8,0.0,-999.0,-999.0
111085,HUAMANTANGA,2006,9,1.5,-999.0,-999.0
111085,HUAMANTANGA,2006,10,4.3,-999.0,-999.0
111085,HUAMANTANGA,2006,11,8.0,-999.0,-999.0
111085,HUAMANTANGA,2006,12,63.6,-999.0,-999.0
111085,HUAMANTANGA,2007,1,77.3,-999.0,-999.0
111085,HUAMANTANGA,2007,2,54.1,-999.0,-999.0
111085,HUAMANTANGA,2007,3,153.6,-999.0,-999.0
111085,HUAMANTANGA,2007,4,35.5,-999.0,-999.0
111085,HUAMANTANGA,2007,5,0.6,-999.0,-999.0
111085,HUAMANTANGA,2007,6,0.0,-999.0,-999.0
111085,HUAMANTANGA,2007,7,0.0,-999.0,-999.0
111085,HUAMANTANGA,2007,8,1.1,-999.0,-999.0
111085,HUAMANTANGA,2007,9,0.0,-999.0,-999.0
111085,HUAMANTANGA,2007,10,6.9,-999.0,-999.0
111085,HUAMANTANGA,2007,11,5.3,-999.0,-999.0
111085,HUAMANTANGA,2007,12,11.1,-999.0,-999.0
111085,HUAMANTANGA,2008,1,100.5,-999.0,-999.0
111085,HUAMANTANGA,2008,2,97.6,-999.0,-999.0
111085,HUAMANTANGA,2008,3,117.8,-999.0,-999.0
111085,HUAMANTANGA,2008,4,21.0,-999.0,-999.0
111085,HUAMANTANGA,2008,5,0.0,-999.0,-999.0
111085,HUAMANTANGA,2008,6,0.0,-999.0,-999.0
111085,HUAMANTANGA,2008,7,0.0,-999.0,-999.0
111085,HUAMANTANGA,2008,8,0.0,-999.0,-999.0
111085,HUAMANTANGA,2008,9,0.0,-999.0,-999.0
111085,HUAMANTANGA,2008,10,4.6,-999.0,-999.0
111085,HUAMANTANGA,2008,11,17.0,-999.0,-999.0
111085,HUAMANTANGA,2008,12,26.7,-999.0,-999.0
111085,HUAMANTANGA,2009,1,108.1,-999.0,-999.0
111085,HUAMANTANGA,2009,2,157.9,-999.0,-999.0
111085,HUAMANTANGA,2009,3,141.6,-999.0,-999.0
111085,HUAMANTANGA,2009,4,25.4,-999.0,-999.0
111085,HUAMANTANGA,2009,5,8.8,-999.0,-999.0
111085,HUAMANTANGA,2009,6,0.0,-999.0,-999.0
111085,HUAMANTANGA,2009,7,0.0,-999.0,-999.0
111085,HUAMANTANGA,2009,8,0.0,-999.0,-999.0
111085,HUAMANTANGA,2009,9,1.6,-999.0,-999.0
111085,HUAMANTANGA,2009,10,19.8,-999.0,-999.0
111085,HUAMANTANGA,2009,11,15.4,-999.0,-999.0
111085,HUAMANTANGA,2009,12,31.7,-999.0,-999.0
111085,HUAMANTANGA,2010,1,40.7,-999.0,-999.0
111085,HUAMANTANGA,2010,2,62.2,-999.0,-999.0
111085,HUAMANTANGA,2010,3,101.7,-999.0,-999.0
111085,HUAMANTANGA,2010,4,37.0,-999.0,-999.0
111085,HUAMANTANGA,2010,5,0.0,-999.0,-999.0
111085,HUAMANTANGA,2010,6,0.0,-999.0,-999.0
111085,HUAMANTANGA,2010,7,0.0,-999.0,-999.0
111085,HUAMANTANGA,2010,8,0.0,-999.0,-999.0
111085,HUAMANTANGA,2010,9,3.8,-999.0,-999.0
111085,HUAMANTANGA,2010,10,1.4,-999.0,-999.0
111085,HUAMANTANGA,2010,11,9.9,-999.0,-999.0
111085,HUAMANTANGA,2010,12,51.0,-999.0,-999.0
111085,HUAMANTANGA,2011,1,93.6,-999.0,-999.0
111085,HUAMANTANGA,2011,2,70.9,-999.0,-999.0
111085,HUAMANTANGA,2011,3,60.6,-999.0,-999.0
111085,HUAMANTANGA,2011,4,39.4,-999.0,-999.0
111085,HUAMANTANGA,2011,5,7.4,-999.0,-999.0
111085,HUAMANTANGA,2011,6,0.0,-999.0,-999.0
111085,HUAMANTANGA,2011,7,0.0,-999.0,-999.0
111085,HUAMANTANGA,2011,8,0.0,-999.0,-999.0
111085,HUAMANTANGA,2011,9,2.5,-999.0,-999.0
111085,HUAMANTANGA,2011,10,0.8,-999.0,-999.0
111085,HUAMANTANGA,2011,11,21.0,-999.0,-999.0
111085,HUAMANTANGA,2011,12,55.1,-999.0,-999.0
111085,HUAMANTANGA,2012,1,29.7,-999.0,-999.0
111085,HUAMANTANGA,2012,2,94.1,-999.0,-999.0
111085,HUAMANTANGA,2012,3,182.1,-999.0,-999.0
111085,HUAMANTANGA,2012,4,44.6,-999.0,-999.0
111085,HUAMANTANGA,2012,5,0.6,-999.0,-999.0
111085,HUAMANTANGA,2012,6,0.0,-999.0,-999.0
111085,HUAMANTANGA,2012,7,0.0,-999.0,-999.0
111085,HUAMANTANGA,2012,8,0.0,-999.0,-999.0
111085,HUAMANTANGA,2012,9,3.0,-999.0,-999.0
111085,HUAMANTANGA,2012,10,23.6,-999.0,-999.0
111085,HUAMANTANGA,2012,11,7.3,-999.0,-999.0
111085,HUAMANTANGA,2012,12,66.8,-999.0,-999.0
111085,HUAMANTANGA,2013,1,47.7,-999.0,-999.0
111085,HUAMANTANGA,2013,2,106.5,-999.0,-999.0
111085,HUAMANTANGA,2013,3,115.4,-999.0,-999.0
111085,HUAMANTANGA,2013,4,8.2,-999.0,-999.0
111085,HUAMANTANGA,2013,5,2.5,-999.0,-999.0
111085,HUAMANTANGA,2013,6,0.0,-999.0,-999.0
111085,HUAMANTANGA,2013,7,0.7,-999.0,-999.0
111085,HUAMANTANGA,2013,8,0.0,-999.0,-999.0
111085,HUAMANTANGA,2013,9,0.0,-999.0,-999.0
111085,HUAMANTANGA,2013,10,10.4,-999.0,-999.0
111085,HUAMANTANGA,2013,11,20.4,-999.0,-999.0
111085,HUAMANTANGA,2013,12,25.5,-999.0,-999.0
111085,HUAMANTANGA,2014,1,89.8,-999.0,-999.0
111085,HUAMANTANGA,2014,2,59.7,-999.0,-999.0
111085,HUAMANTANGA,2014,3,125.0,-999.0,-999.0
111085,HUAMANTANGA,2014,4,54.2,-999.0,-999.0
111085,HUAMANTANGA,2014,5,1.6,-999.0,-999.0
111085,HUAMANTANGA,2014,6,0.0,-999.0,-999.0
111085,HUAMANTANGA,2014,7,0.0,-999.0,-999.0
111085,HUAMANTANGA,2014,8,1.9,-999.0,-999.0
111085,HUAMANTANGA,2014,9,0.7,-999.0,-999.0
111085,HUAMANTANGA,2014,10,10.1,-999.0,-999.0
111085,HUAMANTANGA,2014,11,44.5,-999.0,-999.0
111085,HUAMANTANGA,2014,12,40.9,-999.0,-999.0
111085,HUAMANTANGA,2015,1,84.4,-999.0,-999.0
111085,HUAMANTANGA,2015,2,91.9,-999.0,-999.0
111085,HUAMANTANGA,2015,3,168.3,-999.0,-999.0
111085,HUAMANTANGA,2015,4,34.1,-999.0,-999.0
111085,HUAMANTANGA,2015,5,0.3,-999.0,-999.0
111085,HUAMANTANGA,2015,6,0.0,-999.0,-999.0
111085,HUAMANTANGA,2015,7,0.0,-999.0,-999.0
111085,HUAMANTANGA,2015,8,2.9,-999.0,-999.0
111085,HUAMANTANGA,2015,9,0.5,-999.0,-999.0
111085,HUAMANTANGA,2015,10,12.4,-999.0,-999.0
111085,HUAMANTANGA,2015,11,19.5,-999.0,-999.0
111085,HUAMANTANGA,2015,12,52.7,-999.0,-999.0
111085,HUAMANTANGA,2016,1,25.9,-999.0,-999.0
111085,HUAMANTANGA,2016,2,87.2,-999.0,-999.0
111085,HUAMANTANGA,2016,3,65.6,-999.0,-999.0
111085,HUAMANTANGA,2016,4,38.5,-999.0,-999.0
111085,HUAMANTANGA,2016,5,3.5,-999.0,-999.0
111085,HUAMANTANGA,2016,6,0.0,-999.0,-999.0
111085,HUAMANTANGA,2016,7,0.0,-999.0,-999.0
111085,HUAMANTANGA,2016,8,0.0,-999.0,-999.0
111085,HUAMANTANGA,2016,9,6.0,-999.0,-999.0
111085,HUAMANTANGA,2016,10,0.0,-999.0,-999.0
111085,HUAMANTANGA,2016,11,0.0,-999.0,-999.0
111085,HUAMANTANGA,2016,12,29.3,-999.0,-999.0
111085,HUAMANTANGA,2017,1,267.6,-999.0,-999.0
111085,HUAMANTANGA,2017,2,156.7,-999.0,-999.0
111085,HUAMANTANGA,2017,3,238.0,-999.0,-999.0
111085,HUAMANTANGA,2017,4,22.3,-999.0,-999.0
111085,HUAMANTANGA,2017,5,4.7,-999.0,-999.0
111085,HUAMANTANGA,2017,6,0.0,-999.0,-999.0
111085,HUAMANTANGA,2017,7,0.0,-999.0,-999.0
111085,HUAMANTANGA,2017,8,0.0,-999.0,-999.0
111085,HUAMANTANGA,2017,9,0.0,-999.0,-999.0
111085,HUAMANTANGA,2017,10,6.5,-999.0,-999.0
111085,HUAMANTANGA,2017,11,1.3,-999.0,-999.0
111085,HUAMANTANGA,2017,12,13.0,-999.0,-999.0
111085,HUAMANTANGA,2018,1,83.7,-999.0,-999.0
111085,HUAMANTANGA,2018,2,47.5,-999.0,-999.0
111085,HUAMANTANGA,2018,3,106.2,-999.0,-999.0
111085,HUAMANTANGA,2018,4,41.2,-999.0,-999.0
111085,HUAMANTANGA,2018,5,6.2,-999.0,-999.0
111085,HUAMANTANGA,2018,6,3.7,-999.0,-999.0
111085,HUAMANTANGA,2018,7,0.0,-999.0,-999.0
111085,HUAMANTANGA,2018,8,0.7,-999.0,-999.0
111085,HUAMANTANGA,2018,9,0.0,-999.0,-999.0
111085,HUAMANTANGA,2018,10,7.3,-999.0,-999.0
111085,HUAMANTANGA,2018,11,4.2,-999.0,-999.0
111085,HUAMANTANGA,2018,12,37.1,-999.0,-999.0
111085,HUAMANTANGA,2019,1,89.8,-999.0,-999.0
111085,HUAMANTANGA,2019,2,143.5,-999.0,-999.0
111085,HUAMANTANGA,2019,3,95.0,-999.0,-999.0
111085,HUAMANTANGA,2019,4,12.0,-999.0,-999.0
111085,HUAMANTANGA,2019,5,3.4,-999.0,-999.0
111085,HUAMANTANGA,2019,6,3.3,-999.0,-999.0
111085,HUAMANTANGA,2019,7,0.0,-999.0,-999.0
111085,HUAMANTANGA,2019,8,0.0,-999.0,-999.0
111085,HUAMANTANGA,2019,9,18.6,-999.0,-999.0
111085,HUAMANTANGA,2019,10,8.5,-999.0,-999.0
111085,HUAMANTANGA,2019,11,11.8,-999.0,-999.0
111085,HUAMANTANGA,2019,12,30.1,-999.0,-999.0
111085,HUAMANTANGA,2020,1,105.4,-999.0,-999.0
111085,HUAMANTANGA,2020,2,98.7,-999.0,-999.0
111085,HUAMANTANGA,2020,3,-999.0,-999.0,-999.0
111085,HUAMANTANGA,2020,4,-999.0,-999.0,-999.0
111085,HUAMANTANGA,2020,5,-999.0,-999.0,-999.0
111085,HUAMANTANGA,2020,6,-999.0,-999.0,-999.0
111085,HUAMANTANGA,2020,7,-999.0,-999.0,-999.0
111085,HUAMANTANGA,2020,8,-999.0,-999.0,-999.0
111085,HUAMANTANGA,2020,9,-999.0,-999.0,-999.0
111085,HUAMANTANGA,2020,10,-999.0,-999.0,-999.0
111085,HUAMANTANGA,2020,11,-999.0,-999.0,-999.0
111085,HUAMANTANGA,2020,12,-999.0,-999.0,-999.0
111085,HUAMANTANGA,2021,1,117.8,-999.0,-999.0
111085,HUAMANTANGA,2021,2,29.5,-999.0,-999.0
111085,HUAMANTANGA,2021,3,113.8,-999.0,-999.0
111085,HUAMANTANGA,2021,4,37.6,-999.0,-999.0
111085,HUAMANTANGA,2021,5,2.2,-999.0,-999.0
111085,HUAMANTANGA,2021,6,0.0,-999.0,-999.0
111085,HUAMANTANGA,2021,7,0.0,-999.0,-999.0
111085,HUAMANTANGA,2021,8,0.8,-999.0,-999.0
111085,HUAMANTANGA,2021,9,5.1,-999.0,-999.0
111085,HUAMANTANGA,2021,10,15.1,-999.0,-999.0
111085,HUAMANTANGA,2021,11,16.1,-999.0,-999.0
111085,HUAMANTANGA,2021,12,26.3,-999.0,-999.0
111085,HUAMANTANGA,2022,1,-999.0,-999.0,-999.0
111085,HUAMANTANGA,2022,2,50.1,-999.0,-999.0
111085,HUAMANTANGA,2022,3,106.2,-999.0,-999.0
111085,HUAMANTANGA,2022,4,24.7,-999.0,-999.0
111085,HUAMANTANGA,2022,5,0.0,-999.0,-999.0
111085,HUAMANTANGA,2022,6,0.4,-999.0,-999.0
111085,HUAMANTANGA,2022,7,0.0,-999.0,-999.0
111085,HUAMANTANGA,2022,8,0.0,-999.0,-999.0
111085,HUAMANTANGA,2022,9,0.3,-999.0,-999.0
111085,HUAMANTANGA,2022,10,4.6,-999.0,-999.0
111085,HUAMANTANGA,2022,11,0.4,-999.0,-999.0
111085,HUAMANTANGA,2022,12,29.5,-999.0,-999.0
111085,HUAMANTANGA,2023,1,59.5,-999.0,-999.0
111085,HUAMANTANGA,2023,2,169.6,-999.0,-999.0
111085,HUAMANTANGA,2023,3,202.4,-999.0,-999.0
111085,HUAMANTANGA,2023,4,61.3,-999.0,-999.0
111085,HUAMANTANGA,2023,5,0.2,-999.0,-999.0
111085,HUAMANTANGA,2023,6,0.0,-999.0,-999.0
111085,HUAMANTANGA,2023,7,0.0,-999.0,-999.0
111085,HUAMANTANGA,2023,8,0.0,-999.0,-999.0
111085,HUAMANTANGA,2023,9,1.7,-999.0,-999.0
111085,HUAMANTANGA,2023,10,50.9,-999.0,-999.0
111085,HUAMANTANGA,2023,11,5.1,-999.0,-999.0
111085,HUAMANTANGA,2023,12,91.4,-999.0,-999.0
111085,HUAMANTANGA,2024,1,81.4,-999.0,-999.0
111085,HUAMANTANGA,2024,2,87.6,-999.0,-999.0
111085,HUAMANTANGA,2024,3,64.4,-999.0,-999.0
111085,HUAMANTANGA,2024,4,42.3,-999.0,-999.0
111085,HUAMANTANGA,2024,5,1.9,-999.0,-999.0
111085,HUAMANTANGA,2024,6,0.0,-999.0,-999.0
111085,HUAMANTANGA,2024,7,0.0,-999.0,-999.0
111085,HUAMANTANGA,2024,8,0.0,-999.0,-999.0
111085,HUAMANTANGA,2024,9,10.6,-999.0,-999.0
111085,HUAMANTANGA,2024,10,4.3,-999.0,-999.0
111085,HUAMANTANGA,2024,11,44.7,-999.0,-999.0
111085,HUAMANTANGA,2024,12,90.4,-999.0,-999.0
111085,HUAMANTANGA,2025,1,97.0,-999.0,-999.0
111085,HUAMANTANGA,2025,2,247.5,-999.0,-999.0
111085,HUAMANTANGA,2025,3,126.9,-999.0,-999.0
111085,HUAMANTANGA,2025,4,45.9,-999.0,-999.0
111085,HUAMANTANGA,2025,5,14.5,-999.0,-999.0
111085,HUAMANTANGA,2025,6,0.0,-999.0,-999.0
111085,HUAMANTANGA,2025,7,0.0,-999.0,-999.0
111085,HUAMANTANGA,2025,8,0.0,-999.0,-999.0
111085,HUAMANTANGA,2025,9,1.6,-999.0,-999.0
111085,HUAMANTANGA,2025,10,15.1,-999.0,-999.0
111085,HUAMANTANGA,2025,11,4.0,-999.0,-999.0
111085,HUAMANTANGA,2025,12,0.0,-999.0,-999.0
