CODIGO,ESTACION,YEAR,MONTH,PP,TMAX,TMIN
111089,HUAROS,1990,1,29.3,-999.0,-999.0
111089,HUAROS,1990,2,19.4,-999.0,-999.0
111089,HUAROS,1990,3,32.7,-999.0,-999.0
111089,HUAROS,1990,4,12.8,-999.0,-999.0
111089,HUAROS,1990,5,0.0,-999.0,-999.0
111089,HUAROS,1990,6,0.0,-999.0,-999.0
111089,HUAROS,1990,7,0.0,-999.0,-999.0
111089,HUAROS,1990,8,0.0,-999.0,-999.0
111089,HUAROS,1990,9,0.0,-999.0,-999.0
111089,HUAROS,1990,10,103.3,-999.0,-999.0
111089,HUAROS,1990,11,87.9,-999.0,-999.0
111089,HUAROS,1990,12,10.7,-999.0,-999.0
111089,HUAROS,1991,1,46.5,-999.0,-999.0
111089,HUAROS,1991,2,41.9,-999.0,-999.0
111089,HUAROS,1991,3,122.6,-999.0,-999.0
111089,HUAROS,1991,4,28.1,-999.0,-999.0
111089,HUAROS,1991,5,0.0,-999.0,-999.0
111089,HUAROS,1991,6,0.0,-999.0,-999.0
111089,HUAROS,1991,7,0.0,-999.0,-999.0
111089,HUAROS,1991,8,0.0,-999.0,-999.0
111089,HUAROS,1991,9,0.0,-999.0,-999.0
111089,HUAROS,1991,10,13.1,-999.0,-999.0
111089,HUAROS,1991,11,28.8,-999.0,-999.0
111089,HUAROS,1991,12,26.5,-999.0,-999.0
111089,HUAROS,1992,1,28.3,-999.0,-999.0
111089,HUAROS,1992,2,7.9,-999.0,-999.0
111089,HUAROS,1992,3,75.0,-999.0,-999.0
111089,HUAROS,1992,4,19.1,-999.0,-999.0
111089,HUAROS,1992,5,0.0,-999.0,-999.0
111089,HUAROS,1992,6,0.0,-999.0,-999.0
111089,HUAROS,1992,7,0.0,-999.0,-999.0
111089,HUAROS,1992,8,0.0,-999.0,-999.0
111089,HUAROS,1992,9,0.0,-999.0,-999.0
111089,HUAROS,1992,10,48.8,-999.0,-999.0
111089,HUAROS,1992,11,0.0,-999.0,-999.0
111089,HUAROS,1992,12,34.9,-999.0,-999.0
111089,HUAROS,1993,1,83.4,-999.0,-999.0
111089,HUAROS,1993,2,111.9,-999.0,-999.0
111089,HUAROS,1993,3,192.0,-999.0,-999.0
111089,HUAROS,1993,4,70.4,-999.0,-999.0
111089,HUAROS,1993,5,4.2,-999.0,-999.0
111089,HUAROS,1993,6,0.0,-999.0,-999.0
111089,HUAROS,1993,7,0.0,-999.0,-999.0
111089,HUAROS,1993,8,2.5,-999.0,-999.0
111089,HUAROS,1993,9,6.3,-999.0,-999.0
111089,HUAROS,1993,10,37.7,-999.0,-999.0
111089,HUAROS,1993,11,113.6,-999.0,-999.0
111089,HUAROS,1993,12,104.6,-999.0,-999.0
111089,HUAROS,1994,1,97.1,-999.0,-999.0
111089,HUAROS,1994,2,155.9,-999.0,-999.0
111089,HUAROS,1994,3,141.7,-999.0,-999.0
111089,HUAROS,1994,4,81.9,-999.0,-999.0
111089,HUAROS,1994,5,9.6,-999.0,-999.0
111089,HUAROS,1994,6,0.0,-999.0,-999.0
111089,HUAROS,1994,7,2.6,-999.0,-999.0
111089,HUAROS,1994,8,4.1,-999.0,-999.0
111089,HUAROS,1994,9,10.7,-999.0,-999.0
111089,HUAROS,1994,10,4.0,-999.0,-999.0
111089,HUAROS,1994,11,102.6,-999.0,-999.0
111089,HUAROS,1994,12,51.5,-999.0,-999.0
111089,HUAROS,1995,1,82.9,-999.0,-999.0
111089,HUAROS,1995,2,48.8,-999.0,-999.0
111089,HUAROS,1995,3,100.5,-999.0,-999.0
111089,HUAROS,1995,4,62.3,-999.0,-999.0
111089,HUAROS,1995,5,8.9,-999.0,-999.0
111089,HUAROS,1995,6,2.4,-999.0,-999.0
111089,HUAROS,1995,7,0.0,-999.0,-999.0
111089,HUAROS,1995,8,5.4,-999.0,-999.0
111089,HUAROS,1995,9,12.2,-999.0,-999.0
111089,HUAROS,1995,10,35.9,-999.0,-999.0
111089,HUAROS,1995,11,39.1,-999.0,-999.0
111089,HUAROS,1995,12,85.0,-999.0,-999.0
111089,HUAROS,1996,1,89.1,-999.0,-999.0
111089,HUAROS,1996,2,149.0,-999.0,-999.0
111089,HUAROS,1996,3,128.8,-999.0,-999.0
111089,HUAROS,1996,4,59.8,-999.0,-999.0
111089,HUAROS,1996,5,8.4,-999.0,-999.0
111089,HUAROS,1996,6,0.0,-999.0,-999.0
111089,HUAROS,1996,7,0.0,-999.0,-999.0
111089,HUAROS,1996,8,0.9,-999.0,-999.0
111089,HUAROS,1996,9,5.0,-999.0,-999.0
111089,HUAROS,1996,10,12.9,-999.0,-999.0
111089,HUAROS,1996,11,14.2,-999.0,-999.0
111089,HUAROS,1996,12,48.1,-999.0,-999.0
111089,HUAROS,1997,1,73.9,-999.0,-999.0
111089,HUAROS,1997,2,110.3,-999.0,-999.0
111089,HUAROS,1997,3,20.3,-999.0,-999.0
111089,HUAROS,1997,4,6.8,-999.0,-999.0
111089,HUAROS,1997,5,2.6,-999.0,-999.0
111089,HUAROS,1997,6,0.0,-999.0,-999.0
111089,HUAROS,1997,7,0.0,-999.0,-999.0
111089,HUAROS,1997,8,0.0,-999.0,-999.0
111089,HUAROS,1997,9,6.2,-999.0,-999.0
111089,HUAROS,1997,10,24.3,-999.0,-999.0
111089,HUAROS,1997,11,48.0,-999.0,-999.0
111089,HUAROS,1997,12,105.3,-999.0,-999.0
111089,HUAROS,1998,1,139.0,-999.0,-999.0
111089,HUAROS,1998,2,122.9,-999.0,-999.0
111089,HUAROS,1998,3,150.2,-999.0,-999.0
111089,HUAROS,1998,4,28.0,-999.0,-999.0
111089,HUAROS,1998,5,0.0,-999.0,-999.0
111089,HUAROS,1998,6,0.0,-999.0,-999.0
111089,HUAROS,1998,7,0.0,-999.0,-999.0
111089,HUAROS,1998,8,0.0,-999.0,-999.0
111089,HUAROS,1998,9,1.7,-999.0,-999.0
111089,HUAROS,1998,10,29.6,-999.0,-999.0
111089,HUAROS,1998,11,15.9,-999.0,-999.0
111089,HUAROS,1998,12,38.3,-999.0,-999.0
111089,HUAROS,1999,1,86.2,-999.0,-999.0
111089,HUAROS,1999,2,219.9,-999.0,-999.0
111089,HUAROS,1999,3,99.8,-999.0,-999.0
111089,HUAROS,1999,4,30.9,-999.0,-999.0
111089,HUAROS,1999,5,19.5,-999.0,-999.0
111089,HUAROS,1999,6,0.6,-999.0,-999.0
111089,HUAROS,1999,7,0.0,-999.0,-999.0
111089,HUAROS,1999,8,0.0,-999.0,-999.0
111089,HUAROS,1999,9,10.5,-999.0,-999.0
111089,HUAROS,1999,10,16.4,-999.0,-999.0
111089,HUAROS,1999,11,22.7,-999.0,-999.0
111089,HUAROS,1999,12,70.1,-999.0,-999.0
111089,HUAROS,2000,1,125.8,-999.0,-999.0
111089,HUAROS,2000,2,175.2,-999.0,-999.0
111089,HUAROS,2000,3,165.0,-999.0,-999.0
111089,HUAROS,2000,4,52.0,-999.0,-999.0
111089,HUAROS,2000,5,14.5,-999.0,-999.0
111089,HUAROS,2000,6,0.0,-999.0,-999.0
111089,HUAROS,2000,7,0.0,-999.0,-999.0
111089,HUAROS,2000,8,8.1,-999.0,-999.0
111089,HUAROS,2000,9,11.7,-999.0,-999.0
111089,HUAROS,2000,10,38.2,-999.0,-999.0
111089,HUAROS,2000,11,27.2,-999.0,-999.0
111089,HUAROS,2000,12,100.5,-999.0,-999.0
111089,HUAROS,2001,1,159.2,-999.0,-999.0
111089,HUAROS,2001,2,56.5,-999.0,-999.0
111089,HUAROS,2001,3,161.5,-999.0,-999.0
111089,HUAROS,2001,4,22.1,-999.0,-999.0
111089,HUAROS,2001,5,2.9,-999.0,-999.0
111089,HUAROS,2001,6,0.0,-999.0,-999.0
111089,HUAROS,2001,7,2.2,-999.0,-999.0
111089,HUAROS,2001,8,0.0,-999.0,-999.0
111089,HUAROS,2001,9,39.3,-999.0,-999.0
111089,HUAROS,2001,10,19.8,-999.0,-999.0
111089,HUAROS,2001,11,56.5,-999.0,-999.0
111089,HUAROS,2001,12,35.8,-999.0,-999.0
111089,HUAROS,2002,1,36.8,-999.0,-999.0
111089,HUAROS,2002,2,103.4,-999.0,-999.0
111089,HUAROS,2002,3,141.2,-999.0,-999.0
111089,HUAROS,2002,4,74.7,-999.0,-999.0
111089,HUAROS,2002,5,11.7,-999.0,-999.0
111089,HUAROS,2002,6,5.0,-999.0,-999.0
111089,HUAROS,2002,7,1.0,-999.0,-999.0
111089,HUAROS,2002,8,0.0,-999.0,-999.0
111089,HUAROS,2002,9,19.3,-999.0,-999.0
111089,HUAROS,2002,10,59.7,-999.0,-999.0
111089,HUAROS,2002,11,66.8,-999.0,-999.0
111089,HUAROS,2002,12,60.6,-999.0,-999.0
111089,HUAROS,2003,1,84.0,-999.0,-999.0
111089,HUAROS,2003,2,97.2,-999.0,-999.0
111089,HUAROS,2003,3,149.5,-999.0,-999.0
111089,HUAROS,2003,4,31.2,-999.0,-999.0
111089,HUAROS,2003,5,0.0,-999.0,-999.0
111089,HUAROS,2003,6,0.0,-999.0,-999.0
111089,HUAROS,2003,7,0.0,-999.0,-999.0
111089,HUAROS,2003,8,0.0,-999.0,-999.0
111089,HUAROS,2003,9,3.1,-999.0,-999.0
111089,HUAROS,2003,10,19.6,-999.0,-999.0
111089,HUAROS,2003,11,12.3,-999.0,-999.0
111089,HUAROS,2003,12,101.1,-999.0,-999.0
111089,HUAROS,2004,1,9.8,-999.0,-999.0
111089,HUAROS,2004,2,116.4,-999.0,-999.0
111089,HUAROS,2004,3,60.8,-999.0,-999.0
111089,HUAROS,2004,4,41.2,-999.0,-999.0
111089,HUAROS,2004,5,3.0,-999.0,-999.0
111089,HUAROS,2004,6,1.2,-999.0,-999.0
111089,HUAROS,2004,7,0.5,-999.0,-999.0
111089,HUAROS,2004,8,0.0,-999.0,-999.0
111089,HUAROS,2004,9,12.3,-999.0,-999.0
111089,HUAROS,2004,10,32.3,-999.0,-999.0
111089,HUAROS,2004,11,51.2,-999.0,-999.0
111089,HUAROS,2004,12,76.7,-999.0,-999.0
111089,HUAROS,2005,1,99.8,-999.0,-999.0
111089,HUAROS,2005,2,57.2,-999.0,-999.0
111089,HUAROS,2005,3,84.3,-999.0,-999.0
111089,HUAROS,2005,4,27.5,-999.0,-999.0
111089,HUAROS,2005,5,0.0,-999.0,-999.0
111089,HUAROS,2005,6,0.0,-999.0,-999.0
111089,HUAROS,2005,7,0.0,-999.0,-999.0
111089,HUAROS,2005,8,0.0,-999.0,-999.0
111089,HUAROS,2005,9,0.0,-999.0,-999.0
111089,HUAROS,2005,10,13.8,-999.0,-999.0
111089,HUAROS,2005,11,17.4,-999.0,-999.0
111089,HUAROS,2005,12,95.0,-999.0,-999.0
111089,HUAROS,2006,1,95.4,-999.0,-999.0
111089,HUAROS,2006,2,89.6,-999.0,-999.0
111089,HUAROS,2006,3,157.5,-999.0,-999.0
111089,HUAROS,2006,4,62.3,-999.0,-999.0
111089,HUAROS,2006,5,0.0,-999.0,-999.0
111089,HUAROS,2006,6,0.0,-999.0,-999.0
111089,HUAROS,2006,7,0.0,-999.0,-999.0
111089,HUAROS,2006,8,0.0,-999.0,-999.0
111089,HUAROS,2006,9,1.3,-999.0,-999.0
111089,HUAROS,2006,10,26.0,-999.0,-999.0
111089,HUAROS,2006,11,26.1,-999.0,-999.0
111089,HUAROS,2006,12,134.4,-999.0,-999.0
111089,HUAROS,2007,1,91.1,-999.0,-999.0
111089,HUAROS,2007,2,77.4,-999.0,-999.0
111089,HUAROS,2007,3,163.2,-999.0,-999.0
111089,HUAROS,2007,4,56.8,-999.0,-999.0
111089,HUAROS,2007,5,7.1,-999.0,-999.0
111089,HUAROS,2007,6,0.0,-999.0,-999.0
111089,HUAROS,2007,7,0.0,-999.0,-999.0
111089,HUAROS,2007,8,5.0,-999.0,-999.0
111089,HUAROS,2007,9,4.6,-999.0,-999.0
111089,HUAROS,2007,10,33.1,-999.0,-999.0
111089,HUAROS,2007,11,17.2,-999.0,-999.0
111089,HUAROS,2007,12,41.8,-999.0,-999.0
111089,HUAROS,2008,1,102.9,-999.0,-999.0
111089,HUAROS,2008,2,125.1,-999.0,-999.0
111089,HUAROS,2008,3,89.1,-999.0,-999.0
111089,HUAROS,2008,4,22.8,-999.0,-999.0
111089,HUAROS,2008,5,0.0,-999.0,-999.0
111089,HUAROS,2008,6,0.0,-999.0,-999.0
111089,HUAROS,2008,7,0.0,-999.0,-999.0
111089,HUAROS,2008,8,3.8,-999.0,-999.0
111089,HUAROS,2008,9,0.4,-999.0,-999.0
111089,HUAROS,2008,10,36.7,-999.0,-999.0
111089,HUAROS,2008,11,29.4,-999.0,-999.0
111089,HUAROS,2008,12,67.1,-999.0,-999.0
111089,HUAROS,2009,1,119.1,-999.0,-999.0
111089,HUAROS,2009,2,179.0,-999.0,-999.0
111089,HUAROS,2009,3,135.6,-999.0,-999.0
111089,HUAROS,2009,4,45.6,-999.0,-999.0
111089,HUAROS,2009,5,5.6,-999.0,-999.0
111089,HUAROS,2009,6,0.0,-999.0,-999.0
111089,HUAROS,2009,7,0.0,-999.0,-999.0
111089,HUAROS,2009,8,6.8,-999.0,-999.0
111089,HUAROS,2009,9,11.8,-999.0,-999.0
111089,HUAROS,2009,10,52.8,-999.0,-999.0
111089,HUAROS,2009,11,83.6,-999.0,-999.0
111089,HUAROS,2009,12,75.6,-999.0,-999.0
111089,HUAROS,2010,1,93.8,-999.0,-999.0
111089,HUAROS,2010,2,78.3,-999.0,-999.0
111089,HUAROS,2010,3,119.7,-999.0,-999.0
111089,HUAROS,2010,4,19.2,-999.0,-999.0
111089,HUAROS,2010,5,5.1,-999.0,-999.0
111089,HUAROS,2010,6,0.8,-999.0,-999.0
111089,HUAROS,2010,7,0.0,-999.0,-999.0
111089,HUAROS,2010,8,0.0,-999.0,-999.0
111089,HUAROS,2010,9,15.6,-999.0,-999.0
111089,HUAROS,2010,10,14.4,-999.0,-999.0
111089,HUAROS,2010,11,37.7,-999.0,-999.0
111089,HUAROS,2010,12,88.8,-999.0,-999.0
111089,HUAROS,2011,1,124.7,-999.0,-999.0
111089,HUAROS,2011,2,80.4,-999.0,-999.0
111089,HUAROS,2011,3,109.2,-999.0,-999.0
111089,HUAROS,2011,4,76.7,-999.0,-999.0
111089,HUAROS,2011,5,1.3,-999.0,-999.0
111089,HUAROS,2011,6,0.0,-999.0,-999.0
111089,HUAROS,2011,7,2.2,-999.0,-999.0
111089,HUAROS,2011,8,1.4,-999.0,-999.0
111089,HUAROS,2011,9,8.0,-999.0,-999.0
111089,HUAROS,2011,10,5.5,-999.0,-999.0
111089,HUAROS,2011,11,71.4,-999.0,-999.0
111089,HUAROS,2011,12,108.0,-999.0,-999.0
111089,HUAROS,2012,1,36.7,-999.0,-999.0
111089,HUAROS,2012,2,108.8,-999.0,-999.0
111089,HUAROS,2012,3,127.0,-999.0,-999.0
111089,HUAROS,2012,4,74.8,-999.0,-999.0
111089,HUAROS,2012,5,5.3,-999.0,-999.0
111089,HUAROS,2012,6,0.0,-999.0,-999.0
111089,HUAROS,2012,7,0.6,-999.0,-999.0
111089,HUAROS,2012,8,0.0,-999.0,-999.0
111089,HUAROS,2012,9,29.2,-999.0,-999.0
111089,HUAROS,2012,10,29.9,-999.0,-999.0
111089,HUAROS,2012,11,35.8,-999.0,-999.0
111089,HUAROS,2012,12,101.3,-999.0,-999.0
111089,HUAROS,2013,1,57.3,-999.0,-999.0
111089,HUAROS,2013,2,106.1,-999.0,-999.0
111089,HUAROS,2013,3,134.3,-999.0,-999.0
111089,HUAROS,2013,4,20.2,-999.0,-999.0
111089,HUAROS,2013,5,17.8,-999.0,-999.0
111089,HUAROS,2013,6,0.3,-999.0,-999.0
111089,HUAROS,2013,7,0.0,-999.0,-999.0
111089,HUAROS,2013,8,7.0,-999.0,-999.0
111089,HUAROS,2013,9,0.0,-999.0,-999.0
111089,HUAROS,2013,10,40.6,-999.0,-999.0
111089,HUAROS,2013,11,21.4,-999.0,-999.0
111089,HUAROS,2013,12,69.5,-999.0,-999.0
111089,HUAROS,2014,1,136.9,-999.0,-999.0
111089,HUAROS,2014,2,102.7,-999.0,-999.0
111089,HUAROS,2014,3,100.5,-999.0,-999.0
111089,HUAROS,2014,4,32.5,-999.0,-999.0
111089,HUAROS,2014,5,16.5,-999.0,-999.0
111089,HUAROS,2014,6,0.4,-999.0,-999.0
111089,HUAROS,2014,7,0.0,-999.0,-999.0
111089,HUAROS,2014,8,7.0,-999.0,-999.0
111089,HUAROS,2014,9,19.4,-999.0,-999.0
111089,HUAROS,2014,10,33.2,-999.0,-999.0
111089,HUAROS,2014,11,60.0,-999.0,-999.0
111089,HUAROS,2014,12,110.5,-999.0,-999.0
111089,HUAROS,2015,1,104.5,-999.0,-999.0
111089,HUAROS,2015,2,107.5,-999.0,-999.0
111089,HUAROS,2015,3,143.4,-999.0,-999.0
111089,HUAROS,2015,4,51.4,-999.0,-999.0
111089,HUAROS,2015,5,10.2,-999.0,-999.0
111089,HUAROS,2015,6,4.2,-999.0,-999.0
111089,HUAROS,2015,7,0.0,-999.0,-999.0
111089,HUAROS,2015,8,7.6,-999.0,-999.0
111089,HUAROS,2015,9,10.6,-999.0,-999.0
111089,HUAROS,2015,10,10.1,-999.0,-999.0
111089,HUAROS,2015,11,41.4,-999.0,-999.0
111089,HUAROS,2015,12,67.8,-999.0,-999.0
111089,HUAROS,2016,1,30.0,-999.0,-999.0
111089,HUAROS,2016,2,136.1,-999.0,-999.0
111089,HUAROS,2016,3,73.7,-999.0,-999.0
111089,HUAROS,2016,4,79.2,-999.0,-999.0
111089,HUAROS,2016,5,3.0,-999.0,-999.0
111089,HUAROS,2016,6,0.0,-999.0,-999.0
111089,HUAROS,2016,7,0.0,-999.0,-999.0
111089,HUAROS,2016,8,1.0,-999.0,-999.0
111089,HUAROS,2016,9,22.6,-999.0,-999.0
111089,HUAROS,2016,10,21.8,-999.0,-999.0
111089,HUAROS,2016,11,0.0,-999.0,-999.0
111089,HUAROS,2016,12,89.1,-999.0,-999.0
111089,HUAROS,2017,1,189.1,-999.0,-999.0
111089,HUAROS,2017,2,170.3,-999.0,-999.0
111089,HUAROS,2017,3,227.2,-999.0,-999.0
111089,HUAROS,2017,4,15.9,-999.0,-999.0
111089,HUAROS,2017,5,9.7,-999.0,-999.0
111089,HUAROS,2017,6,1.9,-999.0,-999.0
111089,HUAROS,2017,7,0.0,-999.0,-999.0
111089,HUAROS,2017,8,5.8,-999.0,-999.0
111089,HUAROS,2017,9,15.5,-999.0,-999.0
111089,HUAROS,2017,10,33.9,-999.0,-999.0
111089,HUAROS,2017,11,16.0,-999.0,-999.0
111089,HUAROS,2017,12,26.6,-999.0,-999.0
111089,HUAROS,2018,1,100.1,-999.0,-999.0
111089,HUAROS,2018,2,92.9,-999.0,-999.0
111089,HUAROS,2018,3,140.0,-999.0,-999.0
111089,HUAROS,2018,4,80.4,-999.0,-999.0
111089,HUAROS,2018,5,18.5,-999.0,-999.0
111089,HUAROS,2018,6,2.4,-999.0,-999.0
111089,HUAROS,2018,7,0.0,-999.0,-999.0
111089,HUAROS,2018,8,0.0,-999.0,-999.0
111089,HUAROS,2018,9,1.7,-999.0,-999.0
111089,HUAROS,2018,10,26.9,-999.0,-999.0
111089,HUAROS,2018,11,11.5,-999.0,-999.0
111089,HUAROS,2018,12,44.4,-999.0,-999.0
111089,HUAROS,2019,1,134.5,-999.0,-999.0
111089,HUAROS,2019,2,119.5,-999.0,-999.0
111089,HUAROS,2019,3,117.3,-999.0,-999.0
111089,HUAROS,2019,4,18.0,-999.0,-999.0
111089,HUAROS,2019,5,4.2,-999.0,-999.0
111089,HUAROS,2019,6,0.0,-999.0,-999.0
111089,HUAROS,2019,7,0.0,-999.0,-999.0
111089,HUAROS,2019,8,0.0,-999.0,-999.0
111089,HUAROS,2019,9,19.9,-999.0,-999.0
111089,HUAROS,2019,10,17.3,-999.0,-999.0
111089,HUAROS,2019,11,26.2,-999.0,-999.0
111089,HUAROS,2019,12,95.9,-999.0,-999.0
111089,HUAROS,2020,1,73.0,-999.0,-999.0
111089,HUAROS,2020,2,118.8,-999.0,-999.0
111089,HUAROS,2020,3,91.4,-999.0,-999.0
111089,HUAROS,2020,4,-999.0,-999.0,-999.0
111089,HUAROS,2020,5,-999.0,-999.0,-999.0
111089,HUAROS,2020,6,-999.0,-999.0,-999.0
111089,HUAROS,2020,7,-999.0,-999.0,-999.0
111089,HUAROS,2020,8,-999.0,-999.0,-999.0
111089,HUAROS,2020,9,-999.0,-999.0,-999.0
111089,HUAROS,2020,10,-999.0,-999.0,-999.0
111089,HUAROS,2020,11,-999.0,-999.0,-999.0
111089,HUAROS,2020,12,-999.0,-999.0,-999.0
111089,HUAROS,2021,1,-999.0,-999.0,-999.0
111089,HUAROS,2021,2,-999.0,-999.0,-999.0
111089,HUAROS,2021,3,-999.0,-999.0,-999.0
111089,HUAROS,2021,4,-999.0,-999.0,-999.0
111089,HUAROS,2021,5,-999.0,-999.0,-999.0
111089,HUAROS,2021,6,-999.0,-999.0,-999.0
111089,HUAROS,2021,7,-999.0,-999.0,-999.0
111089,HUAROS,2021,8,-999.0,-999.0,-999.0
111089,HUAROS,2021,9,-999.0,-999.0,-999.0
111089,HUAROS,2021,10,-999.0,-999.0,-999.0
111089,HUAROS,2021,11,-999.0,-999.0,-999.0
111089,HUAROS,2021,12,-999.0,-999.0,-999.0
111089,HUAROS,2022,1,-999.0,-999.0,-999.0
111089,HUAROS,2022,2,-999.0,-999.0,-999.0
111089,HUAROS,2022,3,-999.0,-999.0,-999.0
111089,HUAROS,2022,4,-999.0,-999.0,-999.0
111089,HUAROS,2022,5,-999.0,-999.0,-999.0
111089,HUAROS,2022,6,-999.0,-999.0,-999.0
111089,HUAROS,2022,7,-999.0,-999.0,-999.0
111089,HUAROS,2022,8,-999.0,-999.0,-999.0
111089,HUAROS,2022,9,-999.0,-999.0,-999.0
111089,HUAROS,2022,10,-999.0,-999.0,-999.0
111089,HUAROS,2022,11,-999.0,-999.0,-999.0
111089,HUAROS,2022,12,77.3,-999.0,-999.0
111089,HUAROS,2023,1,85.6,-999.0,-999.0
111089,HUAROS,2023,2,216.0,-999.0,-999.0
111089,HUAROS,2023,3,139.4,-999.0,-999.0
111089,HUAROS,2023,4,45.6,-999.0,-999.0
111089,HUAROS,2023,5,8.7,-999.0,-999.0
111089,HUAROS,2023,6,0.0,-999.0,-999.0
111089,HUAROS,2023,7,0.0,-999.0,-999.0
111089,HUAROS,2023,8,0.0,-999.0,-999.0
111089,HUAROS,2023,9,24.4,-999.0,-999.0
111089,HUAROS,2023,10,60.7,-999.0,-999.0
111089,HUAROS,2023,11,63.9,-999.0,-999.0
111089,HUAROS,2023,12,141.5,-999.0,-999.0
111089,HUAROS,2024,1,148.9,-999.0,-999.0
111089,HUAROS,2024,2,90.5,-999.0,-999.0
111089,HUAROS,2024,3,-999.0,-999.0,-999.0
111089,HUAROS,2024,4,-999.0,-999.0,-999.0
111089,HUAROS,2024,5,-999.0,-999.0,-999.0
111089,HUAROS,2024,6,0.0,-999.0,-999.0
111089,HUAROS,2024,7,0.0,-999.0,-999.0
111089,HUAROS,2024,8,0.0,-999.0,-999.0
111089,HUAROS,2024,9,14.4,-999.0,-999.0
111089,HUAROS,2024,10,18.3,-999.0,-999.0
111089,HUAROS,2024,11,77.2,-999.0,-999.0
111089,HUAROS,2024,12,121.0,-999.0,-999.0
111089,HUAROS,2025,1,91.9,-999.0,-999.0
111089,HUAROS,2025,2,168.8,-999.0,-999.0
111089,HUAROS,2025,3,172.7,-999.0,-999.0
111089,HUAROS,2025,4,64.1,-999.0,-999.0
111089,HUAROS,2025,5,16.5,-999.0,-999.0
111089,HUAROS,2025,6,0.0,-999.0,-999.0
111089,HUAROS,2025,7,0.0,-999.0,-999.0
111089,HUAROS,2025,8,0.0,-999.0,-999.0
111089,HUAROS,2025,9,13.8,-999.0,-999.0
111089,HUAROS,2025,10,37.8,-999.0,-999.0
111089,HUAROS,2025,11,12.3,-999.0,-999.0
111089,HUAROS,2025,12,7.0,-999.0,-999.0
