CODIGO,ESTACION,YEAR,MONTH,PP,TMAX,TMIN
111097,INGENIO,1990,1,-999.0,-999.0,-999.0
111097,INGENIO,1990,2,-999.0,-999.0,-999.0
111097,INGENIO,1990,3,-999.0,-999.0,-999.0
111097,INGENIO,1990,4,-999.0,-999.0,-999.0
111097,INGENIO,1990,5,72.1,-999.0,-999.0
111097,INGENIO,1990,6,69.7,-999.0,-999.0
111097,INGENIO,1990,7,3.0,-999.0,-999.0
111097,INGENIO,1990,8,31.8,-999.0,-999.0
111097,INGENIO,1990,9,37.1,-999.0,-999.0
111097,INGENIO,1990,10,45.1,-999.0,-999.0
111097,INGENIO,1990,11,40.9,-999.0,-999.0
111097,INGENIO,1990,12,60.5,-999.0,-999.0
111097,INGENIO,1991,1,22.8,-999.0,-999.0
111097,INGENIO,1991,2,23.0,-999.0,-999.0
111097,INGENIO,1991,3,23.0,-999.0,-999.0
111097,INGENIO,1991,4,6.8,-999.0,-999.0
111097,INGENIO,1991,5,5.2,-999.0,-999.0
111097,INGENIO,1991,6,0.3,-999.0,-999.0
111097,INGENIO,1991,7,0.5,-999.0,-999.0
111097,INGENIO,1991,8,0.5,-999.0,-999.0
111097,INGENIO,1991,9,3.2,-999.0,-999.0
111097,INGENIO,1991,10,17.1,-999.0,-999.0
111097,INGENIO,1991,11,1.6,-999.0,-999.0
111097,INGENIO,1991,12,3.1,-999.0,-999.0
111097,INGENIO,1992,1,4.2,-999.0,-999.0
111097,INGENIO,1992,2,6.2,-999.0,-999.0
111097,INGENIO,1992,3,4.3,-999.0,-999.0
111097,INGENIO,1992,4,2.3,-999.0,-999.0
111097,INGENIO,1992,5,0.9,-999.0,-999.0
111097,INGENIO,1992,6,16.0,-999.0,-999.0
111097,INGENIO,1992,7,0.7,-999.0,-999.0
111097,INGENIO,1992,8,13.5,-999.0,-999.0
111097,INGENIO,1992,9,6.3,-999.0,-999.0
111097,INGENIO,1992,10,15.9,-999.0,-999.0
111097,INGENIO,1992,11,18.2,-999.0,-999.0
111097,INGENIO,1992,12,7.6,-999.0,-999.0
111097,INGENIO,1993,1,24.3,-999.0,-999.0
111097,INGENIO,1993,2,48.4,-999.0,-999.0
111097,INGENIO,1993,3,-999.0,-999.0,-999.0
111097,INGENIO,1993,4,81.2,-999.0,-999.0
111097,INGENIO,1993,5,17.1,-999.0,-999.0
111097,INGENIO,1993,6,0.6,-999.0,-999.0
111097,INGENIO,1993,7,0.5,-999.0,-999.0
111097,INGENIO,1993,8,2.1,-999.0,-999.0
111097,INGENIO,1993,9,10.9,-999.0,-999.0
111097,INGENIO,1993,10,70.9,-999.0,-999.0
111097,INGENIO,1993,11,181.3,-999.0,-999.0
111097,INGENIO,1993,12,90.6,-999.0,-999.0
111097,INGENIO,1994,1,96.2,-999.0,-999.0
111097,INGENIO,1994,2,66.4,-999.0,-999.0
111097,INGENIO,1994,3,46.4,-999.0,-999.0
111097,INGENIO,1994,4,35.6,-999.0,-999.0
111097,INGENIO,1994,5,12.8,-999.0,-999.0
111097,INGENIO,1994,6,3.8,-999.0,-999.0
111097,INGENIO,1994,7,1.6,-999.0,-999.0
111097,INGENIO,1994,8,2.5,-999.0,-999.0
111097,INGENIO,1994,9,10.0,-999.0,-999.0
111097,INGENIO,1994,10,39.7,-999.0,-999.0
111097,INGENIO,1994,11,68.7,-999.0,-999.0
111097,INGENIO,1994,12,53.7,-999.0,-999.0
111097,INGENIO,1995,1,59.5,-999.0,-999.0
111097,INGENIO,1995,2,66.4,-999.0,-999.0
111097,INGENIO,1995,3,39.6,-999.0,-999.0
111097,INGENIO,1995,4,91.7,-999.0,-999.0
111097,INGENIO,1995,5,4.6,-999.0,-999.0
111097,INGENIO,1995,6,3.0,-999.0,-999.0
111097,INGENIO,1995,7,1.5,-999.0,-999.0
111097,INGENIO,1995,8,1.6,-999.0,-999.0
111097,INGENIO,1995,9,23.1,-999.0,-999.0
111097,INGENIO,1995,10,60.4,-999.0,-999.0
111097,INGENIO,1995,11,26.2,-999.0,-999.0
111097,INGENIO,1995,12,26.5,-999.0,-999.0
111097,INGENIO,1996,1,69.6,-999.0,-999.0
111097,INGENIO,1996,2,76.6,-999.0,-999.0
111097,INGENIO,1996,3,27.6,-999.0,-999.0
111097,INGENIO,1996,4,36.0,-999.0,-999.0
111097,INGENIO,1996,5,-999.0,-999.0,-999.0
111097,INGENIO,1996,6,1.9,-999.0,-999.0
111097,INGENIO,1996,7,0.0,-999.0,-999.0
111097,INGENIO,1996,8,14.0,-999.0,-999.0
111097,INGENIO,1996,9,25.6,-999.0,-999.0
111097,INGENIO,1996,10,79.2,-999.0,-999.0
111097,INGENIO,1996,11,55.5,-999.0,-999.0
111097,INGENIO,1996,12,156.3,-999.0,-999.0
111097,INGENIO,1997,1,194.9,-999.0,-999.0
111097,INGENIO,1997,2,134.9,-999.0,-999.0
111097,INGENIO,1997,3,72.0,-999.0,-999.0
111097,INGENIO,1997,4,54.6,-999.0,-999.0
111097,INGENIO,1997,5,22.1,-999.0,-999.0
111097,INGENIO,1997,6,8.4,-999.0,-999.0
111097,INGENIO,1997,7,0.1,-999.0,-999.0
111097,INGENIO,1997,8,2.9,-999.0,-999.0
111097,INGENIO,1997,9,36.5,-999.0,-999.0
111097,INGENIO,1997,10,69.9,-999.0,-999.0
111097,INGENIO,1997,11,108.3,-999.0,-999.0
111097,INGENIO,1997,12,223.0,-999.0,-999.0
111097,INGENIO,1998,1,197.1,-999.0,-999.0
111097,INGENIO,1998,2,123.2,-999.0,-999.0
111097,INGENIO,1998,3,106.8,-999.0,-999.0
111097,INGENIO,1998,4,49.9,-999.0,-999.0
111097,INGENIO,1998,5,10.6,-999.0,-999.0
111097,INGENIO,1998,6,14.0,-999.0,-999.0
111097,INGENIO,1998,7,0.0,-999.0,-999.0
111097,INGENIO,1998,8,11.9,-999.0,-999.0
111097,INGENIO,1998,9,20.9,-999.0,-999.0
111097,INGENIO,1998,10,-999.0,-999.0,-999.0
111097,INGENIO,1998,11,90.9,-999.0,-999.0
111097,INGENIO,1998,12,136.8,-999.0,-999.0
111097,INGENIO,1999,1,129.1,-999.0,-999.0
111097,INGENIO,1999,2,171.4,-999.0,-999.0
111097,INGENIO,1999,3,94.7,-999.0,-999.0
111097,INGENIO,1999,4,123.6,-999.0,-999.0
111097,INGENIO,1999,5,29.6,-999.0,-999.0
111097,INGENIO,1999,6,11.3,-999.0,-999.0
111097,INGENIO,1999,7,9.3,-999.0,-999.0
111097,INGENIO,1999,8,1.0,-999.0,-999.0
111097,INGENIO,1999,9,66.6,-999.0,-999.0
111097,INGENIO,1999,10,56.6,-999.0,-999.0
111097,INGENIO,1999,11,89.0,-999.0,-999.0
111097,INGENIO,1999,12,113.9,-999.0,-999.0
111097,INGENIO,2000,1,207.2,-999.0,-999.0
111097,INGENIO,2000,2,168.8,-999.0,-999.0
111097,INGENIO,2000,3,116.2,-999.0,-999.0
111097,INGENIO,2000,4,31.2,-999.0,-999.0
111097,INGENIO,2000,5,11.5,-999.0,-999.0
111097,INGENIO,2000,6,0.0,-999.0,-999.0
111097,INGENIO,2000,7,8.7,-999.0,-999.0
111097,INGENIO,2000,8,8.4,-999.0,-999.0
111097,INGENIO,2000,9,25.4,-999.0,-999.0
111097,INGENIO,2000,10,59.4,-999.0,-999.0
111097,INGENIO,2000,11,37.7,-999.0,-999.0
111097,INGENIO,2000,12,119.8,-999.0,-999.0
111097,INGENIO,2001,1,158.0,-999.0,-999.0
111097,INGENIO,2001,2,119.1,-999.0,-999.0
111097,INGENIO,2001,3,213.5,-999.0,-999.0
111097,INGENIO,2001,4,38.7,-999.0,-999.0
111097,INGENIO,2001,5,15.0,18.96,-999.0
111097,INGENIO,2001,6,0.0,17.73,-999.0
111097,INGENIO,2001,7,7.2,18.1,-999.0
111097,INGENIO,2001,8,0.0,18.15,-999.0
111097,INGENIO,2001,9,16.0,18.79,4.74
111097,INGENIO,2001,10,51.8,19.09,5.69
111097,INGENIO,2001,11,72.1,19.16,6.42
111097,INGENIO,2001,12,86.3,19.52,5.65
111097,INGENIO,2002,1,29.5,19.23,5.05
111097,INGENIO,2002,2,73.5,17.5,6.25
111097,INGENIO,2002,3,71.0,17.66,6.15
111097,INGENIO,2002,4,36.1,18.02,5.05
111097,INGENIO,2002,5,1.0,18.56,2.66
111097,INGENIO,2002,6,1.0,18.51,1.1
111097,INGENIO,2002,7,10.0,17.66,1.12
111097,INGENIO,2002,8,0.0,18.66,1.24
111097,INGENIO,2002,9,26.0,18.47,4.0
111097,INGENIO,2002,10,100.1,18.74,4.67
111097,INGENIO,2002,11,87.7,18.13,4.94
111097,INGENIO,2002,12,111.3,19.04,5.33
111097,INGENIO,2003,1,124.7,18.26,5.32
111097,INGENIO,2003,2,76.4,18.27,5.98
111097,INGENIO,2003,3,175.2,17.29,5.91
111097,INGENIO,2003,4,78.1,18.08,4.44
111097,INGENIO,2003,5,15.0,18.63,2.85
111097,INGENIO,2003,6,0.0,18.99,-0.05
111097,INGENIO,2003,7,0.0,18.47,-1.4
111097,INGENIO,2003,8,16.0,18.86,0.65
111097,INGENIO,2003,9,19.1,19.69,2.62
111097,INGENIO,2003,10,8.9,20.96,3.1
111097,INGENIO,2003,11,61.0,21.5,3.78
111097,INGENIO,2003,12,130.0,17.59,5.6
111097,INGENIO,2004,1,100.9,20.22,5.61
111097,INGENIO,2004,2,155.3,18.01,5.76
111097,INGENIO,2004,3,147.0,17.25,5.1
111097,INGENIO,2004,4,24.8,19.16,3.88
111097,INGENIO,2004,5,8.1,20.1,1.95
111097,INGENIO,2004,6,6.4,17.99,0.45
111097,INGENIO,2004,7,12.0,18.05,0.97
111097,INGENIO,2004,8,6.8,17.7,0.63
111097,INGENIO,2004,9,27.0,17.82,3.53
111097,INGENIO,2004,10,66.9,18.25,4.62
111097,INGENIO,2004,11,83.8,19.96,4.15
111097,INGENIO,2004,12,143.3,18.06,5.94
111097,INGENIO,2005,1,82.6,19.38,4.95
111097,INGENIO,2005,2,75.6,19.26,5.44
111097,INGENIO,2005,3,105.7,18.1,5.62
111097,INGENIO,2005,4,23.1,19.3,4.35
111097,INGENIO,2005,5,5.7,20.29,0.92
111097,INGENIO,2005,6,0.0,19.73,-0.7
111097,INGENIO,2005,7,0.0,19.82,-0.52
111097,INGENIO,2005,8,15.7,20.25,0.6
111097,INGENIO,2005,9,12.5,19.99,3.47
111097,INGENIO,2005,10,85.8,18.97,4.7
111097,INGENIO,2005,11,62.5,20.48,4.23
111097,INGENIO,2005,12,121.6,17.96,6.05
111097,INGENIO,2006,1,135.1,18.11,5.93
111097,INGENIO,2006,2,85.0,18.2,6.83
111097,INGENIO,2006,3,127.5,17.37,6.84
111097,INGENIO,2006,4,39.3,18.73,5.68
111097,INGENIO,2006,5,0.0,20.01,1.01
111097,INGENIO,2006,6,2.3,18.64,2.46
111097,INGENIO,2006,7,1.5,18.62,-0.36
111097,INGENIO,2006,8,1.3,19.13,3.09
111097,INGENIO,2006,9,21.1,19.62,3.98
111097,INGENIO,2006,10,57.0,19.7,6.01
111097,INGENIO,2006,11,105.4,18.72,5.96
111097,INGENIO,2006,12,90.1,19.29,6.27
111097,INGENIO,2007,1,87.4,19.35,6.67
111097,INGENIO,2007,2,91.6,18.67,6.42
111097,INGENIO,2007,3,136.0,17.18,6.18
111097,INGENIO,2007,4,48.9,18.22,5.36
111097,INGENIO,2007,5,12.9,19.36,2.74
111097,INGENIO,2007,6,0.0,19.41,-0.01
111097,INGENIO,2007,7,7.5,19.02,1.24
111097,INGENIO,2007,8,0.0,20.23,1.57
111097,INGENIO,2007,9,18.2,18.81,3.58
111097,INGENIO,2007,10,53.2,20.02,4.44
111097,INGENIO,2007,11,57.7,21.04,5.15
111097,INGENIO,2007,12,100.5,19.63,5.34
111097,INGENIO,2008,1,118.3,17.29,6.99
111097,INGENIO,2008,2,86.4,17.73,6.13
111097,INGENIO,2008,3,64.9,17.73,5.22
111097,INGENIO,2008,4,26.0,19.48,4.44
111097,INGENIO,2008,5,6.8,19.82,1.45
111097,INGENIO,2008,6,11.8,19.79,0.84
111097,INGENIO,2008,7,8.1,19.86,-0.01
111097,INGENIO,2008,8,2.7,20.3,2.06
111097,INGENIO,2008,9,38.9,20.46,3.81
111097,INGENIO,2008,10,82.3,19.3,5.44
111097,INGENIO,2008,11,36.7,21.1,5.81
111097,INGENIO,2008,12,96.8,20.01,6.25
111097,INGENIO,2009,1,113.8,17.6,5.9
111097,INGENIO,2009,2,98.9,17.73,7.14
111097,INGENIO,2009,3,104.3,17.29,6.15
111097,INGENIO,2009,4,84.1,18.52,5.12
111097,INGENIO,2009,5,16.6,19.49,2.81
111097,INGENIO,2009,6,4.9,19.96,0.85
111097,INGENIO,2009,7,0.0,19.55,1.55
111097,INGENIO,2009,8,9.3,20.06,2.54
111097,INGENIO,2009,9,32.3,20.63,3.69
111097,INGENIO,2009,10,70.3,20.47,5.08
111097,INGENIO,2009,11,95.9,19.55,6.07
111097,INGENIO,2009,12,172.9,18.77,6.69
111097,INGENIO,2010,1,155.5,18.31,6.75
111097,INGENIO,2010,2,133.9,18.84,7.22
111097,INGENIO,2010,3,84.0,18.47,7.22
111097,INGENIO,2010,4,55.6,19.57,5.35
111097,INGENIO,2010,5,2.2,20.32,3.14
111097,INGENIO,2010,6,0.0,19.54,1.5
111097,INGENIO,2010,7,0.0,20.94,-0.35
111097,INGENIO,2010,8,2.8,20.57,0.75
111097,INGENIO,2010,9,8.7,19.77,3.79
111097,INGENIO,2010,10,61.9,20.0,4.73
111097,INGENIO,2010,11,57.2,19.73,4.92
111097,INGENIO,2010,12,130.0,18.05,6.06
111097,INGENIO,2011,1,196.6,17.25,6.15
111097,INGENIO,2011,2,205.3,16.92,6.07
111097,INGENIO,2011,3,161.2,17.02,6.4
111097,INGENIO,2011,4,45.4,17.54,4.79
111097,INGENIO,2011,5,12.8,18.59,2.29
111097,INGENIO,2011,6,0.0,19.05,0.22
111097,INGENIO,2011,7,4.1,18.51,-0.09
111097,INGENIO,2011,8,0.0,19.88,1.06
111097,INGENIO,2011,9,49.4,18.58,4.9
111097,INGENIO,2011,10,74.2,19.88,5.2
111097,INGENIO,2011,11,54.9,20.18,5.61
111097,INGENIO,2011,12,135.6,-999.0,5.7
111097,INGENIO,2012,1,93.6,18.92,5.69
111097,INGENIO,2012,2,141.2,17.15,6.37
111097,INGENIO,2012,3,75.7,16.7,5.84
111097,INGENIO,2012,4,135.7,17.23,5.49
111097,INGENIO,2012,5,19.9,18.66,2.77
111097,INGENIO,2012,6,28.0,18.22,0.65
111097,INGENIO,2012,7,0.0,19.38,-1.37
111097,INGENIO,2012,8,3.8,20.1,0.19
111097,INGENIO,2012,9,28.4,18.83,2.53
111097,INGENIO,2012,10,51.6,19.35,5.28
111097,INGENIO,2012,11,54.1,19.62,6.38
111097,INGENIO,2012,12,186.1,17.5,7.7
111097,INGENIO,2013,1,156.7,18.49,6.62
111097,INGENIO,2013,2,110.9,17.5,7.53
111097,INGENIO,2013,3,87.3,18.12,7.68
111097,INGENIO,2013,4,52.4,19.47,4.75
111097,INGENIO,2013,5,52.9,18.57,4.09
111097,INGENIO,2013,6,8.7,17.37,3.29
111097,INGENIO,2013,7,0.9,17.36,1.86
111097,INGENIO,2013,8,30.6,18.84,2.76
111097,INGENIO,2013,9,17.8,19.71,3.65
111097,INGENIO,2013,10,76.6,19.51,5.86
111097,INGENIO,2013,11,67.1,19.7,5.81
111097,INGENIO,2013,12,179.7,18.2,6.76
111097,INGENIO,2014,1,157.7,18.23,6.77
111097,INGENIO,2014,2,139.5,17.94,7.36
111097,INGENIO,2014,3,131.5,17.65,6.33
111097,INGENIO,2014,4,67.4,18.0,5.17
111097,INGENIO,2014,5,17.8,18.96,3.95
111097,INGENIO,2014,6,3.8,19.74,1.23
111097,INGENIO,2014,7,5.8,18.49,1.28
111097,INGENIO,2014,8,4.4,19.15,1.09
111097,INGENIO,2014,9,61.4,18.79,4.62
111097,INGENIO,2014,10,43.1,18.55,5.1
111097,INGENIO,2014,11,74.8,19.83,5.67
111097,INGENIO,2014,12,106.7,19.07,6.75
111097,INGENIO,2015,1,166.3,17.7,6.46
111097,INGENIO,2015,2,150.6,17.91,6.53
111097,INGENIO,2015,3,107.5,17.6,6.51
111097,INGENIO,2015,4,66.2,17.37,5.96
111097,INGENIO,2015,5,21.3,18.67,4.26
111097,INGENIO,2015,6,17.1,19.11,1.94
111097,INGENIO,2015,7,4.2,20.05,0.45
111097,INGENIO,2015,8,4.8,20.19,2.12
111097,INGENIO,2015,9,27.3,20.46,4.78
111097,INGENIO,2015,10,32.9,20.62,6.01
111097,INGENIO,2015,11,86.7,20.19,6.13
111097,INGENIO,2015,12,110.4,19.14,6.73
111097,INGENIO,2016,1,89.7,21.01,6.67
111097,INGENIO,2016,2,176.2,18.84,8.08
111097,INGENIO,2016,3,62.1,19.65,7.0
111097,INGENIO,2016,4,61.7,19.9,5.89
111097,INGENIO,2016,5,9.5,20.43,3.27
111097,INGENIO,2016,6,0.0,19.65,1.0
111097,INGENIO,2016,7,1.3,19.84,-0.11
111097,INGENIO,2016,8,23.3,20.29,2.45
111097,INGENIO,2016,9,49.1,20.28,3.73
111097,INGENIO,2016,10,95.1,19.73,5.59
111097,INGENIO,2016,11,34.2,21.3,4.88
111097,INGENIO,2016,12,111.6,19.03,6.28
111097,INGENIO,2017,1,188.7,17.43,7.02
111097,INGENIO,2017,2,114.2,17.45,6.23
111097,INGENIO,2017,3,119.0,17.48,7.06
111097,INGENIO,2017,4,63.8,18.28,5.98
111097,INGENIO,2017,5,19.4,18.37,4.99
111097,INGENIO,2017,6,1.8,19.52,2.11
111097,INGENIO,2017,7,7.4,19.38,0.65
111097,INGENIO,2017,8,2.5,20.43,2.08
111097,INGENIO,2017,9,42.5,19.28,5.33
111097,INGENIO,2017,10,54.8,20.35,5.43
111097,INGENIO,2017,11,95.8,20.29,5.99
111097,INGENIO,2017,12,97.1,19.03,6.43
111097,INGENIO,2018,1,142.5,17.27,6.08
111097,INGENIO,2018,2,150.1,18.14,7.09
111097,INGENIO,2018,3,174.8,18.14,6.98
111097,INGENIO,2018,4,31.6,17.58,4.92
111097,INGENIO,2018,5,21.5,19.13,3.09
111097,INGENIO,2018,6,2.1,18.09,1.47
111097,INGENIO,2018,7,7.1,18.14,1.35
111097,INGENIO,2018,8,8.8,18.1,2.49
111097,INGENIO,2018,9,38.0,20.09,3.05
111097,INGENIO,2018,10,137.0,18.42,6.26
111097,INGENIO,2018,11,90.0,20.62,6.4
111097,INGENIO,2018,12,50.6,19.78,5.08
111097,INGENIO,2019,1,149.3,18.68,7.15
111097,INGENIO,2019,2,177.3,17.77,7.24
111097,INGENIO,2019,3,199.5,17.99,7.61
111097,INGENIO,2019,4,18.4,18.84,5.74
111097,INGENIO,2019,5,7.3,19.29,3.34
111097,INGENIO,2019,6,1.0,19.04,0.92
111097,INGENIO,2019,7,8.3,18.83,0.69
111097,INGENIO,2019,8,0.0,19.53,0.89
111097,INGENIO,2019,9,10.6,19.28,4.46
111097,INGENIO,2019,10,25.8,19.89,5.23
111097,INGENIO,2019,11,109.8,19.86,6.71
111097,INGENIO,2019,12,190.4,18.35,7.16
111097,INGENIO,2020,1,92.6,19.16,6.69
111097,INGENIO,2020,2,156.3,18.71,7.51
111097,INGENIO,2020,3,-999.0,-999.0,-999.0
111097,INGENIO,2020,4,-999.0,-999.0,-999.0
111097,INGENIO,2020,5,-999.0,-999.0,-999.0
111097,INGENIO,2020,6,-999.0,-999.0,-999.0
111097,INGENIO,2020,7,3.2,19.98,1.19
111097,INGENIO,2020,8,0.0,21.0,1.62
111097,INGENIO,2020,9,51.3,19.27,4.81
111097,INGENIO,2020,10,45.1,19.33,5.06
111097,INGENIO,2020,11,29.7,20.88,4.99
111097,INGENIO,2020,12,137.0,18.65,6.74
111097,INGENIO,2021,1,156.1,17.7,7.48
111097,INGENIO,2021,2,35.6,19.16,5.68
111097,INGENIO,2021,3,195.8,17.27,6.55
111097,INGENIO,2021,4,44.2,18.55,5.41
111097,INGENIO,2021,5,16.2,18.63,3.2
111097,INGENIO,2021,6,1.1,19.24,2.54
111097,INGENIO,2021,7,0.0,19.46,0.3
111097,INGENIO,2021,8,7.7,20.11,2.3
111097,INGENIO,2021,9,25.7,19.14,3.7
111097,INGENIO,2021,10,43.0,20.41,5.65
111097,INGENIO,2021,11,111.4,19.21,6.29
111097,INGENIO,2021,12,81.6,19.88,6.84
111097,INGENIO,2022,1,119.1,19.07,6.26
111097,INGENIO,2022,2,134.2,17.63,7.05
111097,INGENIO,2022,3,125.5,17.84,6.48
111097,INGENIO,2022,4,65.6,18.87,4.45
111097,INGENIO,2022,5,12.7,19.55,3.16
111097,INGENIO,2022,6,7.5,19.01,0.62
111097,INGENIO,2022,7,5.8,19.99,0.51
111097,INGENIO,2022,8,5.7,20.39,1.94
111097,INGENIO,2022,9,18.9,20.94,3.89
111097,INGENIO,2022,10,45.5,21.65,4.58
111097,INGENIO,2022,11,35.9,21.87,4.53
111097,INGENIO,2022,12,97.1,19.35,5.39
111097,INGENIO,2023,1,95.0,18.49,5.99
111097,INGENIO,2023,2,118.8,17.39,6.39
111097,INGENIO,2023,3,63.7,18.24,5.98
111097,INGENIO,2023,4,47.7,19.62,3.65
111097,INGENIO,2023,5,65.7,19.47,2.67
111097,INGENIO,2023,6,1.0,20.34,-1.83
111097,INGENIO,2023,7,0.0,21.18,-1.75
111097,INGENIO,2023,8,6.4,21.35,-0.25
111097,INGENIO,2023,9,34.3,20.61,1.93
111097,INGENIO,2023,10,74.3,-999.0,5.87
111097,INGENIO,2023,11,56.2,-999.0,5.76
111097,INGENIO,2023,12,175.3,-999.0,5.72
111097,INGENIO,2024,1,142.9,-999.0,7.24
111097,INGENIO,2024,2,129.5,18.64,7.18
111097,INGENIO,2024,3,164.8,18.2,7.38
111097,INGENIO,2024,4,36.8,18.79,5.3
111097,INGENIO,2024,5,4.8,19.98,3.83
111097,INGENIO,2024,6,10.9,19.44,0.91
111097,INGENIO,2024,7,4.6,19.38,0.22
111097,INGENIO,2024,8,4.6,20.45,2.11
111097,INGENIO,2024,9,12.8,20.11,3.93
111097,INGENIO,2024,10,56.6,20.15,5.31
111097,INGENIO,2024,11,133.9,19.42,6.3
111097,INGENIO,2024,12,118.4,18.83,6.6
111097,INGENIO,2025,1,146.2,18.44,6.32
111097,INGENIO,2025,2,163.9,18.0,6.63
111097,INGENIO,2025,3,178.1,16.93,6.64
111097,INGENIO,2025,4,82.7,18.03,5.66
111097,INGENIO,2025,5,19.8,18.29,4.2
111097,INGENIO,2025,6,7.0,18.62,1.97
111097,INGENIO,2025,7,1.0,18.75,-0.55
111097,INGENIO,2025,8,0.4,19.64,2.3
111097,INGENIO,2025,9,10.7,18.76,3.65
111097,INGENIO,2025,10,80.1,18.88,6.28
111097,INGENIO,2025,11,49.8,20.51,4.69
111097,INGENIO,2025,12,73.6,21.0,4.9
