CODIGO,ESTACION,YEAR,MONTH,PP,TMAX,TMIN
111005,JAUJA,1990,1,123.8,17.55,7.07
111005,JAUJA,1990,2,43.8,19.71,6.05
111005,JAUJA,1990,3,82.8,18.45,5.19
111005,JAUJA,1990,4,32.6,19.07,4.33
111005,JAUJA,1990,5,10.0,19.76,2.23
111005,JAUJA,1990,6,44.8,17.84,3.75
111005,JAUJA,1990,7,-999.0,-999.0,-999.0
111005,JAUJA,1990,8,-999.0,-999.0,-999.0
111005,JAUJA,1990,9,-999.0,-999.0,-999.0
111005,JAUJA,1990,10,-999.0,-999.0,-999.0
111005,JAUJA,1990,11,88.5,18.32,7.02
111005,JAUJA,1990,12,99.3,18.1,5.74
111005,JAUJA,1991,1,78.8,19.5,6.77
111005,JAUJA,1991,2,63.6,18.31,5.92
111005,JAUJA,1991,3,137.9,17.3,7.41
111005,JAUJA,1991,4,49.2,18.31,4.78
111005,JAUJA,1991,5,22.4,19.03,2.42
111005,JAUJA,1991,6,14.5,19.29,0.47
111005,JAUJA,1991,7,1.4,18.72,-1.83
111005,JAUJA,1991,8,0.0,19.06,-0.5
111005,JAUJA,1991,9,35.9,19.03,3.17
111005,JAUJA,1991,10,68.3,18.66,5.45
111005,JAUJA,1991,11,40.8,19.25,5.18
111005,JAUJA,1991,12,55.3,20.81,4.74
111005,JAUJA,1992,1,65.8,19.63,5.77
111005,JAUJA,1992,2,48.5,19.99,6.22
111005,JAUJA,1992,3,33.1,19.7,5.83
111005,JAUJA,1992,4,14.7,21.21,4.45
111005,JAUJA,1992,5,0.6,21.18,1.35
111005,JAUJA,1992,6,19.4,18.33,2.69
111005,JAUJA,1992,7,0.5,18.23,-0.99
111005,JAUJA,1992,8,8.3,18.8,1.79
111005,JAUJA,1992,9,16.1,20.59,3.22
111005,JAUJA,1992,10,35.7,19.35,4.72
111005,JAUJA,1992,11,46.0,21.59,5.18
111005,JAUJA,1992,12,40.6,21.54,4.67
111005,JAUJA,1993,1,137.4,18.56,6.31
111005,JAUJA,1993,2,113.5,18.3,6.2
111005,JAUJA,1993,3,82.4,17.35,6.3
111005,JAUJA,1993,4,67.6,18.09,5.1
111005,JAUJA,1993,5,7.1,19.06,2.21
111005,JAUJA,1993,6,0.8,19.06,-2.74
111005,JAUJA,1993,7,3.5,19.08,-0.71
111005,JAUJA,1993,8,7.5,19.21,0.52
111005,JAUJA,1993,9,42.2,19.3,3.57
111005,JAUJA,1993,10,90.5,18.75,4.95
111005,JAUJA,1993,11,116.5,17.85,6.75
111005,JAUJA,1993,12,129.1,17.83,7.37
111005,JAUJA,1994,1,130.8,16.9,6.79
111005,JAUJA,1994,2,114.7,17.02,6.82
111005,JAUJA,1994,3,111.4,17.26,6.19
111005,JAUJA,1994,4,85.4,18.13,5.47
111005,JAUJA,1994,5,11.1,19.08,1.15
111005,JAUJA,1994,6,4.3,18.47,-0.97
111005,JAUJA,1994,7,0.0,18.53,-1.57
111005,JAUJA,1994,8,3.0,18.64,-1.11
111005,JAUJA,1994,9,11.7,18.73,3.09
111005,JAUJA,1994,10,59.6,19.52,3.75
111005,JAUJA,1994,11,64.7,19.85,5.39
111005,JAUJA,1994,12,83.4,20.02,5.95
111005,JAUJA,1995,1,67.4,18.54,5.74
111005,JAUJA,1995,2,82.1,18.26,5.7
111005,JAUJA,1995,3,132.6,16.98,6.43
111005,JAUJA,1995,4,37.4,19.05,4.39
111005,JAUJA,1995,5,7.8,19.02,0.88
111005,JAUJA,1995,6,1.2,19.47,-0.04
111005,JAUJA,1995,7,10.1,19.86,0.21
111005,JAUJA,1995,8,2.5,20.91,0.95
111005,JAUJA,1995,9,2.8,19.07,2.75
111005,JAUJA,1995,10,62.8,19.88,4.54
111005,JAUJA,1995,11,72.5,19.09,4.9
111005,JAUJA,1995,12,115.2,18.88,4.79
111005,JAUJA,1996,1,84.7,17.15,5.39
111005,JAUJA,1996,2,101.9,16.74,5.57
111005,JAUJA,1996,3,138.5,17.26,5.57
111005,JAUJA,1996,4,61.4,18.21,5.33
111005,JAUJA,1996,5,8.8,18.9,2.08
111005,JAUJA,1996,6,0.0,19.27,-2.04
111005,JAUJA,1996,7,0.0,18.86,-3.23
111005,JAUJA,1996,8,0.4,19.75,1.68
111005,JAUJA,1996,9,31.8,20.84,2.65
111005,JAUJA,1996,10,46.4,20.35,3.97
111005,JAUJA,1996,11,31.0,21.53,3.65
111005,JAUJA,1996,12,79.7,19.33,4.33
111005,JAUJA,1997,1,131.5,18.47,5.23
111005,JAUJA,1997,2,125.8,16.61,5.0
111005,JAUJA,1997,3,58.4,19.96,5.18
111005,JAUJA,1997,4,20.9,20.57,3.23
111005,JAUJA,1997,5,16.5,20.61,2.23
111005,JAUJA,1997,6,0.2,21.08,-1.49
111005,JAUJA,1997,7,2.2,20.86,-1.29
111005,JAUJA,1997,8,5.8,19.77,2.08
111005,JAUJA,1997,9,12.1,21.57,3.49
111005,JAUJA,1997,10,19.7,22.45,5.34
111005,JAUJA,1997,11,61.4,20.43,5.37
111005,JAUJA,1997,12,100.2,20.37,6.58
111005,JAUJA,1998,1,121.6,19.22,7.18
111005,JAUJA,1998,2,111.1,19.57,7.2
111005,JAUJA,1998,3,85.1,18.96,6.39
111005,JAUJA,1998,4,19.1,21.73,4.39
111005,JAUJA,1998,5,1.0,21.79,-0.34
111005,JAUJA,1998,6,2.3,20.21,-0.34
111005,JAUJA,1998,7,0.0,20.91,-2.99
111005,JAUJA,1998,8,0.0,22.42,1.85
111005,JAUJA,1998,9,7.8,21.66,1.7
111005,JAUJA,1998,10,122.0,20.73,4.95
111005,JAUJA,1998,11,68.2,20.65,4.52
111005,JAUJA,1998,12,105.5,18.69,5.21
111005,JAUJA,1999,1,139.3,17.77,5.41
111005,JAUJA,1999,2,132.9,15.71,5.37
111005,JAUJA,1999,3,88.7,16.72,5.12
111005,JAUJA,1999,4,69.0,17.0,3.78
111005,JAUJA,1999,5,7.8,18.6,1.35
111005,JAUJA,1999,6,2.3,19.3,-1.52
111005,JAUJA,1999,7,2.0,18.51,-2.38
111005,JAUJA,1999,8,0.0,19.44,-1.83
111005,JAUJA,1999,9,69.7,19.23,2.28
111005,JAUJA,1999,10,58.3,17.43,3.09
111005,JAUJA,1999,11,48.5,20.79,4.68
111005,JAUJA,1999,12,82.2,19.24,5.74
111005,JAUJA,2000,1,152.5,16.62,5.24
111005,JAUJA,2000,2,148.2,16.39,5.2
111005,JAUJA,2000,3,147.4,15.95,4.52
111005,JAUJA,2000,4,32.4,18.11,4.28
111005,JAUJA,2000,5,10.5,19.89,2.88
111005,JAUJA,2000,6,3.9,20.44,2.07
111005,JAUJA,2000,7,4.4,19.97,0.65
111005,JAUJA,2000,8,12.5,19.65,1.73
111005,JAUJA,2000,9,16.8,20.1,2.56
111005,JAUJA,2000,10,52.6,19.44,5.05
111005,JAUJA,2000,11,40.8,20.89,4.07
111005,JAUJA,2000,12,99.9,20.77,5.69
111005,JAUJA,2001,1,125.2,16.69,7.27
111005,JAUJA,2001,2,77.3,17.03,6.86
111005,JAUJA,2001,3,169.4,16.13,6.79
111005,JAUJA,2001,4,34.0,17.37,3.92
111005,JAUJA,2001,5,18.9,18.93,3.05
111005,JAUJA,2001,6,7.8,17.32,0.27
111005,JAUJA,2001,7,6.6,18.15,2.23
111005,JAUJA,2001,8,1.7,18.11,0.7
111005,JAUJA,2001,9,18.4,18.71,4.58
111005,JAUJA,2001,10,70.3,18.68,5.51
111005,JAUJA,2001,11,93.7,18.34,6.58
111005,JAUJA,2001,12,76.8,18.71,6.14
111005,JAUJA,2002,1,53.4,18.59,5.79
111005,JAUJA,2002,2,136.3,17.15,7.39
111005,JAUJA,2002,3,131.5,17.67,7.09
111005,JAUJA,2002,4,79.1,17.24,5.52
111005,JAUJA,2002,5,8.1,17.88,2.69
111005,JAUJA,2002,6,2.0,18.31,1.0
111005,JAUJA,2002,7,18.2,16.95,2.16
111005,JAUJA,2002,8,3.6,18.25,1.75
111005,JAUJA,2002,9,66.0,17.97,4.73
111005,JAUJA,2002,10,51.6,18.21,5.76
111005,JAUJA,2002,11,88.6,17.97,6.14
111005,JAUJA,2002,12,101.8,18.25,6.48
111005,JAUJA,2003,1,122.5,18.7,7.2
111005,JAUJA,2003,2,82.7,17.6,6.96
111005,JAUJA,2003,3,130.7,17.1,6.82
111005,JAUJA,2003,4,54.1,18.24,5.53
111005,JAUJA,2003,5,4.9,18.96,3.77
111005,JAUJA,2003,6,1.5,19.31,1.23
111005,JAUJA,2003,7,0.7,18.95,-0.26
111005,JAUJA,2003,8,6.0,19.19,2.02
111005,JAUJA,2003,9,14.5,19.47,3.84
111005,JAUJA,2003,10,39.1,20.58,4.9
111005,JAUJA,2003,11,63.3,20.87,5.32
111005,JAUJA,2003,12,117.2,18.05,7.16
111005,JAUJA,2004,1,50.3,19.76,6.36
111005,JAUJA,2004,2,136.1,17.75,6.94
111005,JAUJA,2004,3,108.5,17.74,6.56
111005,JAUJA,2004,4,38.3,18.98,4.42
111005,JAUJA,2004,5,14.7,20.22,2.29
111005,JAUJA,2004,6,6.1,18.66,0.9
111005,JAUJA,2004,7,4.7,18.3,1.56
111005,JAUJA,2004,8,5.1,17.33,1.28
111005,JAUJA,2004,9,36.1,17.41,4.24
111005,JAUJA,2004,10,50.4,18.65,6.2
111005,JAUJA,2004,11,89.5,19.29,5.81
111005,JAUJA,2004,12,78.5,17.28,6.75
111005,JAUJA,2005,1,68.4,18.52,5.14
111005,JAUJA,2005,2,122.2,18.61,6.69
111005,JAUJA,2005,3,89.8,17.73,6.68
111005,JAUJA,2005,4,27.5,19.07,5.41
111005,JAUJA,2005,5,17.3,20.51,2.09
111005,JAUJA,2005,6,0.0,20.26,0.06
111005,JAUJA,2005,7,0.7,19.84,-0.29
111005,JAUJA,2005,8,14.9,20.3,1.39
111005,JAUJA,2005,9,15.4,19.99,4.05
111005,JAUJA,2005,10,93.2,19.04,5.27
111005,JAUJA,2005,11,42.9,20.47,4.91
111005,JAUJA,2005,12,103.1,17.57,5.97
111005,JAUJA,2006,1,105.3,18.21,6.46
111005,JAUJA,2006,2,98.1,17.66,6.65
111005,JAUJA,2006,3,114.6,17.06,6.78
111005,JAUJA,2006,4,43.2,17.78,5.45
111005,JAUJA,2006,5,8.0,19.15,0.53
111005,JAUJA,2006,6,19.9,18.62,2.17
111005,JAUJA,2006,7,4.0,18.73,-0.69
111005,JAUJA,2006,8,3.9,18.96,2.49
111005,JAUJA,2006,9,17.0,19.76,3.8
111005,JAUJA,2006,10,44.6,19.97,6.11
111005,JAUJA,2006,11,50.2,18.41,6.53
111005,JAUJA,2006,12,89.9,19.26,7.01
111005,JAUJA,2007,1,81.1,19.01,7.15
111005,JAUJA,2007,2,76.2,18.25,6.88
111005,JAUJA,2007,3,169.4,16.9,6.94
111005,JAUJA,2007,4,50.1,17.38,5.64
111005,JAUJA,2007,5,17.4,18.76,2.84
111005,JAUJA,2007,6,0.0,19.05,-0.72
111005,JAUJA,2007,7,4.6,18.78,0.78
111005,JAUJA,2007,8,1.4,19.77,1.26
111005,JAUJA,2007,9,12.5,18.63,3.28
111005,JAUJA,2007,10,66.3,19.71,5.14
111005,JAUJA,2007,11,63.3,20.37,5.7
111005,JAUJA,2007,12,76.2,18.93,5.93
111005,JAUJA,2008,1,112.7,16.46,7.11
111005,JAUJA,2008,2,100.5,16.57,6.48
111005,JAUJA,2008,3,63.3,16.53,5.48
111005,JAUJA,2008,4,11.3,19.11,4.32
111005,JAUJA,2008,5,13.3,19.45,1.71
111005,JAUJA,2008,6,6.4,19.66,0.54
111005,JAUJA,2008,7,0.6,19.45,-0.2
111005,JAUJA,2008,8,4.2,20.18,2.3
111005,JAUJA,2008,9,28.0,20.29,3.77
111005,JAUJA,2008,10,64.2,19.41,5.92
111005,JAUJA,2008,11,31.4,20.29,6.0
111005,JAUJA,2008,12,72.8,19.46,6.47
111005,JAUJA,2009,1,95.7,17.69,7.24
111005,JAUJA,2009,2,76.0,17.56,7.66
111005,JAUJA,2009,3,115.1,17.34,6.66
111005,JAUJA,2009,4,89.4,17.71,5.61
111005,JAUJA,2009,5,47.2,19.29,2.84
111005,JAUJA,2009,6,3.8,19.82,0.25
111005,JAUJA,2009,7,2.6,19.52,0.37
111005,JAUJA,2009,8,15.4,20.26,1.92
111005,JAUJA,2009,9,8.6,20.99,3.28
111005,JAUJA,2009,10,55.4,20.12,4.69
111005,JAUJA,2009,11,122.8,19.37,6.63
111005,JAUJA,2009,12,142.2,18.34,6.99
111005,JAUJA,2010,1,130.5,19.42,8.03
111005,JAUJA,2010,2,96.1,19.64,7.86
111005,JAUJA,2010,3,59.0,19.55,7.96
111005,JAUJA,2010,4,52.7,21.19,5.43
111005,JAUJA,2010,5,6.2,21.44,2.57
111005,JAUJA,2010,6,2.2,20.83,0.99
111005,JAUJA,2010,7,0.5,21.91,-0.85
111005,JAUJA,2010,8,0.6,21.73,0.44
111005,JAUJA,2010,9,27.9,21.19,4.19
111005,JAUJA,2010,10,72.6,21.26,5.26
111005,JAUJA,2010,11,51.8,20.76,5.82
111005,JAUJA,2010,12,106.9,18.92,7.21
111005,JAUJA,2011,1,113.8,18.25,7.59
111005,JAUJA,2011,2,162.4,17.68,7.61
111005,JAUJA,2011,3,170.8,17.43,7.38
111005,JAUJA,2011,4,51.8,18.35,5.44
111005,JAUJA,2011,5,14.2,20.1,2.87
111005,JAUJA,2011,6,-999.0,-999.0,-999.0
111005,JAUJA,2011,7,2.9,19.94,-0.29
111005,JAUJA,2011,8,2.3,21.05,0.95
111005,JAUJA,2011,9,16.0,20.32,5.01
111005,JAUJA,2011,10,65.7,21.35,6.01
111005,JAUJA,2011,11,77.8,21.07,6.77
111005,JAUJA,2011,12,140.7,18.39,7.05
111005,JAUJA,2012,1,98.4,19.68,6.29
111005,JAUJA,2012,2,110.2,18.04,-999.0
111005,JAUJA,2012,3,62.4,17.54,6.37
111005,JAUJA,2012,4,89.0,18.46,5.96
111005,JAUJA,2012,5,24.6,20.12,3.23
111005,JAUJA,2012,6,3.2,19.51,1.04
111005,JAUJA,2012,7,0.4,20.14,-0.98
111005,JAUJA,2012,8,4.4,20.69,0.43
111005,JAUJA,2012,9,45.2,19.73,3.53
111005,JAUJA,2012,10,52.3,20.64,5.7
111005,JAUJA,2012,11,82.4,20.67,6.61
111005,JAUJA,2012,12,131.8,18.71,-999.0
111005,JAUJA,2013,1,161.1,19.59,6.95
111005,JAUJA,2013,2,155.2,18.64,-999.0
111005,JAUJA,2013,3,103.3,19.18,-999.0
111005,JAUJA,2013,4,30.2,21.19,4.29
111005,JAUJA,2013,5,17.2,20.6,3.08
111005,JAUJA,2013,6,4.1,19.92,2.33
111005,JAUJA,2013,7,2.5,18.98,0.86
111005,JAUJA,2013,8,22.0,20.3,1.63
111005,JAUJA,2013,9,6.4,20.82,-999.0
111005,JAUJA,2013,10,84.1,20.0,6.73
111005,JAUJA,2013,11,95.0,20.08,6.41
111005,JAUJA,2013,12,111.2,18.84,7.45
111005,JAUJA,2014,1,110.2,18.74,7.06
111005,JAUJA,2014,2,108.3,19.1,7.49
111005,JAUJA,2014,3,150.5,18.87,6.42
111005,JAUJA,2014,4,53.2,20.08,5.89
111005,JAUJA,2014,5,24.7,20.72,4.56
111005,JAUJA,2014,6,4.8,21.45,1.71
111005,JAUJA,2014,7,12.7,20.11,2.39
111005,JAUJA,2014,8,0.9,19.9,2.3
111005,JAUJA,2014,9,41.1,20.52,5.6
111005,JAUJA,2014,10,29.5,19.91,5.99
111005,JAUJA,2014,11,75.9,20.8,6.28
111005,JAUJA,2014,12,122.9,19.6,7.52
111005,JAUJA,2015,1,202.2,19.07,7.1
111005,JAUJA,2015,2,139.5,18.7,7.11
111005,JAUJA,2015,3,103.8,18.48,7.15
111005,JAUJA,2015,4,65.5,17.75,6.37
111005,JAUJA,2015,5,18.4,19.97,4.48
111005,JAUJA,2015,6,7.5,20.34,1.99
111005,JAUJA,2015,7,7.0,20.83,0.81
111005,JAUJA,2015,8,4.5,21.29,2.48
111005,JAUJA,2015,9,48.2,21.71,5.57
111005,JAUJA,2015,10,32.1,21.67,6.66
111005,JAUJA,2015,11,129.9,21.19,6.44
111005,JAUJA,2015,12,110.6,20.39,-999.0
111005,JAUJA,2016,1,69.4,21.83,6.84
111005,JAUJA,2016,2,127.5,20.03,8.38
111005,JAUJA,2016,3,72.3,20.66,7.44
111005,JAUJA,2016,4,42.7,20.9,5.99
111005,JAUJA,2016,5,14.1,21.32,2.69
111005,JAUJA,2016,6,1.8,20.17,0.87
111005,JAUJA,2016,7,5.9,20.23,0.12
111005,JAUJA,2016,8,2.4,21.24,2.28
111005,JAUJA,2016,9,44.9,20.77,3.84
111005,JAUJA,2016,10,60.3,21.01,6.03
111005,JAUJA,2016,11,47.3,22.23,5.52
111005,JAUJA,2016,12,134.7,20.15,6.82
111005,JAUJA,2017,1,120.3,18.41,-999.0
111005,JAUJA,2017,2,140.1,18.66,6.32
111005,JAUJA,2017,3,113.1,18.64,7.3
111005,JAUJA,2017,4,57.0,19.59,6.3
111005,JAUJA,2017,5,26.0,19.87,5.65
111005,JAUJA,2017,6,0.9,20.09,2.21
111005,JAUJA,2017,7,0.5,20.46,-0.52
111005,JAUJA,2017,8,16.7,21.1,0.92
111005,JAUJA,2017,9,30.8,20.19,4.97
111005,JAUJA,2017,10,43.6,21.48,5.8
111005,JAUJA,2017,11,125.3,21.13,6.21
111005,JAUJA,2017,12,86.5,19.76,6.79
111005,JAUJA,2018,1,125.4,18.0,6.23
111005,JAUJA,2018,2,155.3,18.95,7.18
111005,JAUJA,2018,3,126.2,18.95,6.82
111005,JAUJA,2018,4,43.5,18.88,4.26
111005,JAUJA,2018,5,56.0,20.3,2.04
111005,JAUJA,2018,6,2.3,18.2,1.33
111005,JAUJA,2018,7,6.2,18.43,1.25
111005,JAUJA,2018,8,9.1,19.03,1.95
111005,JAUJA,2018,9,-999.0,-999.0,-999.0
111005,JAUJA,2018,10,-999.0,-999.0,-999.0
111005,JAUJA,2018,11,-999.0,-999.0,-999.0
111005,JAUJA,2018,12,-999.0,-999.0,-999.0
111005,JAUJA,2019,1,164.3,18.93,5.67
111005,JAUJA,2019,2,129.7,17.93,6.15
111005,JAUJA,2019,3,127.1,18.32,7.77
111005,JAUJA,2019,4,32.8,19.59,5.41
111005,JAUJA,2019,5,7.8,20.45,3.51
111005,JAUJA,2019,6,1.1,19.89,0.64
111005,JAUJA,2019,7,0.5,19.46,0.5
111005,JAUJA,2019,8,0.3,20.14,0.42
111005,JAUJA,2019,9,14.3,20.01,4.45
111005,JAUJA,2019,10,38.7,20.41,4.92
111005,JAUJA,2019,11,99.8,20.51,5.86
111005,JAUJA,2019,12,-999.0,-999.0,-999.0
111005,JAUJA,2020,1,89.7,19.83,7.37
111005,JAUJA,2020,2,122.3,19.71,8.23
111005,JAUJA,2020,3,-999.0,-999.0,-999.0
111005,JAUJA,2020,4,-999.0,-999.0,-999.0
111005,JAUJA,2020,5,-999.0,-999.0,-999.0
111005,JAUJA,2020,6,-999.0,-999.0,-999.0
111005,JAUJA,2020,7,2.0,21.41,0.29
111005,JAUJA,2020,8,0.0,22.24,1.19
111005,JAUJA,2020,9,33.4,20.39,5.49
111005,JAUJA,2020,10,33.1,20.08,5.41
111005,JAUJA,2020,11,26.4,22.16,5.75
111005,JAUJA,2020,12,129.8,19.4,7.19
111005,JAUJA,2021,1,166.6,18.09,7.55
111005,JAUJA,2021,2,50.4,19.79,5.86
111005,JAUJA,2021,3,147.3,18.29,6.11
111005,JAUJA,2021,4,42.4,19.76,4.51
111005,JAUJA,2021,5,22.5,19.79,2.65
111005,JAUJA,2021,6,1.0,20.36,2.4
111005,JAUJA,2021,7,1.3,20.15,0.84
111005,JAUJA,2021,8,1.8,20.89,2.77
111005,JAUJA,2021,9,28.2,20.14,3.77
111005,JAUJA,2021,10,34.6,21.83,5.82
111005,JAUJA,2021,11,89.4,20.05,6.14
111005,JAUJA,2021,12,61.3,20.76,6.61
111005,JAUJA,2022,1,130.6,19.61,5.97
111005,JAUJA,2022,2,141.8,18.59,7.41
111005,JAUJA,2022,3,123.1,18.59,6.94
111005,JAUJA,2022,4,57.9,20.05,4.53
111005,JAUJA,2022,5,11.0,20.66,3.49
111005,JAUJA,2022,6,3.1,20.16,0.94
111005,JAUJA,2022,7,2.0,20.54,1.38
111005,JAUJA,2022,8,1.3,21.22,2.41
111005,JAUJA,2022,9,41.2,21.88,4.37
111005,JAUJA,2022,10,27.9,22.61,5.99
111005,JAUJA,2022,11,18.6,22.52,5.49
111005,JAUJA,2022,12,56.9,20.5,5.98
111005,JAUJA,2023,1,145.8,19.26,6.23
111005,JAUJA,2023,2,108.8,18.23,6.96
111005,JAUJA,2023,3,103.6,18.42,6.31
111005,JAUJA,2023,4,38.5,20.14,4.07
111005,JAUJA,2023,5,39.2,20.5,3.5
111005,JAUJA,2023,6,0.6,21.2,-0.85
111005,JAUJA,2023,7,0.0,22.18,0.48
111005,JAUJA,2023,8,0.5,22.3,2.55
111005,JAUJA,2023,9,15.2,21.65,4.91
111005,JAUJA,2023,10,74.4,21.23,7.01
111005,JAUJA,2023,11,55.0,21.17,8.41
111005,JAUJA,2023,12,131.1,19.82,8.14
111005,JAUJA,2024,1,145.3,19.86,8.35
111005,JAUJA,2024,2,146.0,20.21,7.66
111005,JAUJA,2024,3,177.6,20.4,7.92
111005,JAUJA,2024,4,42.8,21.35,6.46
111005,JAUJA,2024,5,11.7,21.97,4.74
111005,JAUJA,2024,6,5.7,21.09,1.85
111005,JAUJA,2024,7,1.2,21.11,1.32
111005,JAUJA,2024,8,4.4,21.71,2.58
111005,JAUJA,2024,9,17.7,21.52,4.35
111005,JAUJA,2024,10,50.0,21.68,5.43
111005,JAUJA,2024,11,131.5,21.07,7.05
111005,JAUJA,2024,12,100.4,19.99,7.77
111005,JAUJA,2025,1,147.6,19.48,6.98
111005,JAUJA,2025,2,235.0,19.51,6.89
111005,JAUJA,2025,3,132.4,19.09,7.48
111005,JAUJA,2025,4,-999.0,-999.0,-999.0
111005,JAUJA,2025,5,24.7,19.83,4.62
111005,JAUJA,2025,6,6.3,19.95,2.67
111005,JAUJA,2025,7,9.0,20.18,0.05
111005,JAUJA,2025,8,0.5,21.24,3.17
111005,JAUJA,2025,9,34.1,20.34,4.69
111005,JAUJA,2025,10,76.6,20.55,7.13
111005,JAUJA,2025,11,43.6,21.29,6.41
111005,JAUJA,2025,12,64.2,21.9,6.1
