CODIGO,ESTACION,YEAR,MONTH,PP,TMAX,TMIN
111144,MILLOC,1990,1,130.6,-999.0,-999.0
111144,MILLOC,1990,2,29.2,-999.0,-999.0
111144,MILLOC,1990,3,58.9,-999.0,-999.0
111144,MILLOC,1990,4,48.7,-999.0,-999.0
111144,MILLOC,1990,5,33.5,-999.0,-999.0
111144,MILLOC,1990,6,54.1,-999.0,-999.0
111144,MILLOC,1990,7,3.2,-999.0,-999.0
111144,MILLOC,1990,8,14.6,-999.0,-999.0
111144,MILLOC,1990,9,23.4,-999.0,-999.0
111144,MILLOC,1990,10,108.2,-999.0,-999.0
111144,MILLOC,1990,11,186.8,-999.0,-999.0
111144,MILLOC,1990,12,104.7,-999.0,-999.0
111144,MILLOC,1991,1,71.9,-999.0,-999.0
111144,MILLOC,1991,2,88.0,-999.0,-999.0
111144,MILLOC,1991,3,103.3,-999.0,-999.0
111144,MILLOC,1991,4,46.9,-999.0,-999.0
111144,MILLOC,1991,5,30.0,-999.0,-999.0
111144,MILLOC,1991,6,9.4,-999.0,-999.0
111144,MILLOC,1991,7,10.2,-999.0,-999.0
111144,MILLOC,1991,8,0.0,-999.0,-999.0
111144,MILLOC,1991,9,48.6,-999.0,-999.0
111144,MILLOC,1991,10,85.1,-999.0,-999.0
111144,MILLOC,1991,11,42.7,-999.0,-999.0
111144,MILLOC,1991,12,77.0,-999.0,-999.0
111144,MILLOC,1992,1,65.0,-999.0,-999.0
111144,MILLOC,1992,2,-999.0,-999.0,-999.0
111144,MILLOC,1992,3,133.9,-999.0,-999.0
111144,MILLOC,1992,4,34.7,-999.0,-999.0
111144,MILLOC,1992,5,12.4,-999.0,-999.0
111144,MILLOC,1992,6,9.6,-999.0,-999.0
111144,MILLOC,1992,7,10.6,-999.0,-999.0
111144,MILLOC,1992,8,33.3,-999.0,-999.0
111144,MILLOC,1992,9,19.0,-999.0,-999.0
111144,MILLOC,1992,10,116.6,-999.0,-999.0
111144,MILLOC,1992,11,39.6,-999.0,-999.0
111144,MILLOC,1992,12,54.6,-999.0,-999.0
111144,MILLOC,1993,1,197.6,-999.0,-999.0
111144,MILLOC,1993,2,126.5,-999.0,-999.0
111144,MILLOC,1993,3,126.4,-999.0,-999.0
111144,MILLOC,1993,4,82.0,-999.0,-999.0
111144,MILLOC,1993,5,11.3,-999.0,-999.0
111144,MILLOC,1993,6,0.0,-999.0,-999.0
111144,MILLOC,1993,7,6.6,-999.0,-999.0
111144,MILLOC,1993,8,11.3,-999.0,-999.0
111144,MILLOC,1993,9,39.4,-999.0,-999.0
111144,MILLOC,1993,10,83.1,-999.0,-999.0
111144,MILLOC,1993,11,124.4,-999.0,-999.0
111144,MILLOC,1993,12,217.9,-999.0,-999.0
111144,MILLOC,1994,1,311.6,-999.0,-999.0
111144,MILLOC,1994,2,52.2,-999.0,-999.0
111144,MILLOC,1994,3,-999.0,-999.0,-999.0
111144,MILLOC,1994,4,-999.0,-999.0,-999.0
111144,MILLOC,1994,5,55.3,-999.0,-999.0
111144,MILLOC,1994,6,29.0,-999.0,-999.0
111144,MILLOC,1994,7,12.9,-999.0,-999.0
111144,MILLOC,1994,8,34.6,-999.0,-999.0
111144,MILLOC,1994,9,74.9,-999.0,-999.0
111144,MILLOC,1994,10,101.7,-999.0,-999.0
111144,MILLOC,1994,11,151.2,-999.0,-999.0
111144,MILLOC,1994,12,294.9,-999.0,-999.0
111144,MILLOC,1995,1,208.6,-999.0,-999.0
111144,MILLOC,1995,2,166.3,-999.0,-999.0
111144,MILLOC,1995,3,262.1,-999.0,-999.0
111144,MILLOC,1995,4,127.7,-999.0,-999.0
111144,MILLOC,1995,5,50.8,-999.0,-999.0
111144,MILLOC,1995,6,6.2,-999.0,-999.0
111144,MILLOC,1995,7,4.7,-999.0,-999.0
111144,MILLOC,1995,8,15.0,-999.0,-999.0
111144,MILLOC,1995,9,43.6,-999.0,-999.0
111144,MILLOC,1995,10,70.9,-999.0,-999.0
111144,MILLOC,1995,11,75.9,-999.0,-999.0
111144,MILLOC,1995,12,137.3,-999.0,-999.0
111144,MILLOC,1996,1,132.1,-999.0,-999.0
111144,MILLOC,1996,2,152.4,-999.0,-999.0
111144,MILLOC,1996,3,115.8,-999.0,-999.0
111144,MILLOC,1996,4,57.2,-999.0,-999.0
111144,MILLOC,1996,5,31.5,-999.0,-999.0
111144,MILLOC,1996,6,4.8,-999.0,-999.0
111144,MILLOC,1996,7,0.0,-999.0,-999.0
111144,MILLOC,1996,8,10.2,-999.0,-999.0
111144,MILLOC,1996,9,39.6,-999.0,-999.0
111144,MILLOC,1996,10,48.1,-999.0,-999.0
111144,MILLOC,1996,11,47.5,-999.0,-999.0
111144,MILLOC,1996,12,92.5,-999.0,-999.0
111144,MILLOC,1997,1,137.1,-999.0,-999.0
111144,MILLOC,1997,2,192.5,-999.0,-999.0
111144,MILLOC,1997,3,57.2,-999.0,-999.0
111144,MILLOC,1997,4,38.7,-999.0,-999.0
111144,MILLOC,1997,5,21.2,-999.0,-999.0
111144,MILLOC,1997,6,0.0,-999.0,-999.0
111144,MILLOC,1997,7,5.6,-999.0,-999.0
111144,MILLOC,1997,8,47.8,-999.0,-999.0
111144,MILLOC,1997,9,54.2,-999.0,-999.0
111144,MILLOC,1997,10,47.4,-999.0,-999.0
111144,MILLOC,1997,11,79.7,-999.0,-999.0
111144,MILLOC,1997,12,180.7,-999.0,-999.0
111144,MILLOC,1998,1,174.0,-999.0,-999.0
111144,MILLOC,1998,2,130.8,-999.0,-999.0
111144,MILLOC,1998,3,136.3,-999.0,-999.0
111144,MILLOC,1998,4,47.5,-999.0,-999.0
111144,MILLOC,1998,5,0.0,-999.0,-999.0
111144,MILLOC,1998,6,2.3,-999.0,-999.0
111144,MILLOC,1998,7,0.0,-999.0,-999.0
111144,MILLOC,1998,8,17.5,-999.0,-999.0
111144,MILLOC,1998,9,47.6,-999.0,-999.0
111144,MILLOC,1998,10,86.0,-999.0,-999.0
111144,MILLOC,1998,11,60.3,-999.0,-999.0
111144,MILLOC,1998,12,42.0,-999.0,-999.0
111144,MILLOC,1999,1,131.5,-999.0,-999.0
111144,MILLOC,1999,2,273.1,-999.0,-999.0
111144,MILLOC,1999,3,114.9,-999.0,-999.0
111144,MILLOC,1999,4,79.7,-999.0,-999.0
111144,MILLOC,1999,5,51.7,-999.0,-999.0
111144,MILLOC,1999,6,4.4,-999.0,-999.0
111144,MILLOC,1999,7,10.3,-999.0,-999.0
111144,MILLOC,1999,8,22.2,-999.0,-999.0
111144,MILLOC,1999,9,44.0,-999.0,-999.0
111144,MILLOC,1999,10,97.5,-999.0,-999.0
111144,MILLOC,1999,11,71.0,-999.0,-999.0
111144,MILLOC,1999,12,157.4,-999.0,-999.0
111144,MILLOC,2000,1,283.4,-999.0,-999.0
111144,MILLOC,2000,2,229.0,-999.0,-999.0
111144,MILLOC,2000,3,202.1,-999.0,-999.0
111144,MILLOC,2000,4,47.9,-999.0,-999.0
111144,MILLOC,2000,5,53.4,-999.0,-999.0
111144,MILLOC,2000,6,0.0,-999.0,-999.0
111144,MILLOC,2000,7,15.2,-999.0,-999.0
111144,MILLOC,2000,8,54.5,-999.0,-999.0
111144,MILLOC,2000,9,16.3,-999.0,-999.0
111144,MILLOC,2000,10,50.6,-999.0,-999.0
111144,MILLOC,2000,11,53.4,-999.0,-999.0
111144,MILLOC,2000,12,333.7,-999.0,-999.0
111144,MILLOC,2001,1,339.3,-999.0,-999.0
111144,MILLOC,2001,2,203.9,-999.0,-999.0
111144,MILLOC,2001,3,378.7,-999.0,-999.0
111144,MILLOC,2001,4,57.9,-999.0,-999.0
111144,MILLOC,2001,5,17.1,-999.0,-999.0
111144,MILLOC,2001,6,3.2,-999.0,-999.0
111144,MILLOC,2001,7,19.4,-999.0,-999.0
111144,MILLOC,2001,8,2.0,-999.0,-999.0
111144,MILLOC,2001,9,107.8,-999.0,-999.0
111144,MILLOC,2001,10,32.5,-999.0,-999.0
111144,MILLOC,2001,11,119.5,-999.0,-999.0
111144,MILLOC,2001,12,88.3,-999.0,-999.0
111144,MILLOC,2002,1,82.6,-999.0,-999.0
111144,MILLOC,2002,2,151.8,-999.0,-999.0
111144,MILLOC,2002,3,169.2,-999.0,-999.0
111144,MILLOC,2002,4,86.8,-999.0,-999.0
111144,MILLOC,2002,5,31.3,-999.0,-999.0
111144,MILLOC,2002,6,11.5,-999.0,-999.0
111144,MILLOC,2002,7,24.9,-999.0,-999.0
111144,MILLOC,2002,8,21.8,-999.0,-999.0
111144,MILLOC,2002,9,59.7,-999.0,-999.0
111144,MILLOC,2002,10,-999.0,-999.0,-999.0
111144,MILLOC,2002,11,127.9,-999.0,-999.0
111144,MILLOC,2002,12,122.2,-999.0,-999.0
111144,MILLOC,2003,1,132.2,-999.0,-999.0
111144,MILLOC,2003,2,138.2,-999.0,-999.0
111144,MILLOC,2003,3,168.0,-999.0,-999.0
111144,MILLOC,2003,4,63.3,-999.0,-999.0
111144,MILLOC,2003,5,5.4,-999.0,-999.0
111144,MILLOC,2003,6,0.0,-999.0,-999.0
111144,MILLOC,2003,7,13.8,-999.0,-999.0
111144,MILLOC,2003,8,2.0,-999.0,-999.0
111144,MILLOC,2003,9,4.6,-999.0,-999.0
111144,MILLOC,2003,10,61.7,-999.0,-999.0
111144,MILLOC,2003,11,28.9,-999.0,-999.0
111144,MILLOC,2003,12,142.4,-999.0,-999.0
111144,MILLOC,2004,1,10.4,-999.0,-999.0
111144,MILLOC,2004,2,132.5,-999.0,-999.0
111144,MILLOC,2004,3,89.0,-999.0,-999.0
111144,MILLOC,2004,4,49.4,-999.0,-999.0
111144,MILLOC,2004,5,16.1,-999.0,-999.0
111144,MILLOC,2004,6,18.5,-999.0,-999.0
111144,MILLOC,2004,7,8.9,-999.0,-999.0
111144,MILLOC,2004,8,10.1,-999.0,-999.0
111144,MILLOC,2004,9,53.2,-999.0,-999.0
111144,MILLOC,2004,10,100.3,-999.0,-999.0
111144,MILLOC,2004,11,103.0,-999.0,-999.0
111144,MILLOC,2004,12,177.9,-999.0,-999.0
111144,MILLOC,2005,1,100.6,-999.0,-999.0
111144,MILLOC,2005,2,57.1,-999.0,-999.0
111144,MILLOC,2005,3,102.1,-999.0,-999.0
111144,MILLOC,2005,4,21.6,-999.0,-999.0
111144,MILLOC,2005,5,6.1,-999.0,-999.0
111144,MILLOC,2005,6,0.0,-999.0,-999.0
111144,MILLOC,2005,7,0.0,-999.0,-999.0
111144,MILLOC,2005,8,3.0,-999.0,-999.0
111144,MILLOC,2005,9,18.1,-999.0,-999.0
111144,MILLOC,2005,10,19.6,-999.0,-999.0
111144,MILLOC,2005,11,46.6,-999.0,-999.0
111144,MILLOC,2005,12,147.4,-999.0,-999.0
111144,MILLOC,2006,1,165.3,-999.0,-999.0
111144,MILLOC,2006,2,120.8,-999.0,-999.0
111144,MILLOC,2006,3,173.0,-999.0,-999.0
111144,MILLOC,2006,4,86.7,-999.0,-999.0
111144,MILLOC,2006,5,8.9,-999.0,-999.0
111144,MILLOC,2006,6,0.0,-999.0,-999.0
111144,MILLOC,2006,7,0.0,-999.0,-999.0
111144,MILLOC,2006,8,12.3,-999.0,-999.0
111144,MILLOC,2006,9,26.9,-999.0,-999.0
111144,MILLOC,2006,10,75.6,-999.0,-999.0
111144,MILLOC,2006,11,101.5,-999.0,-999.0
111144,MILLOC,2006,12,144.1,-999.0,-999.0
111144,MILLOC,2007,1,128.0,-999.0,-999.0
111144,MILLOC,2007,2,114.1,-999.0,-999.0
111144,MILLOC,2007,3,217.2,-999.0,-999.0
111144,MILLOC,2007,4,94.1,-999.0,-999.0
111144,MILLOC,2007,5,37.0,-999.0,-999.0
111144,MILLOC,2007,6,0.0,-999.0,-999.0
111144,MILLOC,2007,7,0.0,-999.0,-999.0
111144,MILLOC,2007,8,0.0,-999.0,-999.0
111144,MILLOC,2007,9,37.6,-999.0,-999.0
111144,MILLOC,2007,10,78.1,-999.0,-999.0
111144,MILLOC,2007,11,59.1,-999.0,-999.0
111144,MILLOC,2007,12,77.3,-999.0,-999.0
111144,MILLOC,2008,1,192.6,-999.0,-999.0
111144,MILLOC,2008,2,205.3,-999.0,-999.0
111144,MILLOC,2008,3,111.1,-999.0,-999.0
111144,MILLOC,2008,4,62.4,-999.0,-999.0
111144,MILLOC,2008,5,0.0,-999.0,-999.0
111144,MILLOC,2008,6,0.0,-999.0,-999.0
111144,MILLOC,2008,7,0.0,-999.0,-999.0
111144,MILLOC,2008,8,15.5,-999.0,-999.0
111144,MILLOC,2008,9,11.5,-999.0,-999.0
111144,MILLOC,2008,10,56.6,-999.0,-999.0
111144,MILLOC,2008,11,48.1,-999.0,-999.0
111144,MILLOC,2008,12,100.5,-999.0,-999.0
111144,MILLOC,2009,1,164.2,-999.0,-999.0
111144,MILLOC,2009,2,195.6,-999.0,-999.0
111144,MILLOC,2009,3,157.7,-999.0,-999.0
111144,MILLOC,2009,4,118.0,-999.0,-999.0
111144,MILLOC,2009,5,0.0,-999.0,-999.0
111144,MILLOC,2009,6,0.0,-999.0,-999.0
111144,MILLOC,2009,7,3.5,-999.0,-999.0
111144,MILLOC,2009,8,20.4,-999.0,-999.0
111144,MILLOC,2009,9,36.7,-999.0,-999.0
111144,MILLOC,2009,10,120.5,-999.0,-999.0
111144,MILLOC,2009,11,207.2,-999.0,-999.0
111144,MILLOC,2009,12,156.7,-999.0,-999.0
111144,MILLOC,2010,1,154.4,-999.0,-999.0
111144,MILLOC,2010,2,165.0,-999.0,-999.0
111144,MILLOC,2010,3,194.5,-999.0,-999.0
111144,MILLOC,2010,4,72.1,-999.0,-999.0
111144,MILLOC,2010,5,3.0,-999.0,-999.0
111144,MILLOC,2010,6,4.6,-999.0,-999.0
111144,MILLOC,2010,7,4.2,-999.0,-999.0
111144,MILLOC,2010,8,1.7,-999.0,-999.0
111144,MILLOC,2010,9,38.9,-999.0,-999.0
111144,MILLOC,2010,10,62.6,-999.0,-999.0
111144,MILLOC,2010,11,85.8,-999.0,-999.0
111144,MILLOC,2010,12,196.3,-999.0,-999.0
111144,MILLOC,2011,1,184.7,-999.0,-999.0
111144,MILLOC,2011,2,148.5,-999.0,-999.0
111144,MILLOC,2011,3,161.5,-999.0,-999.0
111144,MILLOC,2011,4,94.4,-999.0,-999.0
111144,MILLOC,2011,5,13.3,-999.0,-999.0
111144,MILLOC,2011,6,0.0,-999.0,-999.0
111144,MILLOC,2011,7,8.8,-999.0,-999.0
111144,MILLOC,2011,8,16.9,-999.0,-999.0
111144,MILLOC,2011,9,32.3,-999.0,-999.0
111144,MILLOC,2011,10,42.7,-999.0,-999.0
111144,MILLOC,2011,11,107.7,-999.0,-999.0
111144,MILLOC,2011,12,185.7,-999.0,-999.0
111144,MILLOC,2012,1,130.3,-999.0,-999.0
111144,MILLOC,2012,2,226.2,-999.0,-999.0
111144,MILLOC,2012,3,184.0,-999.0,-999.0
111144,MILLOC,2012,4,124.3,-999.0,-999.0
111144,MILLOC,2012,5,29.8,-999.0,-999.0
111144,MILLOC,2012,6,2.5,-999.0,-999.0
111144,MILLOC,2012,7,0.0,-999.0,-999.0
111144,MILLOC,2012,8,3.9,-999.0,-999.0
111144,MILLOC,2012,9,64.4,-999.0,-999.0
111144,MILLOC,2012,10,54.4,-999.0,-999.0
111144,MILLOC,2012,11,98.9,-999.0,-999.0
111144,MILLOC,2012,12,144.3,-999.0,-999.0
111144,MILLOC,2013,1,121.5,-999.0,-999.0
111144,MILLOC,2013,2,205.2,-999.0,-999.0
111144,MILLOC,2013,3,139.8,-999.0,-999.0
111144,MILLOC,2013,4,41.6,-999.0,-999.0
111144,MILLOC,2013,5,52.0,-999.0,-999.0
111144,MILLOC,2013,6,9.0,-999.0,-999.0
111144,MILLOC,2013,7,8.4,-999.0,-999.0
111144,MILLOC,2013,8,20.6,-999.0,-999.0
111144,MILLOC,2013,9,8.2,-999.0,-999.0
111144,MILLOC,2013,10,62.8,-999.0,-999.0
111144,MILLOC,2013,11,77.0,-999.0,-999.0
111144,MILLOC,2013,12,144.9,-999.0,-999.0
111144,MILLOC,2014,1,204.3,-999.0,-999.0
111144,MILLOC,2014,2,146.7,-999.0,-999.0
111144,MILLOC,2014,3,197.3,-999.0,-999.0
111144,MILLOC,2014,4,50.4,-999.0,-999.0
111144,MILLOC,2014,5,15.6,-999.0,-999.0
111144,MILLOC,2014,6,1.4,-999.0,-999.0
111144,MILLOC,2014,7,25.2,-999.0,-999.0
111144,MILLOC,2014,8,30.2,-999.0,-999.0
111144,MILLOC,2014,9,70.3,-999.0,-999.0
111144,MILLOC,2014,10,83.2,-999.0,-999.0
111144,MILLOC,2014,11,81.4,-999.0,-999.0
111144,MILLOC,2014,12,173.1,-999.0,-999.0
111144,MILLOC,2015,1,164.8,-999.0,-999.0
111144,MILLOC,2015,2,128.8,-999.0,-999.0
111144,MILLOC,2015,3,107.3,-999.0,-999.0
111144,MILLOC,2015,4,78.1,-999.0,-999.0
111144,MILLOC,2015,5,21.8,-999.0,-999.0
111144,MILLOC,2015,6,18.7,-999.0,-999.0
111144,MILLOC,2015,7,4.4,-999.0,-999.0
111144,MILLOC,2015,8,38.5,-999.0,-999.0
111144,MILLOC,2015,9,50.5,-999.0,-999.0
111144,MILLOC,2015,10,76.2,-999.0,-999.0
111144,MILLOC,2015,11,82.9,-999.0,-999.0
111144,MILLOC,2015,12,107.8,-999.0,-999.0
111144,MILLOC,2016,1,67.1,-999.0,-999.0
111144,MILLOC,2016,2,206.2,-999.0,-999.0
111144,MILLOC,2016,3,132.7,-999.0,-999.0
111144,MILLOC,2016,4,66.0,-999.0,-999.0
111144,MILLOC,2016,5,9.2,-999.0,-999.0
111144,MILLOC,2016,6,9.4,-999.0,-999.0
111144,MILLOC,2016,7,2.1,-999.0,-999.0
111144,MILLOC,2016,8,0.0,-999.0,-999.0
111144,MILLOC,2016,9,52.2,-999.0,-999.0
111144,MILLOC,2016,10,48.3,-999.0,-999.0
111144,MILLOC,2016,11,1.4,-999.0,-999.0
111144,MILLOC,2016,12,99.6,-999.0,-999.0
111144,MILLOC,2017,1,215.4,-999.0,-999.0
111144,MILLOC,2017,2,216.4,-999.0,-999.0
111144,MILLOC,2017,3,223.4,-999.0,-999.0
111144,MILLOC,2017,4,108.2,-999.0,-999.0
111144,MILLOC,2017,5,30.6,-999.0,-999.0
111144,MILLOC,2017,6,2.9,-999.0,-999.0
111144,MILLOC,2017,7,0.0,-999.0,-999.0
111144,MILLOC,2017,8,0.0,-999.0,-999.0
111144,MILLOC,2017,9,40.9,-999.0,-999.0
111144,MILLOC,2017,10,59.1,-999.0,-999.0
111144,MILLOC,2017,11,32.6,-999.0,-999.0
111144,MILLOC,2017,12,129.2,-999.0,-999.0
111144,MILLOC,2018,1,155.0,-999.0,-999.0
111144,MILLOC,2018,2,110.6,-999.0,-999.0
111144,MILLOC,2018,3,198.5,-999.0,-999.0
111144,MILLOC,2018,4,151.1,-999.0,-999.0
111144,MILLOC,2018,5,38.4,-999.0,-999.0
111144,MILLOC,2018,6,19.4,-999.0,-999.0
111144,MILLOC,2018,7,8.9,-999.0,-999.0
111144,MILLOC,2018,8,36.4,-999.0,-999.0
111144,MILLOC,2018,9,10.8,-999.0,-999.0
111144,MILLOC,2018,10,96.3,-999.0,-999.0
111144,MILLOC,2018,11,46.3,-999.0,-999.0
111144,MILLOC,2018,12,120.3,-999.0,-999.0
111144,MILLOC,2019,1,219.7,-999.0,-999.0
111144,MILLOC,2019,2,199.6,-999.0,-999.0
111144,MILLOC,2019,3,154.7,-999.0,-999.0
111144,MILLOC,2019,4,47.2,-999.0,-999.0
111144,MILLOC,2019,5,25.5,-999.0,-999.0
111144,MILLOC,2019,6,2.1,-999.0,-999.0
111144,MILLOC,2019,7,3.1,-999.0,-999.0
111144,MILLOC,2019,8,0.0,-999.0,-999.0
111144,MILLOC,2019,9,38.3,-999.0,-999.0
111144,MILLOC,2019,10,55.4,-999.0,-999.0
111144,MILLOC,2019,11,164.6,-999.0,-999.0
111144,MILLOC,2019,12,197.3,-999.0,-999.0
111144,MILLOC,2020,1,111.6,-999.0,-999.0
111144,MILLOC,2020,2,120.5,-999.0,-999.0
111144,MILLOC,2020,3,130.0,-999.0,-999.0
111144,MILLOC,2020,4,59.0,-999.0,-999.0
111144,MILLOC,2020,5,97.5,-999.0,-999.0
111144,MILLOC,2020,6,-999.0,-999.0,-999.0
111144,MILLOC,2020,7,-999.0,-999.0,-999.0
111144,MILLOC,2020,8,-999.0,-999.0,-999.0
111144,MILLOC,2020,9,-999.0,-999.0,-999.0
111144,MILLOC,2020,10,-999.0,-999.0,-999.0
111144,MILLOC,2020,11,-999.0,-999.0,-999.0
111144,MILLOC,2020,12,-999.0,-999.0,-999.0
111144,MILLOC,2021,1,215.3,-999.0,-999.0
111144,MILLOC,2021,2,70.9,-999.0,-999.0
111144,MILLOC,2021,3,203.3,-999.0,-999.0
111144,MILLOC,2021,4,105.4,-999.0,-999.0
111144,MILLOC,2021,5,29.4,-999.0,-999.0
111144,MILLOC,2021,6,3.1,-999.0,-999.0
111144,MILLOC,2021,7,10.2,-999.0,-999.0
111144,MILLOC,2021,8,19.4,-999.0,-999.0
111144,MILLOC,2021,9,31.8,-999.0,-999.0
111144,MILLOC,2021,10,79.1,-999.0,-999.0
111144,MILLOC,2021,11,113.7,-999.0,-999.0
111144,MILLOC,2021,12,92.7,-999.0,-999.0
111144,MILLOC,2022,1,74.2,-999.0,-999.0
111144,MILLOC,2022,2,155.6,-999.0,-999.0
111144,MILLOC,2022,3,194.8,-999.0,-999.0
111144,MILLOC,2022,4,60.5,-999.0,-999.0
111144,MILLOC,2022,5,18.5,-999.0,-999.0
111144,MILLOC,2022,6,6.7,-999.0,-999.0
111144,MILLOC,2022,7,1.0,-999.0,-999.0
111144,MILLOC,2022,8,3.8,-999.0,-999.0
111144,MILLOC,2022,9,17.1,-999.0,-999.0
111144,MILLOC,2022,10,29.9,-999.0,-999.0
111144,MILLOC,2022,11,32.2,-999.0,-999.0
111144,MILLOC,2022,12,190.1,-999.0,-999.0
111144,MILLOC,2023,1,131.4,-999.0,-999.0
111144,MILLOC,2023,2,187.1,-999.0,-999.0
111144,MILLOC,2023,3,196.0,-999.0,-999.0
111144,MILLOC,2023,4,97.8,-999.0,-999.0
111144,MILLOC,2023,5,35.6,-999.0,-999.0
111144,MILLOC,2023,6,0.0,-999.0,-999.0
111144,MILLOC,2023,7,0.0,-999.0,-999.0
111144,MILLOC,2023,8,0.0,-999.0,-999.0
111144,MILLOC,2023,9,43.1,-999.0,-999.0
111144,MILLOC,2023,10,87.5,-999.0,-999.0
111144,MILLOC,2023,11,117.0,-999.0,-999.0
111144,MILLOC,2023,12,199.0,-999.0,-999.0
111144,MILLOC,2024,1,246.5,-999.0,-999.0
111144,MILLOC,2024,2,118.7,-999.0,-999.0
111144,MILLOC,2024,3,139.2,-999.0,-999.0
111144,MILLOC,2024,4,67.4,-999.0,-999.0
111144,MILLOC,2024,5,4.1,-999.0,-999.0
111144,MILLOC,2024,6,2.4,-999.0,-999.0
111144,MILLOC,2024,7,0.0,-999.0,-999.0
111144,MILLOC,2024,8,5.2,-999.0,-999.0
111144,MILLOC,2024,9,49.5,-999.0,-999.0
111144,MILLOC,2024,10,93.8,-999.0,-999.0
111144,MILLOC,2024,11,139.7,-999.0,-999.0
111144,MILLOC,2024,12,216.4,-999.0,-999.0
111144,MILLOC,2025,1,139.1,-999.0,-999.0
111144,MILLOC,2025,2,173.6,-999.0,-999.0
111144,MILLOC,2025,3,167.9,-999.0,-999.0
111144,MILLOC,2025,4,90.6,-999.0,-999.0
111144,MILLOC,2025,5,65.7,-999.0,-999.0
111144,MILLOC,2025,6,18.6,-999.0,-999.0
111144,MILLOC,2025,7,4.9,-999.0,-999.0
111144,MILLOC,2025,8,4.2,-999.0,-999.0
111144,MILLOC,2025,9,30.8,-999.0,-999.0
111144,MILLOC,2025,10,113.3,-999.0,-999.0
111144,MILLOC,2025,11,38.6,-999.0,-999.0
111144,MILLOC,2025,12,37.8,-999.0,-999.0
