CODIGO,ESTACION,YEAR,MONTH,PP,TMAX,TMIN
112051,ACOSTAMBO,1990,1,149.2,15.1,5.38
112051,ACOSTAMBO,1990,2,55.7,16.32,3.81
112051,ACOSTAMBO,1990,3,60.8,15.68,3.12
112051,ACOSTAMBO,1990,4,47.2,16.05,2.59
112051,ACOSTAMBO,1990,5,18.6,15.61,1.4
112051,ACOSTAMBO,1990,6,56.8,14.93,2.43
112051,ACOSTAMBO,1990,7,16.1,14.73,-0.34
112051,ACOSTAMBO,1990,8,40.6,14.71,0.15
112051,ACOSTAMBO,1990,9,40.6,15.45,2.61
112051,ACOSTAMBO,1990,10,96.7,15.44,4.37
112051,ACOSTAMBO,1990,11,117.2,15.62,4.63
112051,ACOSTAMBO,1990,12,121.5,15.59,4.23
112051,ACOSTAMBO,1991,1,46.2,-999.0,4.26
112051,ACOSTAMBO,1991,2,81.1,15.71,4.13
112051,ACOSTAMBO,1991,3,111.9,15.05,4.94
112051,ACOSTAMBO,1991,4,31.1,15.27,3.08
112051,ACOSTAMBO,1991,5,20.2,15.47,0.83
112051,ACOSTAMBO,1991,6,29.9,15.75,-0.9
112051,ACOSTAMBO,1991,7,12.4,15.68,-3.57
112051,ACOSTAMBO,1991,8,0.0,15.65,-3.12
112051,ACOSTAMBO,1991,9,79.0,15.5,0.18
112051,ACOSTAMBO,1991,10,27.7,16.04,-999.0
112051,ACOSTAMBO,1991,11,65.5,16.39,3.25
112051,ACOSTAMBO,1991,12,50.1,17.81,2.23
112051,ACOSTAMBO,1992,1,75.9,16.68,3.09
112051,ACOSTAMBO,1992,2,77.7,17.52,2.81
112051,ACOSTAMBO,1992,3,100.4,16.8,1.81
112051,ACOSTAMBO,1992,4,18.2,17.5,0.62
112051,ACOSTAMBO,1992,5,0.0,17.73,-1.83
112051,ACOSTAMBO,1992,6,14.8,15.3,-0.39
112051,ACOSTAMBO,1992,7,14.6,-999.0,-2.61
112051,ACOSTAMBO,1992,8,18.0,-999.0,-0.78
112051,ACOSTAMBO,1992,9,28.9,-999.0,0.52
112051,ACOSTAMBO,1992,10,75.7,-999.0,2.37
112051,ACOSTAMBO,1992,11,39.4,-999.0,2.48
112051,ACOSTAMBO,1992,12,54.6,17.72,2.87
112051,ACOSTAMBO,1993,1,181.1,16.26,4.52
112051,ACOSTAMBO,1993,2,136.0,15.26,4.58
112051,ACOSTAMBO,1993,3,96.1,15.07,4.98
112051,ACOSTAMBO,1993,4,50.2,15.29,-999.0
112051,ACOSTAMBO,1993,5,15.7,15.54,-999.0
112051,ACOSTAMBO,1993,6,3.2,15.79,-999.0
112051,ACOSTAMBO,1993,7,24.4,15.36,-999.0
112051,ACOSTAMBO,1993,8,32.6,15.54,-999.0
112051,ACOSTAMBO,1993,9,73.1,15.41,-999.0
112051,ACOSTAMBO,1993,10,62.0,16.09,-999.0
112051,ACOSTAMBO,1993,11,162.5,15.6,-999.0
112051,ACOSTAMBO,1993,12,115.3,15.62,-999.0
112051,ACOSTAMBO,1994,1,170.9,15.31,-999.0
112051,ACOSTAMBO,1994,2,205.6,14.13,-999.0
112051,ACOSTAMBO,1994,3,153.0,14.88,-999.0
112051,ACOSTAMBO,1994,4,76.6,14.92,-999.0
112051,ACOSTAMBO,1994,5,7.2,16.13,-999.0
112051,ACOSTAMBO,1994,6,3.7,15.99,-999.0
112051,ACOSTAMBO,1994,7,1.0,15.89,-999.0
112051,ACOSTAMBO,1994,8,8.6,16.28,-999.0
112051,ACOSTAMBO,1994,9,41.4,16.15,-999.0
112051,ACOSTAMBO,1994,10,75.9,16.7,-999.0
112051,ACOSTAMBO,1994,11,-999.0,-999.0,-999.0
112051,ACOSTAMBO,1994,12,105.1,17.05,2.92
112051,ACOSTAMBO,1995,1,80.0,15.95,3.31
112051,ACOSTAMBO,1995,2,151.7,16.02,4.54
112051,ACOSTAMBO,1995,3,158.6,15.37,5.08
112051,ACOSTAMBO,1995,4,38.8,16.7,2.99
112051,ACOSTAMBO,1995,5,6.8,16.71,-1.14
112051,ACOSTAMBO,1995,6,12.5,16.74,-2.63
112051,ACOSTAMBO,1995,7,11.8,16.48,-1.46
112051,ACOSTAMBO,1995,8,12.4,17.24,-1.3
112051,ACOSTAMBO,1995,9,41.4,16.08,0.2
112051,ACOSTAMBO,1995,10,31.5,17.34,1.1
112051,ACOSTAMBO,1995,11,92.0,16.87,1.4
112051,ACOSTAMBO,1995,12,90.3,17.45,0.71
112051,ACOSTAMBO,1996,1,104.8,15.71,1.68
112051,ACOSTAMBO,1996,2,136.6,15.6,1.53
112051,ACOSTAMBO,1996,3,87.3,16.06,1.29
112051,ACOSTAMBO,1996,4,52.5,15.77,0.2
112051,ACOSTAMBO,1996,5,4.3,15.89,-1.95
112051,ACOSTAMBO,1996,6,0.0,15.8,-4.22
112051,ACOSTAMBO,1996,7,0.0,15.87,-3.54
112051,ACOSTAMBO,1996,8,7.5,15.78,1.45
112051,ACOSTAMBO,1996,9,24.3,16.33,2.41
112051,ACOSTAMBO,1996,10,52.2,-999.0,4.49
112051,ACOSTAMBO,1996,11,64.5,17.05,2.7
112051,ACOSTAMBO,1996,12,102.7,16.1,3.69
112051,ACOSTAMBO,1997,1,137.9,15.72,5.13
112051,ACOSTAMBO,1997,2,115.0,15.54,4.51
112051,ACOSTAMBO,1997,3,81.3,15.94,3.36
112051,ACOSTAMBO,1997,4,49.7,16.13,2.12
112051,ACOSTAMBO,1997,5,1.9,15.98,0.33
112051,ACOSTAMBO,1997,6,2.0,16.93,-3.41
112051,ACOSTAMBO,1997,7,4.4,15.95,-3.35
112051,ACOSTAMBO,1997,8,28.3,14.83,-0.52
112051,ACOSTAMBO,1997,9,76.2,16.54,1.2
112051,ACOSTAMBO,1997,10,44.3,16.93,4.27
112051,ACOSTAMBO,1997,11,77.6,16.68,4.98
112051,ACOSTAMBO,1997,12,96.9,16.75,5.11
112051,ACOSTAMBO,1998,1,132.6,16.3,6.1
112051,ACOSTAMBO,1998,2,145.2,17.19,6.4
112051,ACOSTAMBO,1998,3,55.2,16.39,5.35
112051,ACOSTAMBO,1998,4,7.6,17.76,3.24
112051,ACOSTAMBO,1998,5,6.6,-999.0,-0.29
112051,ACOSTAMBO,1998,6,5.0,15.72,-0.24
112051,ACOSTAMBO,1998,7,0.0,16.29,-2.45
112051,ACOSTAMBO,1998,8,14.0,16.1,0.88
112051,ACOSTAMBO,1998,9,11.6,17.56,1.42
112051,ACOSTAMBO,1998,10,108.3,16.65,3.86
112051,ACOSTAMBO,1998,11,88.1,16.99,2.66
112051,ACOSTAMBO,1998,12,90.9,16.53,3.67
112051,ACOSTAMBO,1999,1,107.7,15.91,3.66
112051,ACOSTAMBO,1999,2,162.4,15.3,3.74
112051,ACOSTAMBO,1999,3,100.2,15.75,3.31
112051,ACOSTAMBO,1999,4,69.2,15.85,-999.0
112051,ACOSTAMBO,1999,5,19.0,16.47,-999.0
112051,ACOSTAMBO,1999,6,25.4,16.83,-999.0
112051,ACOSTAMBO,1999,7,10.0,15.58,-999.0
112051,ACOSTAMBO,1999,8,2.2,16.75,-999.0
112051,ACOSTAMBO,1999,9,62.0,16.85,-999.0
112051,ACOSTAMBO,1999,10,48.6,15.95,-999.0
112051,ACOSTAMBO,1999,11,61.5,16.82,-999.0
112051,ACOSTAMBO,1999,12,73.7,15.67,-999.0
112051,ACOSTAMBO,2000,1,139.8,14.73,-999.0
112051,ACOSTAMBO,2000,2,146.3,15.07,-999.0
112051,ACOSTAMBO,2000,3,107.9,14.72,-999.0
112051,ACOSTAMBO,2000,4,39.6,15.08,-999.0
112051,ACOSTAMBO,2000,5,53.3,15.57,-999.0
112051,ACOSTAMBO,2000,6,8.7,15.6,-999.0
112051,ACOSTAMBO,2000,7,21.5,15.0,-999.0
112051,ACOSTAMBO,2000,8,20.1,15.96,-999.0
112051,ACOSTAMBO,2000,9,22.9,17.36,-999.0
112051,ACOSTAMBO,2000,10,102.7,16.45,-999.0
112051,ACOSTAMBO,2000,11,13.9,19.01,-999.0
112051,ACOSTAMBO,2000,12,88.9,17.21,-999.0
112051,ACOSTAMBO,2001,1,189.5,14.95,-999.0
112051,ACOSTAMBO,2001,2,143.2,15.6,-999.0
112051,ACOSTAMBO,2001,3,109.6,15.39,-999.0
112051,ACOSTAMBO,2001,4,23.6,16.11,-999.0
112051,ACOSTAMBO,2001,5,18.7,17.06,-999.0
112051,ACOSTAMBO,2001,6,16.9,16.01,-999.0
112051,ACOSTAMBO,2001,7,49.0,16.12,-999.0
112051,ACOSTAMBO,2001,8,16.3,15.85,-999.0
112051,ACOSTAMBO,2001,9,34.0,16.56,-999.0
112051,ACOSTAMBO,2001,10,80.4,17.49,-999.0
112051,ACOSTAMBO,2001,11,91.1,17.89,4.67
112051,ACOSTAMBO,2001,12,81.2,18.07,4.09
112051,ACOSTAMBO,2002,1,52.7,17.49,3.34
112051,ACOSTAMBO,2002,2,202.5,15.94,4.98
112051,ACOSTAMBO,2002,3,133.0,16.23,5.01
112051,ACOSTAMBO,2002,4,32.7,16.63,3.48
112051,ACOSTAMBO,2002,5,20.3,16.56,1.11
112051,ACOSTAMBO,2002,6,2.5,16.43,-1.01
112051,ACOSTAMBO,2002,7,50.0,15.46,0.26
112051,ACOSTAMBO,2002,8,29.8,15.69,-0.28
112051,ACOSTAMBO,2002,9,41.8,16.09,2.63
112051,ACOSTAMBO,2002,10,73.5,17.47,2.72
112051,ACOSTAMBO,2002,11,64.1,16.9,3.43
112051,ACOSTAMBO,2002,12,117.5,17.78,4.11
112051,ACOSTAMBO,2003,1,69.5,17.72,4.25
112051,ACOSTAMBO,2003,2,119.2,17.18,4.29
112051,ACOSTAMBO,2003,3,134.4,16.64,4.62
112051,ACOSTAMBO,2003,4,63.5,16.71,2.15
112051,ACOSTAMBO,2003,5,10.9,16.36,0.58
112051,ACOSTAMBO,2003,6,0.0,17.09,-2.12
112051,ACOSTAMBO,2003,7,0.0,16.28,-1.46
112051,ACOSTAMBO,2003,8,45.5,16.31,0.83
112051,ACOSTAMBO,2003,9,51.1,17.53,1.86
112051,ACOSTAMBO,2003,10,17.8,19.18,2.46
112051,ACOSTAMBO,2003,11,90.1,19.52,1.94
112051,ACOSTAMBO,2003,12,87.3,17.67,5.28
112051,ACOSTAMBO,2004,1,60.2,18.63,5.13
112051,ACOSTAMBO,2004,2,-999.0,-999.0,-999.0
112051,ACOSTAMBO,2004,3,96.4,16.71,4.23
112051,ACOSTAMBO,2004,4,33.3,17.44,2.16
112051,ACOSTAMBO,2004,5,17.7,17.56,-0.02
112051,ACOSTAMBO,2004,6,48.0,15.91,-0.85
112051,ACOSTAMBO,2004,7,11.8,16.17,-0.53
112051,ACOSTAMBO,2004,8,17.0,15.42,0.13
112051,ACOSTAMBO,2004,9,40.7,15.99,1.95
112051,ACOSTAMBO,2004,10,70.6,17.06,3.83
112051,ACOSTAMBO,2004,11,119.3,17.86,3.29
112051,ACOSTAMBO,2004,12,116.6,16.93,5.11
112051,ACOSTAMBO,2005,1,68.5,17.78,4.06
112051,ACOSTAMBO,2005,2,100.8,17.12,5.08
112051,ACOSTAMBO,2005,3,85.7,16.95,4.79
112051,ACOSTAMBO,2005,4,41.2,17.34,3.01
112051,ACOSTAMBO,2005,5,19.4,18.62,-0.42
112051,ACOSTAMBO,2005,6,0.0,18.09,-2.06
112051,ACOSTAMBO,2005,7,6.0,17.76,-1.76
112051,ACOSTAMBO,2005,8,4.5,17.96,-0.94
112051,ACOSTAMBO,2005,9,24.5,17.92,2.57
112051,ACOSTAMBO,2005,10,93.2,17.21,3.84
112051,ACOSTAMBO,2005,11,56.0,18.39,3.33
112051,ACOSTAMBO,2005,12,87.7,17.06,4.95
112051,ACOSTAMBO,2006,1,147.0,16.46,4.59
112051,ACOSTAMBO,2006,2,119.5,16.32,4.9
112051,ACOSTAMBO,2006,3,104.5,15.59,5.08
112051,ACOSTAMBO,2006,4,49.7,16.36,3.57
112051,ACOSTAMBO,2006,5,6.5,17.15,-1.43
112051,ACOSTAMBO,2006,6,12.3,16.84,0.26
112051,ACOSTAMBO,2006,7,0.0,17.19,-2.81
112051,ACOSTAMBO,2006,8,27.9,16.84,1.39
112051,ACOSTAMBO,2006,9,27.4,17.34,2.78
112051,ACOSTAMBO,2006,10,77.3,17.33,3.98
112051,ACOSTAMBO,2006,11,111.7,16.77,5.06
112051,ACOSTAMBO,2006,12,96.0,17.56,4.97
112051,ACOSTAMBO,2007,1,85.5,17.36,5.57
112051,ACOSTAMBO,2007,2,68.7,17.33,4.76
112051,ACOSTAMBO,2007,3,132.8,15.94,5.15
112051,ACOSTAMBO,2007,4,38.2,16.24,3.83
112051,ACOSTAMBO,2007,5,25.5,16.97,0.98
112051,ACOSTAMBO,2007,6,0.0,17.24,-1.98
112051,ACOSTAMBO,2007,7,20.0,16.46,-0.46
112051,ACOSTAMBO,2007,8,7.5,17.7,-0.4
112051,ACOSTAMBO,2007,9,34.3,15.92,2.76
112051,ACOSTAMBO,2007,10,67.5,17.32,4.18
112051,ACOSTAMBO,2007,11,85.9,17.29,3.72
112051,ACOSTAMBO,2007,12,87.4,16.79,4.14
112051,ACOSTAMBO,2008,1,131.8,15.14,5.23
112051,ACOSTAMBO,2008,2,120.5,15.61,4.54
112051,ACOSTAMBO,2008,3,62.3,15.05,3.99
112051,ACOSTAMBO,2008,4,35.9,16.1,2.34
112051,ACOSTAMBO,2008,5,16.6,15.87,-0.38
112051,ACOSTAMBO,2008,6,18.1,15.82,-0.83
112051,ACOSTAMBO,2008,7,4.0,15.85,-1.3
112051,ACOSTAMBO,2008,8,5.0,16.9,0.19
112051,ACOSTAMBO,2008,9,53.0,17.19,1.49
112051,ACOSTAMBO,2008,10,101.2,16.84,4.27
112051,ACOSTAMBO,2008,11,32.3,17.98,4.55
112051,ACOSTAMBO,2008,12,85.3,17.18,3.98
112051,ACOSTAMBO,2009,1,105.3,15.87,4.95
112051,ACOSTAMBO,2009,2,144.6,15.71,5.78
112051,ACOSTAMBO,2009,3,96.3,15.31,4.93
112051,ACOSTAMBO,2009,4,40.3,15.85,3.76
112051,ACOSTAMBO,2009,5,42.5,16.74,1.37
112051,ACOSTAMBO,2009,6,0.0,17.14,-1.12
112051,ACOSTAMBO,2009,7,19.8,16.47,-0.09
112051,ACOSTAMBO,2009,8,28.9,17.15,1.11
112051,ACOSTAMBO,2009,9,26.9,17.41,2.95
112051,ACOSTAMBO,2009,10,66.2,18.04,3.4
112051,ACOSTAMBO,2009,11,119.5,17.86,5.0
112051,ACOSTAMBO,2009,12,161.6,16.87,5.6
112051,ACOSTAMBO,2010,1,209.2,16.58,5.81
112051,ACOSTAMBO,2010,2,101.0,17.06,6.34
112051,ACOSTAMBO,2010,3,116.8,16.69,5.89
112051,ACOSTAMBO,2010,4,16.6,16.94,4.32
112051,ACOSTAMBO,2010,5,11.5,17.32,2.32
112051,ACOSTAMBO,2010,6,11.3,16.43,0.89
112051,ACOSTAMBO,2010,7,0.0,17.56,-2.18
112051,ACOSTAMBO,2010,8,29.8,17.18,-1.26
112051,ACOSTAMBO,2010,9,9.6,17.02,2.37
112051,ACOSTAMBO,2010,10,76.2,17.4,3.22
112051,ACOSTAMBO,2010,11,43.3,18.34,3.48
112051,ACOSTAMBO,2010,12,125.9,15.85,5.15
112051,ACOSTAMBO,2011,1,159.5,15.48,4.62
112051,ACOSTAMBO,2011,2,215.3,15.07,5.62
112051,ACOSTAMBO,2011,3,163.7,15.73,5.51
112051,ACOSTAMBO,2011,4,62.1,15.77,3.66
112051,ACOSTAMBO,2011,5,38.6,16.18,0.67
112051,ACOSTAMBO,2011,6,2.0,17.12,-2.67
112051,ACOSTAMBO,2011,7,17.5,16.5,-2.51
112051,ACOSTAMBO,2011,8,6.3,17.18,-0.03
112051,ACOSTAMBO,2011,9,57.3,16.03,3.63
112051,ACOSTAMBO,2011,10,75.2,16.61,4.98
112051,ACOSTAMBO,2011,11,69.6,17.6,4.72
112051,ACOSTAMBO,2011,12,126.9,15.56,4.8
112051,ACOSTAMBO,2012,1,77.2,16.4,4.51
112051,ACOSTAMBO,2012,2,252.9,15.23,5.25
112051,ACOSTAMBO,2012,3,55.8,14.47,4.89
112051,ACOSTAMBO,2012,4,122.4,15.53,4.0
112051,ACOSTAMBO,2012,5,37.1,15.63,0.51
112051,ACOSTAMBO,2012,6,9.5,15.37,-0.28
112051,ACOSTAMBO,2012,7,10.3,16.2,-1.97
112051,ACOSTAMBO,2012,8,6.8,16.79,-0.4
112051,ACOSTAMBO,2012,9,32.7,16.48,1.75
112051,ACOSTAMBO,2012,10,48.1,17.28,3.92
112051,ACOSTAMBO,2012,11,77.9,16.84,4.65
112051,ACOSTAMBO,2012,12,193.0,14.88,5.83
112051,ACOSTAMBO,2013,1,143.2,15.69,4.95
112051,ACOSTAMBO,2013,2,150.1,15.63,5.85
112051,ACOSTAMBO,2013,3,120.6,16.17,5.88
112051,ACOSTAMBO,2013,4,52.6,16.63,2.43
112051,ACOSTAMBO,2013,5,50.2,15.9,1.22
112051,ACOSTAMBO,2013,6,6.8,14.86,0.7
112051,ACOSTAMBO,2013,7,8.3,15.28,-2.07
112051,ACOSTAMBO,2013,8,29.5,15.83,-0.24
112051,ACOSTAMBO,2013,9,30.5,17.15,0.57
112051,ACOSTAMBO,2013,10,42.8,16.6,3.75
112051,ACOSTAMBO,2013,11,53.4,17.48,2.7
112051,ACOSTAMBO,2013,12,131.4,15.64,4.63
112051,ACOSTAMBO,2014,1,141.2,15.74,4.91
112051,ACOSTAMBO,2014,2,106.6,15.5,5.12
112051,ACOSTAMBO,2014,3,118.6,15.52,4.38
112051,ACOSTAMBO,2014,4,65.0,16.26,2.96
112051,ACOSTAMBO,2014,5,15.0,16.51,1.33
112051,ACOSTAMBO,2014,6,14.6,17.37,-0.97
112051,ACOSTAMBO,2014,7,14.5,15.86,-1.08
112051,ACOSTAMBO,2014,8,7.5,15.72,-1.26
112051,ACOSTAMBO,2014,9,45.6,15.52,2.8
112051,ACOSTAMBO,2014,10,37.9,15.89,2.45
112051,ACOSTAMBO,2014,11,52.7,17.45,3.18
112051,ACOSTAMBO,2014,12,96.6,16.59,3.83
112051,ACOSTAMBO,2015,1,115.9,15.24,4.12
112051,ACOSTAMBO,2015,2,139.3,15.89,4.17
112051,ACOSTAMBO,2015,3,94.8,15.03,3.54
112051,ACOSTAMBO,2015,4,28.4,14.7,2.42
112051,ACOSTAMBO,2015,5,11.7,15.9,1.19
112051,ACOSTAMBO,2015,6,10.0,16.58,-1.68
112051,ACOSTAMBO,2015,7,14.3,16.97,-3.32
112051,ACOSTAMBO,2015,8,36.4,16.76,-1.91
112051,ACOSTAMBO,2015,9,25.5,17.75,1.68
112051,ACOSTAMBO,2015,10,27.3,17.41,2.35
112051,ACOSTAMBO,2015,11,42.9,17.31,3.09
112051,ACOSTAMBO,2015,12,93.0,16.31,3.32
112051,ACOSTAMBO,2016,1,66.1,17.69,3.26
112051,ACOSTAMBO,2016,2,111.8,16.39,4.89
112051,ACOSTAMBO,2016,3,45.4,17.04,2.87
112051,ACOSTAMBO,2016,4,68.8,17.07,1.81
112051,ACOSTAMBO,2016,5,37.0,17.43,-1.98
112051,ACOSTAMBO,2016,6,0.0,16.8,-3.54
112051,ACOSTAMBO,2016,7,6.5,17.44,-4.7
112051,ACOSTAMBO,2016,8,4.5,17.53,-1.49
112051,ACOSTAMBO,2016,9,28.0,17.26,-0.77
112051,ACOSTAMBO,2016,10,42.4,16.81,0.99
112051,ACOSTAMBO,2016,11,18.3,17.94,-0.83
112051,ACOSTAMBO,2016,12,178.0,16.64,-999.0
112051,ACOSTAMBO,2017,1,222.5,14.68,2.79
112051,ACOSTAMBO,2017,2,191.8,16.69,3.11
112051,ACOSTAMBO,2017,3,120.4,14.79,3.47
112051,ACOSTAMBO,2017,4,86.9,15.65,1.88
112051,ACOSTAMBO,2017,5,50.2,15.41,0.95
112051,ACOSTAMBO,2017,6,0.8,16.32,-1.85
112051,ACOSTAMBO,2017,7,13.1,16.0,-3.25
112051,ACOSTAMBO,2017,8,10.4,17.25,-1.99
112051,ACOSTAMBO,2017,9,33.2,16.03,1.58
112051,ACOSTAMBO,2017,10,34.1,17.07,0.85
112051,ACOSTAMBO,2017,11,57.1,17.48,1.99
112051,ACOSTAMBO,2017,12,89.3,16.43,2.2
112051,ACOSTAMBO,2018,1,152.2,14.62,2.22
112051,ACOSTAMBO,2018,2,149.2,15.66,2.95
112051,ACOSTAMBO,2018,3,179.8,15.05,3.15
112051,ACOSTAMBO,2018,4,53.7,15.02,0.9
112051,ACOSTAMBO,2018,5,13.9,16.21,-2.11
112051,ACOSTAMBO,2018,6,11.6,14.77,-2.81
112051,ACOSTAMBO,2018,7,20.4,14.79,-2.86
112051,ACOSTAMBO,2018,8,30.2,15.21,-1.17
112051,ACOSTAMBO,2018,9,28.6,16.92,-1.5
112051,ACOSTAMBO,2018,10,109.3,15.47,2.06
112051,ACOSTAMBO,2018,11,52.2,17.61,1.86
112051,ACOSTAMBO,2018,12,47.8,16.95,-0.13
112051,ACOSTAMBO,2019,1,144.0,15.62,2.84
112051,ACOSTAMBO,2019,2,117.5,15.02,2.92
112051,ACOSTAMBO,2019,3,124.7,15.48,4.59
112051,ACOSTAMBO,2019,4,36.2,15.97,2.99
112051,ACOSTAMBO,2019,5,43.0,16.63,0.79
112051,ACOSTAMBO,2019,6,1.4,16.89,-2.35
112051,ACOSTAMBO,2019,7,0.9,16.93,-2.08
112051,ACOSTAMBO,2019,8,0.0,16.88,-2.78
112051,ACOSTAMBO,2019,9,17.2,16.28,2.54
112051,ACOSTAMBO,2019,10,-999.0,-999.0,-999.0
112051,ACOSTAMBO,2019,11,104.7,17.03,4.47
112051,ACOSTAMBO,2019,12,167.2,15.95,5.15
112051,ACOSTAMBO,2020,1,97.8,16.63,4.47
112051,ACOSTAMBO,2020,2,192.4,16.01,5.81
112051,ACOSTAMBO,2020,3,-999.0,-999.0,-999.0
112051,ACOSTAMBO,2020,4,-999.0,-999.0,-999.0
112051,ACOSTAMBO,2020,5,-999.0,-999.0,-999.0
112051,ACOSTAMBO,2020,6,-999.0,-999.0,-999.0
112051,ACOSTAMBO,2020,7,0.6,17.69,-2.9
112051,ACOSTAMBO,2020,8,5.7,18.48,-1.5
112051,ACOSTAMBO,2020,9,35.5,16.75,1.74
112051,ACOSTAMBO,2020,10,32.9,16.6,1.17
112051,ACOSTAMBO,2020,11,5.1,18.54,1.67
112051,ACOSTAMBO,2020,12,127.4,16.61,3.86
112051,ACOSTAMBO,2021,1,143.7,15.71,4.87
112051,ACOSTAMBO,2021,2,59.0,16.38,2.81
112051,ACOSTAMBO,2021,3,126.0,15.09,3.65
112051,ACOSTAMBO,2021,4,74.6,15.93,2.36
112051,ACOSTAMBO,2021,5,29.5,16.26,-0.17
112051,ACOSTAMBO,2021,6,8.3,16.66,-1.03
112051,ACOSTAMBO,2021,7,1.3,16.95,-3.58
112051,ACOSTAMBO,2021,8,23.8,16.99,-0.63
112051,ACOSTAMBO,2021,9,38.9,16.03,0.73
112051,ACOSTAMBO,2021,10,53.5,17.7,2.26
112051,ACOSTAMBO,2021,11,119.9,16.58,2.29
112051,ACOSTAMBO,2021,12,61.4,16.96,3.32
112051,ACOSTAMBO,2022,1,109.4,15.92,2.69
112051,ACOSTAMBO,2022,2,111.3,15.1,3.78
112051,ACOSTAMBO,2022,3,123.7,15.25,3.12
112051,ACOSTAMBO,2022,4,65.6,16.37,0.85
112051,ACOSTAMBO,2022,5,21.1,16.73,-0.7
112051,ACOSTAMBO,2022,6,7.6,16.16,-2.87
112051,ACOSTAMBO,2022,7,0.0,17.32,-2.42
112051,ACOSTAMBO,2022,8,22.4,17.06,-0.03
112051,ACOSTAMBO,2022,9,23.6,18.06,2.61
112051,ACOSTAMBO,2022,10,47.3,18.33,2.12
112051,ACOSTAMBO,2022,11,18.2,18.77,1.81
112051,ACOSTAMBO,2022,12,103.9,17.11,3.56
112051,ACOSTAMBO,2023,1,93.3,15.97,3.97
112051,ACOSTAMBO,2023,2,127.9,15.71,5.53
112051,ACOSTAMBO,2023,3,94.4,15.67,4.43
112051,ACOSTAMBO,2023,4,33.9,16.65,1.68
112051,ACOSTAMBO,2023,5,47.1,16.25,1.83
112051,ACOSTAMBO,2023,6,0.0,17.41,-3.95
112051,ACOSTAMBO,2023,7,2.7,18.26,-2.94
112051,ACOSTAMBO,2023,8,8.2,18.27,-0.94
112051,ACOSTAMBO,2023,9,-999.0,-999.0,-999.0
112051,ACOSTAMBO,2023,10,-999.0,-999.0,-999.0
112051,ACOSTAMBO,2023,11,-999.0,-999.0,-999.0
112051,ACOSTAMBO,2023,12,67.8,17.58,5.56
112051,ACOSTAMBO,2024,1,104.6,16.7,6.06
112051,ACOSTAMBO,2024,2,129.9,16.6,5.36
112051,ACOSTAMBO,2024,3,122.6,16.41,6.07
112051,ACOSTAMBO,2024,4,36.0,17.48,2.79
112051,ACOSTAMBO,2024,5,32.2,18.19,1.69
112051,ACOSTAMBO,2024,6,15.8,17.67,-2.06
112051,ACOSTAMBO,2024,7,0.0,17.85,-2.8
112051,ACOSTAMBO,2024,8,13.0,18.35,-0.59
112051,ACOSTAMBO,2024,9,15.5,17.59,1.55
112051,ACOSTAMBO,2024,10,84.5,17.92,2.65
112051,ACOSTAMBO,2024,11,140.2,17.23,4.4
112051,ACOSTAMBO,2024,12,85.8,16.55,4.72
112051,ACOSTAMBO,2025,1,146.6,16.28,4.26
112051,ACOSTAMBO,2025,2,149.0,15.85,4.79
112051,ACOSTAMBO,2025,3,118.8,15.03,4.21
112051,ACOSTAMBO,2025,4,50.4,16.3,3.31
112051,ACOSTAMBO,2025,5,34.0,16.15,1.77
112051,ACOSTAMBO,2025,6,39.5,15.97,-0.31
112051,ACOSTAMBO,2025,7,6.5,16.97,-3.97
112051,ACOSTAMBO,2025,8,32.0,16.95,0.11
112051,ACOSTAMBO,2025,9,26.7,15.72,1.23
112051,ACOSTAMBO,2025,10,90.1,16.45,4.96
112051,ACOSTAMBO,2025,11,32.5,17.85,3.34
112051,ACOSTAMBO,2025,12,44.5,18.55,2.46
