CODIGO,ESTACION,YEAR,MONTH,PP,TMAX,TMIN
112069,WAYLLAPAMPA,1990,1,-999.0,-999.0,-999.0
112069,WAYLLAPAMPA,1990,2,-999.0,-999.0,-999.0
112069,WAYLLAPAMPA,1990,3,-999.0,-999.0,-999.0
112069,WAYLLAPAMPA,1990,4,-999.0,-999.0,-999.0
112069,WAYLLAPAMPA,1990,5,-999.0,-999.0,-999.0
112069,WAYLLAPAMPA,1990,6,-999.0,-999.0,-999.0
112069,WAYLLAPAMPA,1990,7,-999.0,-999.0,-999.0
112069,WAYLLAPAMPA,1990,8,-999.0,-999.0,-999.0
112069,WAYLLAPAMPA,1990,9,-999.0,-999.0,-999.0
112069,WAYLLAPAMPA,1990,10,-999.0,-999.0,-999.0
112069,WAYLLAPAMPA,1990,11,-999.0,-999.0,-999.0
112069,WAYLLAPAMPA,1990,12,-999.0,-999.0,-999.0
112069,WAYLLAPAMPA,1991,1,-999.0,-999.0,-999.0
112069,WAYLLAPAMPA,1991,2,-999.0,-999.0,-999.0
112069,WAYLLAPAMPA,1991,3,-999.0,-999.0,-999.0
112069,WAYLLAPAMPA,1991,4,-999.0,-999.0,-999.0
112069,WAYLLAPAMPA,1991,5,-999.0,-999.0,-999.0
112069,WAYLLAPAMPA,1991,6,-999.0,-999.0,-999.0
112069,WAYLLAPAMPA,1991,7,-999.0,-999.0,-999.0
112069,WAYLLAPAMPA,1991,8,-999.0,-999.0,-999.0
112069,WAYLLAPAMPA,1991,9,-999.0,-999.0,-999.0
112069,WAYLLAPAMPA,1991,10,-999.0,-999.0,-999.0
112069,WAYLLAPAMPA,1991,11,-999.0,-999.0,-999.0
112069,WAYLLAPAMPA,1991,12,-999.0,-999.0,-999.0
112069,WAYLLAPAMPA,1992,1,-999.0,-999.0,-999.0
112069,WAYLLAPAMPA,1992,2,-999.0,-999.0,-999.0
112069,WAYLLAPAMPA,1992,3,-999.0,-999.0,-999.0
112069,WAYLLAPAMPA,1992,4,-999.0,-999.0,-999.0
112069,WAYLLAPAMPA,1992,5,-999.0,-999.0,-999.0
112069,WAYLLAPAMPA,1992,6,-999.0,-999.0,-999.0
112069,WAYLLAPAMPA,1992,7,-999.0,-999.0,-999.0
112069,WAYLLAPAMPA,1992,8,-999.0,-999.0,-999.0
112069,WAYLLAPAMPA,1992,9,-999.0,-999.0,-999.0
112069,WAYLLAPAMPA,1992,10,-999.0,-999.0,-999.0
112069,WAYLLAPAMPA,1992,11,-999.0,-999.0,-999.0
112069,WAYLLAPAMPA,1992,12,-999.0,-999.0,-999.0
112069,WAYLLAPAMPA,1993,1,-999.0,-999.0,-999.0
112069,WAYLLAPAMPA,1993,2,-999.0,-999.0,-999.0
112069,WAYLLAPAMPA,1993,3,-999.0,-999.0,-999.0
112069,WAYLLAPAMPA,1993,4,49.7,-999.0,-999.0
112069,WAYLLAPAMPA,1993,5,10.7,-999.0,-999.0
112069,WAYLLAPAMPA,1993,6,6.6,-999.0,-999.0
112069,WAYLLAPAMPA,1993,7,3.2,-999.0,-999.0
112069,WAYLLAPAMPA,1993,8,7.6,-999.0,-999.0
112069,WAYLLAPAMPA,1993,9,64.8,-999.0,-999.0
112069,WAYLLAPAMPA,1993,10,47.6,-999.0,-999.0
112069,WAYLLAPAMPA,1993,11,64.3,-999.0,-999.0
112069,WAYLLAPAMPA,1993,12,110.2,-999.0,-999.0
112069,WAYLLAPAMPA,1994,1,138.6,-999.0,-999.0
112069,WAYLLAPAMPA,1994,2,86.3,-999.0,-999.0
112069,WAYLLAPAMPA,1994,3,116.0,-999.0,-999.0
112069,WAYLLAPAMPA,1994,4,22.1,-999.0,-999.0
112069,WAYLLAPAMPA,1994,5,4.6,-999.0,-999.0
112069,WAYLLAPAMPA,1994,6,0.4,-999.0,-999.0
112069,WAYLLAPAMPA,1994,7,1.4,-999.0,-999.0
112069,WAYLLAPAMPA,1994,8,0.4,-999.0,-999.0
112069,WAYLLAPAMPA,1994,9,12.8,-999.0,-999.0
112069,WAYLLAPAMPA,1994,10,11.5,-999.0,-999.0
112069,WAYLLAPAMPA,1994,11,34.2,-999.0,-999.0
112069,WAYLLAPAMPA,1994,12,85.6,-999.0,-999.0
112069,WAYLLAPAMPA,1995,1,138.2,-999.0,-999.0
112069,WAYLLAPAMPA,1995,2,131.3,-999.0,-999.0
112069,WAYLLAPAMPA,1995,3,62.8,-999.0,-999.0
112069,WAYLLAPAMPA,1995,4,8.6,-999.0,-999.0
112069,WAYLLAPAMPA,1995,5,19.4,-999.0,-999.0
112069,WAYLLAPAMPA,1995,6,2.6,-999.0,-999.0
112069,WAYLLAPAMPA,1995,7,3.4,-999.0,-999.0
112069,WAYLLAPAMPA,1995,8,2.7,-999.0,-999.0
112069,WAYLLAPAMPA,1995,9,9.6,-999.0,-999.0
112069,WAYLLAPAMPA,1995,10,21.4,-999.0,-999.0
112069,WAYLLAPAMPA,1995,11,45.0,-999.0,-999.0
112069,WAYLLAPAMPA,1995,12,28.4,-999.0,-999.0
112069,WAYLLAPAMPA,1996,1,71.4,-999.0,-999.0
112069,WAYLLAPAMPA,1996,2,109.3,-999.0,-999.0
112069,WAYLLAPAMPA,1996,3,117.1,-999.0,-999.0
112069,WAYLLAPAMPA,1996,4,41.1,-999.0,-999.0
112069,WAYLLAPAMPA,1996,5,2.0,-999.0,-999.0
112069,WAYLLAPAMPA,1996,6,0.0,-999.0,-999.0
112069,WAYLLAPAMPA,1996,7,0.0,-999.0,-999.0
112069,WAYLLAPAMPA,1996,8,14.1,-999.0,-999.0
112069,WAYLLAPAMPA,1996,9,14.2,-999.0,-999.0
112069,WAYLLAPAMPA,1996,10,16.6,-999.0,-999.0
112069,WAYLLAPAMPA,1996,11,35.3,-999.0,-999.0
112069,WAYLLAPAMPA,1996,12,56.5,-999.0,-999.0
112069,WAYLLAPAMPA,1997,1,149.6,-999.0,-999.0
112069,WAYLLAPAMPA,1997,2,88.8,-999.0,-999.0
112069,WAYLLAPAMPA,1997,3,57.7,-999.0,-999.0
112069,WAYLLAPAMPA,1997,4,21.8,-999.0,-999.0
112069,WAYLLAPAMPA,1997,5,1.2,-999.0,-999.0
112069,WAYLLAPAMPA,1997,6,0.0,-999.0,-999.0
112069,WAYLLAPAMPA,1997,7,2.3,-999.0,-999.0
112069,WAYLLAPAMPA,1997,8,16.6,-999.0,-999.0
112069,WAYLLAPAMPA,1997,9,39.5,-999.0,-999.0
112069,WAYLLAPAMPA,1997,10,0.6,-999.0,-999.0
112069,WAYLLAPAMPA,1997,11,70.1,-999.0,-999.0
112069,WAYLLAPAMPA,1997,12,86.3,-999.0,-999.0
112069,WAYLLAPAMPA,1998,1,131.3,-999.0,-999.0
112069,WAYLLAPAMPA,1998,2,92.8,-999.0,-999.0
112069,WAYLLAPAMPA,1998,3,77.3,-999.0,-999.0
112069,WAYLLAPAMPA,1998,4,14.7,-999.0,-999.0
112069,WAYLLAPAMPA,1998,5,0.0,-999.0,-999.0
112069,WAYLLAPAMPA,1998,6,1.2,-999.0,-999.0
112069,WAYLLAPAMPA,1998,7,0.0,-999.0,-999.0
112069,WAYLLAPAMPA,1998,8,1.2,-999.0,-999.0
112069,WAYLLAPAMPA,1998,9,2.5,-999.0,-999.0
112069,WAYLLAPAMPA,1998,10,26.8,-999.0,-999.0
112069,WAYLLAPAMPA,1998,11,6.4,-999.0,-999.0
112069,WAYLLAPAMPA,1998,12,62.4,-999.0,-999.0
112069,WAYLLAPAMPA,1999,1,105.0,-999.0,-999.0
112069,WAYLLAPAMPA,1999,2,112.2,-999.0,-999.0
112069,WAYLLAPAMPA,1999,3,69.3,-999.0,-999.0
112069,WAYLLAPAMPA,1999,4,21.4,-999.0,-999.0
112069,WAYLLAPAMPA,1999,5,0.0,-999.0,-999.0
112069,WAYLLAPAMPA,1999,6,0.0,-999.0,-999.0
112069,WAYLLAPAMPA,1999,7,1.8,-999.0,-999.0
112069,WAYLLAPAMPA,1999,8,0.0,-999.0,-999.0
112069,WAYLLAPAMPA,1999,9,43.5,-999.0,-999.0
112069,WAYLLAPAMPA,1999,10,11.9,-999.0,-999.0
112069,WAYLLAPAMPA,1999,11,82.0,-999.0,-999.0
112069,WAYLLAPAMPA,1999,12,54.4,-999.0,-999.0
112069,WAYLLAPAMPA,2000,1,98.1,-999.0,-999.0
112069,WAYLLAPAMPA,2000,2,188.9,-999.0,-999.0
112069,WAYLLAPAMPA,2000,3,179.9,-999.0,-999.0
112069,WAYLLAPAMPA,2000,4,13.1,-999.0,-999.0
112069,WAYLLAPAMPA,2000,5,21.6,-999.0,-999.0
112069,WAYLLAPAMPA,2000,6,14.6,-999.0,-999.0
112069,WAYLLAPAMPA,2000,7,26.0,-999.0,-999.0
112069,WAYLLAPAMPA,2000,8,6.2,-999.0,-999.0
112069,WAYLLAPAMPA,2000,9,5.9,-999.0,-999.0
112069,WAYLLAPAMPA,2000,10,30.6,-999.0,-999.0
112069,WAYLLAPAMPA,2000,11,10.0,-999.0,-999.0
112069,WAYLLAPAMPA,2000,12,106.5,-999.0,-999.0
112069,WAYLLAPAMPA,2001,1,286.3,-999.0,-999.0
112069,WAYLLAPAMPA,2001,2,163.0,-999.0,-999.0
112069,WAYLLAPAMPA,2001,3,116.0,-999.0,-999.0
112069,WAYLLAPAMPA,2001,4,23.2,-999.0,-999.0
112069,WAYLLAPAMPA,2001,5,34.4,-999.0,-999.0
112069,WAYLLAPAMPA,2001,6,4.0,-999.0,-999.0
112069,WAYLLAPAMPA,2001,7,39.3,-999.0,-999.0
112069,WAYLLAPAMPA,2001,8,18.4,-999.0,-999.0
112069,WAYLLAPAMPA,2001,9,21.9,-999.0,-999.0
112069,WAYLLAPAMPA,2001,10,49.3,-999.0,-999.0
112069,WAYLLAPAMPA,2001,11,65.8,-999.0,-999.0
112069,WAYLLAPAMPA,2001,12,35.4,-999.0,-999.0
112069,WAYLLAPAMPA,2002,1,90.9,-999.0,-999.0
112069,WAYLLAPAMPA,2002,2,126.2,-999.0,-999.0
112069,WAYLLAPAMPA,2002,3,193.6,-999.0,-999.0
112069,WAYLLAPAMPA,2002,4,32.3,-999.0,-999.0
112069,WAYLLAPAMPA,2002,5,17.5,-999.0,-999.0
112069,WAYLLAPAMPA,2002,6,2.2,-999.0,-999.0
112069,WAYLLAPAMPA,2002,7,34.8,-999.0,-999.0
112069,WAYLLAPAMPA,2002,8,22.1,-999.0,-999.0
112069,WAYLLAPAMPA,2002,9,30.2,-999.0,-999.0
112069,WAYLLAPAMPA,2002,10,21.9,-999.0,-999.0
112069,WAYLLAPAMPA,2002,11,43.2,-999.0,-999.0
112069,WAYLLAPAMPA,2002,12,91.5,-999.0,-999.0
112069,WAYLLAPAMPA,2003,1,39.6,-999.0,-999.0
112069,WAYLLAPAMPA,2003,2,180.4,-999.0,-999.0
112069,WAYLLAPAMPA,2003,3,124.1,-999.0,-999.0
112069,WAYLLAPAMPA,2003,4,81.4,-999.0,-999.0
112069,WAYLLAPAMPA,2003,5,5.5,-999.0,-999.0
112069,WAYLLAPAMPA,2003,6,1.9,-999.0,-999.0
112069,WAYLLAPAMPA,2003,7,0.0,-999.0,-999.0
112069,WAYLLAPAMPA,2003,8,17.0,-999.0,-999.0
112069,WAYLLAPAMPA,2003,9,19.5,-999.0,-999.0
112069,WAYLLAPAMPA,2003,10,0.0,-999.0,-999.0
112069,WAYLLAPAMPA,2003,11,-999.0,-999.0,-999.0
112069,WAYLLAPAMPA,2003,12,64.9,-999.0,-999.0
112069,WAYLLAPAMPA,2004,1,114.5,26.51,11.86
112069,WAYLLAPAMPA,2004,2,-999.0,25.21,11.53
112069,WAYLLAPAMPA,2004,3,69.9,25.36,11.02
112069,WAYLLAPAMPA,2004,4,9.7,26.05,7.58
112069,WAYLLAPAMPA,2004,5,9.2,26.47,4.75
112069,WAYLLAPAMPA,2004,6,6.2,24.39,3.19
112069,WAYLLAPAMPA,2004,7,20.6,23.8,4.27
112069,WAYLLAPAMPA,2004,8,8.9,23.88,5.23
112069,WAYLLAPAMPA,2004,9,26.8,25.09,7.7
112069,WAYLLAPAMPA,2004,10,41.6,26.43,10.07
112069,WAYLLAPAMPA,2004,11,47.3,28.44,9.78
112069,WAYLLAPAMPA,2004,12,136.7,24.93,11.73
112069,WAYLLAPAMPA,2005,1,64.3,26.25,9.78
112069,WAYLLAPAMPA,2005,2,61.7,25.96,11.84
112069,WAYLLAPAMPA,2005,3,47.6,25.45,11.33
112069,WAYLLAPAMPA,2005,4,18.9,27.24,8.31
112069,WAYLLAPAMPA,2005,5,28.3,27.69,3.8
112069,WAYLLAPAMPA,2005,6,0.0,26.57,1.96
112069,WAYLLAPAMPA,2005,7,3.1,26.05,2.43
112069,WAYLLAPAMPA,2005,8,5.4,27.01,3.54
112069,WAYLLAPAMPA,2005,9,5.5,26.81,8.19
112069,WAYLLAPAMPA,2005,10,50.7,27.01,9.17
112069,WAYLLAPAMPA,2005,11,30.2,28.59,8.55
112069,WAYLLAPAMPA,2005,12,93.8,25.66,10.69
112069,WAYLLAPAMPA,2006,1,-999.0,24.81,11.34
112069,WAYLLAPAMPA,2006,2,97.0,24.48,10.77
112069,WAYLLAPAMPA,2006,3,124.8,24.2,11.34
112069,WAYLLAPAMPA,2006,4,36.5,25.45,8.97
112069,WAYLLAPAMPA,2006,5,7.4,26.19,1.49
112069,WAYLLAPAMPA,2006,6,4.4,25.82,2.98
112069,WAYLLAPAMPA,2006,7,3.0,25.41,0.33
112069,WAYLLAPAMPA,2006,8,15.0,26.18,5.67
112069,WAYLLAPAMPA,2006,9,-999.0,26.93,6.93
112069,WAYLLAPAMPA,2006,10,41.5,-999.0,8.5
112069,WAYLLAPAMPA,2006,11,91.9,25.92,10.59
112069,WAYLLAPAMPA,2006,12,77.1,26.47,10.85
112069,WAYLLAPAMPA,2007,1,61.8,26.62,11.74
112069,WAYLLAPAMPA,2007,2,73.7,26.28,10.8
112069,WAYLLAPAMPA,2007,3,121.6,24.11,12.06
112069,WAYLLAPAMPA,2007,4,-999.0,25.08,9.82
112069,WAYLLAPAMPA,2007,5,25.7,26.13,6.01
112069,WAYLLAPAMPA,2007,6,9.6,25.47,2.14
112069,WAYLLAPAMPA,2007,7,4.7,24.73,4.15
112069,WAYLLAPAMPA,2007,8,6.9,26.48,4.27
112069,WAYLLAPAMPA,2007,9,14.6,25.27,7.01
112069,WAYLLAPAMPA,2007,10,45.7,27.49,9.1
112069,WAYLLAPAMPA,2007,11,-999.0,-999.0,-999.0
112069,WAYLLAPAMPA,2007,12,74.1,26.62,10.04
112069,WAYLLAPAMPA,2008,1,87.4,24.5,12.26
112069,WAYLLAPAMPA,2008,2,80.1,24.74,11.32
112069,WAYLLAPAMPA,2008,3,47.8,24.74,10.54
112069,WAYLLAPAMPA,2008,4,16.2,25.97,7.79
112069,WAYLLAPAMPA,2008,5,24.2,25.61,4.05
112069,WAYLLAPAMPA,2008,6,2.8,25.35,-999.0
112069,WAYLLAPAMPA,2008,7,0.3,25.46,-999.0
112069,WAYLLAPAMPA,2008,8,3.6,27.04,4.8
112069,WAYLLAPAMPA,2008,9,11.0,26.86,7.16
112069,WAYLLAPAMPA,2008,10,14.4,27.17,9.95
112069,WAYLLAPAMPA,2008,11,26.8,28.96,10.2
112069,WAYLLAPAMPA,2008,12,71.6,26.67,11.08
112069,WAYLLAPAMPA,2009,1,104.2,25.17,12.42
112069,WAYLLAPAMPA,2009,2,141.7,24.62,12.33
112069,WAYLLAPAMPA,2009,3,39.8,24.72,12.07
112069,WAYLLAPAMPA,2009,4,49.3,24.97,9.66
112069,WAYLLAPAMPA,2009,5,15.7,25.46,6.12
112069,WAYLLAPAMPA,2009,6,0.4,25.8,3.22
112069,WAYLLAPAMPA,2009,7,3.9,25.06,4.26
112069,WAYLLAPAMPA,2009,8,8.2,26.17,3.51
112069,WAYLLAPAMPA,2009,9,15.3,26.96,7.88
112069,WAYLLAPAMPA,2009,10,41.6,27.82,8.68
112069,WAYLLAPAMPA,2009,11,76.7,26.92,10.19
112069,WAYLLAPAMPA,2009,12,134.7,25.95,11.25
112069,WAYLLAPAMPA,2010,1,126.1,24.85,11.88
112069,WAYLLAPAMPA,2010,2,105.9,25.65,12.02
112069,WAYLLAPAMPA,2010,3,60.5,26.04,12.12
112069,WAYLLAPAMPA,2010,4,19.1,26.42,8.45
112069,WAYLLAPAMPA,2010,5,8.5,26.64,6.08
112069,WAYLLAPAMPA,2010,6,0.0,26.23,4.08
112069,WAYLLAPAMPA,2010,7,2.2,26.83,2.29
112069,WAYLLAPAMPA,2010,8,11.1,26.76,3.16
112069,WAYLLAPAMPA,2010,9,14.7,26.27,6.81
112069,WAYLLAPAMPA,2010,10,46.0,27.3,8.99
112069,WAYLLAPAMPA,2010,11,29.1,28.19,8.36
112069,WAYLLAPAMPA,2010,12,97.3,24.74,11.29
112069,WAYLLAPAMPA,2011,1,143.6,24.86,11.87
112069,WAYLLAPAMPA,2011,2,190.9,23.24,12.54
112069,WAYLLAPAMPA,2011,3,106.3,22.95,12.44
112069,WAYLLAPAMPA,2011,4,37.8,24.29,9.2
112069,WAYLLAPAMPA,2011,5,16.4,25.39,5.83
112069,WAYLLAPAMPA,2011,6,0.1,25.32,3.54
112069,WAYLLAPAMPA,2011,7,10.2,24.78,3.29
112069,WAYLLAPAMPA,2011,8,0.7,25.88,4.38
112069,WAYLLAPAMPA,2011,9,43.4,25.49,8.34
112069,WAYLLAPAMPA,2011,10,37.4,26.57,8.58
112069,WAYLLAPAMPA,2011,11,85.2,27.82,10.42
112069,WAYLLAPAMPA,2011,12,104.6,24.99,11.32
112069,WAYLLAPAMPA,2012,1,88.8,25.9,11.55
112069,WAYLLAPAMPA,2012,2,147.8,23.62,11.89
112069,WAYLLAPAMPA,2012,3,86.6,24.14,10.98
112069,WAYLLAPAMPA,2012,4,75.8,24.52,10.37
112069,WAYLLAPAMPA,2012,5,38.3,25.32,5.8
112069,WAYLLAPAMPA,2012,6,7.6,25.0,3.59
112069,WAYLLAPAMPA,2012,7,10.1,25.43,1.95
112069,WAYLLAPAMPA,2012,8,1.3,26.06,2.85
112069,WAYLLAPAMPA,2012,9,34.0,25.91,6.85
112069,WAYLLAPAMPA,2012,10,28.4,27.69,8.78
112069,WAYLLAPAMPA,2012,11,78.8,27.4,10.31
112069,WAYLLAPAMPA,2012,12,152.4,23.83,12.67
112069,WAYLLAPAMPA,2013,1,118.8,25.23,10.85
112069,WAYLLAPAMPA,2013,2,112.7,24.2,12.54
112069,WAYLLAPAMPA,2013,3,114.5,24.84,11.84
112069,WAYLLAPAMPA,2013,4,10.6,26.54,6.69
112069,WAYLLAPAMPA,2013,5,10.3,25.48,5.19
112069,WAYLLAPAMPA,2013,6,3.1,24.07,4.9
112069,WAYLLAPAMPA,2013,7,6.1,23.86,3.03
112069,WAYLLAPAMPA,2013,8,34.9,25.56,3.64
112069,WAYLLAPAMPA,2013,9,31.1,27.17,6.07
112069,WAYLLAPAMPA,2013,10,77.7,26.79,9.1
112069,WAYLLAPAMPA,2013,11,66.5,27.5,9.14
112069,WAYLLAPAMPA,2013,12,132.5,25.06,10.53
112069,WAYLLAPAMPA,2014,1,150.5,24.99,10.88
112069,WAYLLAPAMPA,2014,2,89.2,25.15,11.31
112069,WAYLLAPAMPA,2014,3,135.6,24.57,10.42
112069,WAYLLAPAMPA,2014,4,25.7,25.74,7.57
112069,WAYLLAPAMPA,2014,5,12.9,26.35,6.03
112069,WAYLLAPAMPA,2014,6,0.0,26.61,2.74
112069,WAYLLAPAMPA,2014,7,3.6,25.19,3.49
112069,WAYLLAPAMPA,2014,8,4.0,25.71,3.71
112069,WAYLLAPAMPA,2014,9,42.5,25.9,8.15
112069,WAYLLAPAMPA,2014,10,67.8,26.5,8.12
112069,WAYLLAPAMPA,2014,11,28.6,28.46,8.26
112069,WAYLLAPAMPA,2014,12,104.9,26.59,10.85
112069,WAYLLAPAMPA,2015,1,161.7,24.63,10.95
112069,WAYLLAPAMPA,2015,2,131.5,24.62,10.69
112069,WAYLLAPAMPA,2015,3,121.8,24.91,10.83
112069,WAYLLAPAMPA,2015,4,25.2,24.23,8.18
112069,WAYLLAPAMPA,2015,5,46.4,25.94,6.48
112069,WAYLLAPAMPA,2015,6,33.8,25.79,2.63
112069,WAYLLAPAMPA,2015,7,14.4,25.83,0.6
112069,WAYLLAPAMPA,2015,8,43.0,26.17,3.86
112069,WAYLLAPAMPA,2015,9,16.1,27.37,6.49
112069,WAYLLAPAMPA,2015,10,40.2,27.97,7.13
112069,WAYLLAPAMPA,2015,11,41.0,28.47,8.66
112069,WAYLLAPAMPA,2015,12,137.8,26.33,9.92
112069,WAYLLAPAMPA,2016,1,63.5,28.4,10.16
112069,WAYLLAPAMPA,2016,2,156.8,26.02,11.88
112069,WAYLLAPAMPA,2016,3,63.5,28.49,10.16
112069,WAYLLAPAMPA,2016,4,34.2,27.11,7.77
112069,WAYLLAPAMPA,2016,5,6.8,27.61,2.74
112069,WAYLLAPAMPA,2016,6,0.1,26.51,0.1
112069,WAYLLAPAMPA,2016,7,5.8,25.89,-0.57
112069,WAYLLAPAMPA,2016,8,10.9,27.04,3.63
112069,WAYLLAPAMPA,2016,9,11.6,28.06,4.99
112069,WAYLLAPAMPA,2016,10,31.5,27.95,7.42
112069,WAYLLAPAMPA,2016,11,32.2,29.87,-999.0
112069,WAYLLAPAMPA,2016,12,81.4,27.34,8.77
112069,WAYLLAPAMPA,2017,1,109.7,24.59,11.27
112069,WAYLLAPAMPA,2017,2,161.3,24.62,9.6
112069,WAYLLAPAMPA,2017,3,87.7,24.61,10.98
112069,WAYLLAPAMPA,2017,4,51.0,25.53,9.0
112069,WAYLLAPAMPA,2017,5,28.4,25.38,7.44
112069,WAYLLAPAMPA,2017,6,0.0,26.3,3.52
112069,WAYLLAPAMPA,2017,7,8.1,25.58,1.37
112069,WAYLLAPAMPA,2017,8,9.8,27.1,3.8
112069,WAYLLAPAMPA,2017,9,30.7,26.69,8.2
112069,WAYLLAPAMPA,2017,10,31.9,27.97,7.68
112069,WAYLLAPAMPA,2017,11,49.2,28.1,8.97
112069,WAYLLAPAMPA,2017,12,75.9,27.34,10.01
112069,WAYLLAPAMPA,2018,1,106.3,24.49,10.71
112069,WAYLLAPAMPA,2018,2,129.8,25.06,11.36
112069,WAYLLAPAMPA,2018,3,73.9,24.5,11.61
112069,WAYLLAPAMPA,2018,4,20.8,24.73,8.05
112069,WAYLLAPAMPA,2018,5,7.4,26.13,3.98
112069,WAYLLAPAMPA,2018,6,4.4,25.05,3.67
112069,WAYLLAPAMPA,2018,7,21.1,24.27,3.34
112069,WAYLLAPAMPA,2018,8,40.6,24.84,5.69
112069,WAYLLAPAMPA,2018,9,18.9,27.48,-999.0
112069,WAYLLAPAMPA,2018,10,72.9,25.7,10.4
112069,WAYLLAPAMPA,2018,11,89.9,28.07,9.62
112069,WAYLLAPAMPA,2018,12,43.2,27.37,8.02
112069,WAYLLAPAMPA,2019,1,115.4,25.87,11.06
112069,WAYLLAPAMPA,2019,2,148.7,23.98,12.41
112069,WAYLLAPAMPA,2019,3,116.4,24.94,11.94
112069,WAYLLAPAMPA,2019,4,33.3,26.47,8.27
112069,WAYLLAPAMPA,2019,5,6.8,26.86,5.41
112069,WAYLLAPAMPA,2019,6,0.6,26.36,2.17
112069,WAYLLAPAMPA,2019,7,7.2,26.16,1.82
112069,WAYLLAPAMPA,2019,8,0.0,26.88,1.31
112069,WAYLLAPAMPA,2019,9,4.4,27.52,7.57
112069,WAYLLAPAMPA,2019,10,17.1,28.24,8.41
112069,WAYLLAPAMPA,2019,11,103.1,28.36,11.07
112069,WAYLLAPAMPA,2019,12,158.3,26.62,11.61
112069,WAYLLAPAMPA,2020,1,70.7,26.77,11.32
112069,WAYLLAPAMPA,2020,2,72.1,26.71,12.59
112069,WAYLLAPAMPA,2020,3,87.1,26.2,11.37
112069,WAYLLAPAMPA,2020,4,19.6,27.11,7.68
112069,WAYLLAPAMPA,2020,5,25.2,27.29,5.45
112069,WAYLLAPAMPA,2020,6,0.0,27.55,3.06
112069,WAYLLAPAMPA,2020,7,-999.0,-999.0,-999.0
112069,WAYLLAPAMPA,2020,8,-999.0,-999.0,-999.0
112069,WAYLLAPAMPA,2020,9,17.3,28.28,7.09
112069,WAYLLAPAMPA,2020,10,17.4,28.3,6.95
112069,WAYLLAPAMPA,2020,11,6.0,30.77,7.34
112069,WAYLLAPAMPA,2020,12,65.8,27.27,11.31
112069,WAYLLAPAMPA,2021,1,97.0,25.81,12.3
112069,WAYLLAPAMPA,2021,2,96.6,26.94,10.51
112069,WAYLLAPAMPA,2021,3,117.0,25.08,11.55
112069,WAYLLAPAMPA,2021,4,64.4,26.22,9.23
112069,WAYLLAPAMPA,2021,5,15.0,26.55,5.03
112069,WAYLLAPAMPA,2021,6,5.6,26.8,3.17
112069,WAYLLAPAMPA,2021,7,7.0,27.26,1.59
112069,WAYLLAPAMPA,2021,8,1.5,27.58,4.39
112069,WAYLLAPAMPA,2021,9,9.0,27.45,7.26
112069,WAYLLAPAMPA,2021,10,29.5,29.56,8.47
112069,WAYLLAPAMPA,2021,11,43.9,28.72,9.35
112069,WAYLLAPAMPA,2021,12,46.2,28.5,10.25
112069,WAYLLAPAMPA,2022,1,114.8,27.24,11.3
112069,WAYLLAPAMPA,2022,2,94.2,25.91,12.01
112069,WAYLLAPAMPA,2022,3,118.9,25.53,11.12
112069,WAYLLAPAMPA,2022,4,31.2,27.33,7.42
112069,WAYLLAPAMPA,2022,5,0.0,27.87,4.64
112069,WAYLLAPAMPA,2022,6,0.0,26.98,2.09
112069,WAYLLAPAMPA,2022,7,11.8,27.74,0.73
112069,WAYLLAPAMPA,2022,8,15.0,28.18,3.37
112069,WAYLLAPAMPA,2022,9,15.9,29.62,6.56
112069,WAYLLAPAMPA,2022,10,7.2,31.15,5.74
112069,WAYLLAPAMPA,2022,11,14.7,31.36,7.2
112069,WAYLLAPAMPA,2022,12,56.6,29.54,9.56
112069,WAYLLAPAMPA,2023,1,86.6,28.32,10.56
112069,WAYLLAPAMPA,2023,2,88.6,26.49,12.27
112069,WAYLLAPAMPA,2023,3,61.8,26.94,11.28
112069,WAYLLAPAMPA,2023,4,35.5,28.26,7.95
112069,WAYLLAPAMPA,2023,5,29.5,27.79,5.98
112069,WAYLLAPAMPA,2023,6,0.7,28.33,0.78
112069,WAYLLAPAMPA,2023,7,0.0,28.91,1.45
112069,WAYLLAPAMPA,2023,8,3.1,29.43,3.31
112069,WAYLLAPAMPA,2023,9,86.2,29.31,8.06
112069,WAYLLAPAMPA,2023,10,32.4,-999.0,10.76
112069,WAYLLAPAMPA,2023,11,33.7,29.56,11.16
112069,WAYLLAPAMPA,2023,12,108.9,27.62,12.12
112069,WAYLLAPAMPA,2024,1,103.3,27.09,12.75
112069,WAYLLAPAMPA,2024,2,160.6,26.7,12.16
112069,WAYLLAPAMPA,2024,3,135.5,26.41,12.64
112069,WAYLLAPAMPA,2024,4,37.7,27.82,9.48
112069,WAYLLAPAMPA,2024,5,19.6,28.15,6.7
112069,WAYLLAPAMPA,2024,6,7.6,27.52,2.08
112069,WAYLLAPAMPA,2024,7,0.0,27.6,2.05
112069,WAYLLAPAMPA,2024,8,10.5,28.76,4.28
112069,WAYLLAPAMPA,2024,9,24.0,29.01,6.71
112069,WAYLLAPAMPA,2024,10,39.5,29.65,8.26
112069,WAYLLAPAMPA,2024,11,104.5,28.66,10.52
112069,WAYLLAPAMPA,2024,12,77.3,27.71,10.72
112069,WAYLLAPAMPA,2025,1,127.0,26.73,11.16
112069,WAYLLAPAMPA,2025,2,94.3,26.11,12.07
112069,WAYLLAPAMPA,2025,3,153.7,25.24,11.32
112069,WAYLLAPAMPA,2025,4,68.7,26.39,10.26
112069,WAYLLAPAMPA,2025,5,7.9,26.57,6.07
112069,WAYLLAPAMPA,2025,6,14.0,25.98,4.85
112069,WAYLLAPAMPA,2025,7,6.6,26.79,0.41
112069,WAYLLAPAMPA,2025,8,11.6,27.76,4.92
112069,WAYLLAPAMPA,2025,9,21.4,27.65,6.81
112069,WAYLLAPAMPA,2025,10,63.6,27.75,10.26
112069,WAYLLAPAMPA,2025,11,33.4,29.7,6.66
112069,WAYLLAPAMPA,2025,12,22.7,30.91,6.94
