CODIGO,ESTACION,YEAR,MONTH,PP,TMAX,TMIN
112060,PILCHACA,1990,1,140.9,-999.0,5.32
112060,PILCHACA,1990,2,33.3,-999.0,5.28
112060,PILCHACA,1990,3,92.8,-999.0,4.9
112060,PILCHACA,1990,4,27.6,-999.0,5.12
112060,PILCHACA,1990,5,26.4,-999.0,4.05
112060,PILCHACA,1990,6,80.7,-999.0,4.27
112060,PILCHACA,1990,7,8.2,16.74,2.94
112060,PILCHACA,1990,8,47.4,16.39,2.63
112060,PILCHACA,1990,9,56.4,16.57,4.34
112060,PILCHACA,1990,10,134.6,16.47,5.41
112060,PILCHACA,1990,11,116.3,16.99,5.95
112060,PILCHACA,1990,12,74.5,16.57,5.17
112060,PILCHACA,1991,1,50.4,18.11,6.21
112060,PILCHACA,1991,2,73.0,16.94,5.94
112060,PILCHACA,1991,3,106.8,16.74,6.15
112060,PILCHACA,1991,4,27.3,17.51,5.52
112060,PILCHACA,1991,5,18.8,18.16,3.73
112060,PILCHACA,1991,6,30.6,17.41,2.14
112060,PILCHACA,1991,7,6.3,17.45,0.97
112060,PILCHACA,1991,8,0.0,17.45,1.96
112060,PILCHACA,1991,9,76.1,16.84,2.96
112060,PILCHACA,1991,10,25.0,17.41,4.74
112060,PILCHACA,1991,11,66.6,17.95,4.52
112060,PILCHACA,1991,12,55.4,19.42,4.31
112060,PILCHACA,1992,1,84.0,17.99,4.07
112060,PILCHACA,1992,2,119.4,18.51,4.93
112060,PILCHACA,1992,3,99.4,17.71,5.8
112060,PILCHACA,1992,4,30.6,19.33,5.35
112060,PILCHACA,1992,5,0.0,19.84,3.15
112060,PILCHACA,1992,6,19.7,15.94,3.76
112060,PILCHACA,1992,7,6.2,16.67,0.69
112060,PILCHACA,1992,8,46.6,16.87,2.14
112060,PILCHACA,1992,9,44.4,18.57,2.79
112060,PILCHACA,1992,10,76.0,17.57,3.73
112060,PILCHACA,1992,11,50.1,19.36,4.11
112060,PILCHACA,1992,12,40.8,19.25,4.09
112060,PILCHACA,1993,1,130.9,16.55,5.12
112060,PILCHACA,1993,2,70.7,16.46,5.15
112060,PILCHACA,1993,3,45.0,16.36,5.55
112060,PILCHACA,1993,4,36.2,17.73,5.59
112060,PILCHACA,1993,5,9.3,19.06,3.41
112060,PILCHACA,1993,6,4.0,18.99,1.4
112060,PILCHACA,1993,7,28.0,17.74,2.05
112060,PILCHACA,1993,8,14.8,17.87,1.68
112060,PILCHACA,1993,9,48.6,17.55,3.77
112060,PILCHACA,1993,10,57.0,17.5,4.57
112060,PILCHACA,1993,11,125.4,17.55,-999.0
112060,PILCHACA,1993,12,94.7,16.9,5.54
112060,PILCHACA,1994,1,167.3,16.16,6.05
112060,PILCHACA,1994,2,141.0,15.64,5.92
112060,PILCHACA,1994,3,98.1,16.13,5.92
112060,PILCHACA,1994,4,54.3,16.63,4.96
112060,PILCHACA,1994,5,3.0,18.19,3.62
112060,PILCHACA,1994,6,5.6,17.32,0.97
112060,PILCHACA,1994,7,0.0,17.92,1.16
112060,PILCHACA,1994,8,5.4,17.6,1.86
112060,PILCHACA,1994,9,30.4,17.65,3.96
112060,PILCHACA,1994,10,60.9,18.48,3.36
112060,PILCHACA,1994,11,38.0,19.04,5.35
112060,PILCHACA,1994,12,101.4,18.54,5.61
112060,PILCHACA,1995,1,85.0,17.32,5.92
112060,PILCHACA,1995,2,129.5,16.74,5.78
112060,PILCHACA,1995,3,124.6,16.41,5.82
112060,PILCHACA,1995,4,44.0,17.83,5.11
112060,PILCHACA,1995,5,4.0,18.42,2.59
112060,PILCHACA,1995,6,5.4,18.07,1.25
112060,PILCHACA,1995,7,6.8,18.53,2.59
112060,PILCHACA,1995,8,13.2,19.4,3.44
112060,PILCHACA,1995,9,65.6,17.46,4.01
112060,PILCHACA,1995,10,23.8,18.68,4.92
112060,PILCHACA,1995,11,68.0,18.31,4.97
112060,PILCHACA,1995,12,107.4,18.21,3.95
112060,PILCHACA,1996,1,109.5,-999.0,5.45
112060,PILCHACA,1996,2,115.0,-999.0,5.66
112060,PILCHACA,1996,3,77.8,-999.0,5.93
112060,PILCHACA,1996,4,33.2,-999.0,5.75
112060,PILCHACA,1996,5,5.2,-999.0,3.89
112060,PILCHACA,1996,6,1.8,-999.0,1.48
112060,PILCHACA,1996,7,1.4,-999.0,1.64
112060,PILCHACA,1996,8,11.0,-999.0,3.46
112060,PILCHACA,1996,9,15.0,-999.0,4.07
112060,PILCHACA,1996,10,39.2,-999.0,4.66
112060,PILCHACA,1996,11,66.8,-999.0,4.22
112060,PILCHACA,1996,12,118.5,-999.0,5.11
112060,PILCHACA,1997,1,144.3,-999.0,5.61
112060,PILCHACA,1997,2,107.0,-999.0,5.28
112060,PILCHACA,1997,3,94.3,-999.0,4.8
112060,PILCHACA,1997,4,47.2,-999.0,4.19
112060,PILCHACA,1997,5,9.4,-999.0,3.27
112060,PILCHACA,1997,6,0.0,-999.0,1.53
112060,PILCHACA,1997,7,4.6,-999.0,2.0
112060,PILCHACA,1997,8,30.2,-999.0,3.43
112060,PILCHACA,1997,9,43.4,-999.0,3.93
112060,PILCHACA,1997,10,29.2,-999.0,5.68
112060,PILCHACA,1997,11,56.2,-999.0,6.18
112060,PILCHACA,1997,12,85.0,-999.0,6.78
112060,PILCHACA,1998,1,108.8,-999.0,7.35
112060,PILCHACA,1998,2,90.8,-999.0,7.72
112060,PILCHACA,1998,3,64.0,-999.0,7.23
112060,PILCHACA,1998,4,26.9,-999.0,6.44
112060,PILCHACA,1998,5,0.0,-999.0,3.19
112060,PILCHACA,1998,6,4.0,-999.0,3.75
112060,PILCHACA,1998,7,0.0,-999.0,2.46
112060,PILCHACA,1998,8,26.2,-999.0,4.62
112060,PILCHACA,1998,9,8.4,-999.0,4.29
112060,PILCHACA,1998,10,134.4,-999.0,5.78
112060,PILCHACA,1998,11,30.8,-999.0,5.43
112060,PILCHACA,1998,12,100.2,-999.0,5.57
112060,PILCHACA,1999,1,85.3,-999.0,5.88
112060,PILCHACA,1999,2,178.8,-999.0,5.75
112060,PILCHACA,1999,3,84.0,-999.0,6.09
112060,PILCHACA,1999,4,70.0,-999.0,5.28
112060,PILCHACA,1999,5,11.6,-999.0,4.36
112060,PILCHACA,1999,6,6.4,-999.0,2.5
112060,PILCHACA,1999,7,5.0,-999.0,2.48
112060,PILCHACA,1999,8,0.0,-999.0,2.77
112060,PILCHACA,1999,9,55.8,-999.0,4.2
112060,PILCHACA,1999,10,34.4,-999.0,5.13
112060,PILCHACA,1999,11,67.6,-999.0,5.48
112060,PILCHACA,1999,12,64.2,-999.0,6.25
112060,PILCHACA,2000,1,145.4,-999.0,5.8
112060,PILCHACA,2000,2,173.0,-999.0,5.68
112060,PILCHACA,2000,3,131.0,-999.0,5.82
112060,PILCHACA,2000,4,36.2,-999.0,5.23
112060,PILCHACA,2000,5,34.1,-999.0,4.7
112060,PILCHACA,2000,6,22.8,-999.0,2.76
112060,PILCHACA,2000,7,17.0,-999.0,1.86
112060,PILCHACA,2000,8,24.2,-999.0,3.55
112060,PILCHACA,2000,9,11.8,-999.0,3.94
112060,PILCHACA,2000,10,127.6,-999.0,4.87
112060,PILCHACA,2000,11,11.8,-999.0,3.56
112060,PILCHACA,2000,12,79.4,-999.0,4.96
112060,PILCHACA,2001,1,150.4,-999.0,5.55
112060,PILCHACA,2001,2,102.6,-999.0,5.96
112060,PILCHACA,2001,3,88.6,-999.0,6.02
112060,PILCHACA,2001,4,23.0,-999.0,4.63
112060,PILCHACA,2001,5,19.0,-999.0,4.82
112060,PILCHACA,2001,6,5.6,-999.0,2.66
112060,PILCHACA,2001,7,59.2,-999.0,2.58
112060,PILCHACA,2001,8,6.0,-999.0,2.25
112060,PILCHACA,2001,9,35.4,-999.0,4.32
112060,PILCHACA,2001,10,53.7,-999.0,5.12
112060,PILCHACA,2001,11,69.9,-999.0,6.11
112060,PILCHACA,2001,12,89.2,-999.0,5.66
112060,PILCHACA,2002,1,99.2,-999.0,5.19
112060,PILCHACA,2002,2,171.5,-999.0,6.24
112060,PILCHACA,2002,3,124.4,-999.0,6.22
112060,PILCHACA,2002,4,20.6,-999.0,5.51
112060,PILCHACA,2002,5,26.0,-999.0,4.55
112060,PILCHACA,2002,6,5.2,-999.0,2.94
112060,PILCHACA,2002,7,75.8,-999.0,2.96
112060,PILCHACA,2002,8,15.0,-999.0,3.04
112060,PILCHACA,2002,9,80.2,-999.0,4.82
112060,PILCHACA,2002,10,82.0,-999.0,5.47
112060,PILCHACA,2002,11,46.9,-999.0,6.19
112060,PILCHACA,2002,12,104.2,-999.0,6.32
112060,PILCHACA,2003,1,100.2,-999.0,6.52
112060,PILCHACA,2003,2,150.2,-999.0,6.31
112060,PILCHACA,2003,3,133.9,-999.0,6.14
112060,PILCHACA,2003,4,64.8,-999.0,5.68
112060,PILCHACA,2003,5,23.2,-999.0,5.16
112060,PILCHACA,2003,6,0.0,-999.0,2.92
112060,PILCHACA,2003,7,0.0,-999.0,2.36
112060,PILCHACA,2003,8,47.4,-999.0,3.39
112060,PILCHACA,2003,9,37.0,-999.0,3.62
112060,PILCHACA,2003,10,36.0,-999.0,4.61
112060,PILCHACA,2003,11,52.0,-999.0,4.26
112060,PILCHACA,2003,12,78.6,-999.0,5.95
112060,PILCHACA,2004,1,48.6,-999.0,5.62
112060,PILCHACA,2004,2,132.2,-999.0,5.7
112060,PILCHACA,2004,3,58.1,-999.0,5.57
112060,PILCHACA,2004,4,22.1,-999.0,5.19
112060,PILCHACA,2004,5,30.4,-999.0,3.04
112060,PILCHACA,2004,6,27.2,-999.0,1.79
112060,PILCHACA,2004,7,10.4,-999.0,2.47
112060,PILCHACA,2004,8,11.6,-999.0,2.68
112060,PILCHACA,2004,9,56.6,-999.0,4.34
112060,PILCHACA,2004,10,61.2,-999.0,5.38
112060,PILCHACA,2004,11,88.4,-999.0,5.28
112060,PILCHACA,2004,12,101.0,-999.0,5.7
112060,PILCHACA,2005,1,78.6,18.28,5.64
112060,PILCHACA,2005,2,100.9,17.86,6.28
112060,PILCHACA,2005,3,87.0,18.28,6.32
112060,PILCHACA,2005,4,17.6,18.96,5.66
112060,PILCHACA,2005,5,16.2,19.64,3.46
112060,PILCHACA,2005,6,1.6,19.24,1.6
112060,PILCHACA,2005,7,6.6,19.24,2.04
112060,PILCHACA,2005,8,9.6,19.4,3.03
112060,PILCHACA,2005,9,19.8,18.47,4.51
112060,PILCHACA,2005,10,72.6,18.82,4.61
112060,PILCHACA,2005,11,63.2,19.99,4.98
112060,PILCHACA,2005,12,115.8,18.2,5.52
112060,PILCHACA,2006,1,162.8,17.65,5.3
112060,PILCHACA,2006,2,112.8,16.68,5.4
112060,PILCHACA,2006,3,97.7,16.58,5.95
112060,PILCHACA,2006,4,42.4,18.05,5.16
112060,PILCHACA,2006,5,4.0,18.76,2.04
112060,PILCHACA,2006,6,13.8,17.96,2.62
112060,PILCHACA,2006,7,0.0,17.96,0.7
112060,PILCHACA,2006,8,18.8,18.44,3.37
112060,PILCHACA,2006,9,53.6,18.54,3.93
112060,PILCHACA,2006,10,88.5,18.45,4.49
112060,PILCHACA,2006,11,80.7,17.97,5.77
112060,PILCHACA,2006,12,70.4,19.05,5.84
112060,PILCHACA,2007,1,81.0,18.2,6.23
112060,PILCHACA,2007,2,66.7,18.35,5.82
112060,PILCHACA,2007,3,128.0,17.77,5.64
112060,PILCHACA,2007,4,11.4,17.83,5.48
112060,PILCHACA,2007,5,32.8,19.12,3.51
112060,PILCHACA,2007,6,0.0,19.08,1.91
112060,PILCHACA,2007,7,13.9,18.3,2.06
112060,PILCHACA,2007,8,8.4,18.85,2.63
112060,PILCHACA,2007,9,30.6,17.49,4.41
112060,PILCHACA,2007,10,50.0,18.17,4.38
112060,PILCHACA,2007,11,90.6,19.09,4.76
112060,PILCHACA,2007,12,89.0,18.46,5.14
112060,PILCHACA,2008,1,138.6,16.37,5.48
112060,PILCHACA,2008,2,107.4,16.17,5.39
112060,PILCHACA,2008,3,67.4,16.48,5.01
112060,PILCHACA,2008,4,34.4,18.08,4.51
112060,PILCHACA,2008,5,18.6,18.69,2.42
112060,PILCHACA,2008,6,10.4,18.56,2.43
112060,PILCHACA,2008,7,0.0,18.37,1.77
112060,PILCHACA,2008,8,10.0,18.02,2.77
112060,PILCHACA,2008,9,25.8,18.34,3.5
112060,PILCHACA,2008,10,121.6,17.56,4.54
112060,PILCHACA,2008,11,51.5,18.52,5.06
112060,PILCHACA,2008,12,55.4,18.03,5.13
112060,PILCHACA,2009,1,86.9,16.39,5.2
112060,PILCHACA,2009,2,199.2,15.7,5.59
112060,PILCHACA,2009,3,77.8,16.41,5.19
112060,PILCHACA,2009,4,37.0,17.08,5.01
112060,PILCHACA,2009,5,33.0,17.55,3.34
112060,PILCHACA,2009,6,0.0,17.98,2.01
112060,PILCHACA,2009,7,14.8,17.72,2.01
112060,PILCHACA,2009,8,35.8,18.12,3.05
112060,PILCHACA,2009,9,35.6,18.48,4.14
112060,PILCHACA,2009,10,76.4,19.01,4.52
112060,PILCHACA,2009,11,95.0,18.21,5.58
112060,PILCHACA,2009,12,187.0,17.31,5.82
112060,PILCHACA,2010,1,173.0,16.93,5.69
112060,PILCHACA,2010,2,145.2,17.17,6.38
112060,PILCHACA,2010,3,95.6,17.05,6.03
112060,PILCHACA,2010,4,6.8,18.01,5.78
112060,PILCHACA,2010,5,7.2,18.13,4.01
112060,PILCHACA,2010,6,1.6,18.35,3.07
112060,PILCHACA,2010,7,0.0,18.88,2.47
112060,PILCHACA,2010,8,24.6,18.88,2.65
112060,PILCHACA,2010,9,6.6,17.85,3.57
112060,PILCHACA,2010,10,63.5,18.1,4.49
112060,PILCHACA,2010,11,17.8,18.64,4.72
112060,PILCHACA,2010,12,112.4,16.74,5.33
112060,PILCHACA,2011,1,124.3,15.99,5.17
112060,PILCHACA,2011,2,183.3,15.18,5.04
112060,PILCHACA,2011,3,133.9,15.6,5.21
112060,PILCHACA,2011,4,40.2,16.8,4.9
112060,PILCHACA,2011,5,22.2,17.84,3.63
112060,PILCHACA,2011,6,0.0,18.04,2.82
112060,PILCHACA,2011,7,12.0,17.58,2.28
112060,PILCHACA,2011,8,4.8,18.3,3.16
112060,PILCHACA,2011,9,54.2,17.29,4.28
112060,PILCHACA,2011,10,63.5,18.1,4.49
112060,PILCHACA,2011,11,72.2,19.05,5.29
112060,PILCHACA,2011,12,91.6,17.05,4.96
112060,PILCHACA,2012,1,89.0,17.44,4.97
112060,PILCHACA,2012,2,217.5,16.01,5.13
112060,PILCHACA,2012,3,68.1,15.67,5.17
112060,PILCHACA,2012,4,128.3,16.66,5.1
112060,PILCHACA,2012,5,7.6,17.56,3.48
112060,PILCHACA,2012,6,12.8,17.52,2.79
112060,PILCHACA,2012,7,8.4,18.15,2.84
112060,PILCHACA,2012,8,7.6,18.53,2.68
112060,PILCHACA,2012,9,20.4,17.82,3.67
112060,PILCHACA,2012,10,65.0,18.38,4.74
112060,PILCHACA,2012,11,102.9,18.26,5.12
112060,PILCHACA,2012,12,159.8,16.57,5.33
112060,PILCHACA,2013,1,89.8,16.49,5.18
112060,PILCHACA,2013,2,145.3,17.15,5.53
112060,PILCHACA,2013,3,105.3,16.95,5.72
112060,PILCHACA,2013,4,37.2,19.09,4.78
112060,PILCHACA,2013,5,46.4,18.67,4.19
112060,PILCHACA,2013,6,24.8,17.14,3.05
112060,PILCHACA,2013,7,0.0,16.45,2.07
112060,PILCHACA,2013,8,23.1,17.94,2.64
112060,PILCHACA,2013,9,41.2,17.98,3.91
112060,PILCHACA,2013,10,47.4,17.77,4.93
112060,PILCHACA,2013,11,64.2,18.8,5.07
112060,PILCHACA,2013,12,139.2,17.09,5.27
112060,PILCHACA,2014,1,221.3,16.45,5.37
112060,PILCHACA,2014,2,122.7,16.57,5.26
112060,PILCHACA,2014,3,179.8,16.39,5.11
112060,PILCHACA,2014,4,36.0,17.0,4.89
112060,PILCHACA,2014,5,14.0,17.95,3.9
112060,PILCHACA,2014,6,17.8,19.29,3.1
112060,PILCHACA,2014,7,12.0,17.9,2.62
112060,PILCHACA,2014,8,5.4,17.16,2.8
112060,PILCHACA,2014,9,72.7,16.86,3.88
112060,PILCHACA,2014,10,38.2,17.27,4.57
112060,PILCHACA,2014,11,55.2,18.4,5.18
112060,PILCHACA,2014,12,110.8,17.62,5.56
112060,PILCHACA,2015,1,144.2,16.91,4.98
112060,PILCHACA,2015,2,122.2,17.2,4.85
112060,PILCHACA,2015,3,106.6,16.99,5.53
112060,PILCHACA,2015,4,26.3,17.12,4.95
112060,PILCHACA,2015,5,1.2,17.86,4.64
112060,PILCHACA,2015,6,15.8,18.46,3.17
112060,PILCHACA,2015,7,13.2,18.71,2.03
112060,PILCHACA,2015,8,45.4,17.91,3.24
112060,PILCHACA,2015,9,11.7,18.61,4.68
112060,PILCHACA,2015,10,22.0,18.26,5.36
112060,PILCHACA,2015,11,36.9,18.34,5.76
112060,PILCHACA,2015,12,110.3,17.06,5.69
112060,PILCHACA,2016,1,52.0,18.58,5.72
112060,PILCHACA,2016,2,107.6,17.9,6.3
112060,PILCHACA,2016,3,51.1,18.57,6.4
112060,PILCHACA,2016,4,73.0,18.46,5.66
112060,PILCHACA,2016,5,11.7,19.3,3.68
112060,PILCHACA,2016,6,0.0,19.18,1.82
112060,PILCHACA,2016,7,2.2,18.66,1.63
112060,PILCHACA,2016,8,0.0,18.82,2.99
112060,PILCHACA,2016,9,14.7,18.91,3.67
112060,PILCHACA,2016,10,38.8,18.85,4.76
112060,PILCHACA,2016,11,36.9,19.98,4.98
112060,PILCHACA,2016,12,73.0,18.8,5.63
112060,PILCHACA,2017,1,240.4,17.02,5.11
112060,PILCHACA,2017,2,138.4,17.4,5.33
112060,PILCHACA,2017,3,138.0,17.17,5.11
112060,PILCHACA,2017,4,62.6,18.42,5.22
112060,PILCHACA,2017,5,35.2,17.94,5.06
112060,PILCHACA,2017,6,4.2,18.9,3.28
112060,PILCHACA,2017,7,4.0,19.29,1.65
112060,PILCHACA,2017,8,17.9,19.66,2.05
112060,PILCHACA,2017,9,55.4,18.08,4.54
112060,PILCHACA,2017,10,27.5,18.55,4.99
112060,PILCHACA,2017,11,41.2,19.03,5.26
112060,PILCHACA,2017,12,103.5,18.3,5.23
112060,PILCHACA,2018,1,191.1,17.42,4.39
112060,PILCHACA,2018,2,109.4,18.03,5.1
112060,PILCHACA,2018,3,149.6,16.47,5.57
112060,PILCHACA,2018,4,60.3,17.07,4.54
112060,PILCHACA,2018,5,16.2,18.23,2.2
112060,PILCHACA,2018,6,16.0,17.32,1.84
112060,PILCHACA,2018,7,24.6,16.78,1.31
112060,PILCHACA,2018,8,62.8,16.7,2.7
112060,PILCHACA,2018,9,24.9,18.5,3.41
112060,PILCHACA,2018,10,99.2,17.38,5.07
112060,PILCHACA,2018,11,46.4,19.11,5.71
112060,PILCHACA,2018,12,33.8,18.4,4.8
112060,PILCHACA,2019,1,151.9,17.05,5.67
112060,PILCHACA,2019,2,103.1,16.1,5.79
112060,PILCHACA,2019,3,113.1,16.61,5.91
112060,PILCHACA,2019,4,52.6,18.13,5.4
112060,PILCHACA,2019,5,12.6,18.46,4.32
112060,PILCHACA,2019,6,0.0,18.54,1.51
112060,PILCHACA,2019,7,3.0,18.24,2.36
112060,PILCHACA,2019,8,0.0,18.52,2.16
112060,PILCHACA,2019,9,17.0,17.69,4.76
112060,PILCHACA,2019,10,42.6,18.32,4.61
112060,PILCHACA,2019,11,66.0,18.01,5.4
112060,PILCHACA,2019,12,119.2,17.38,5.54
112060,PILCHACA,2020,1,75.5,17.01,5.59
112060,PILCHACA,2020,2,142.8,16.9,6.45
112060,PILCHACA,2020,3,82.6,17.29,5.95
112060,PILCHACA,2020,4,13.1,18.05,4.87
112060,PILCHACA,2020,5,48.3,17.95,3.66
112060,PILCHACA,2020,6,5.1,18.58,2.75
112060,PILCHACA,2020,7,0.0,18.69,1.73
112060,PILCHACA,2020,8,2.6,19.13,2.68
112060,PILCHACA,2020,9,32.5,18.42,-999.0
112060,PILCHACA,2020,10,35.6,17.79,4.63
112060,PILCHACA,2020,11,5.3,19.48,5.12
112060,PILCHACA,2020,12,88.2,18.02,5.29
112060,PILCHACA,2021,1,89.6,17.24,5.38
112060,PILCHACA,2021,2,28.4,17.7,5.04
112060,PILCHACA,2021,3,82.6,17.29,5.95
112060,PILCHACA,2021,4,78.4,17.77,4.74
112060,PILCHACA,2021,5,17.4,18.38,4.03
112060,PILCHACA,2021,6,9.0,18.48,3.62
112060,PILCHACA,2021,7,7.4,18.67,1.67
112060,PILCHACA,2021,8,23.8,18.64,3.74
112060,PILCHACA,2021,9,33.1,17.95,4.4
112060,PILCHACA,2021,10,41.0,18.45,5.48
112060,PILCHACA,2021,11,118.4,17.86,5.39
112060,PILCHACA,2021,12,65.8,18.04,5.93
112060,PILCHACA,2022,1,111.4,17.59,5.45
112060,PILCHACA,2022,2,91.4,17.38,5.47
112060,PILCHACA,2022,3,81.4,17.63,5.5
112060,PILCHACA,2022,4,69.6,18.4,4.74
112060,PILCHACA,2022,5,19.8,18.29,4.2
112060,PILCHACA,2022,6,17.6,18.12,2.61
112060,PILCHACA,2022,7,0.0,18.53,2.28
112060,PILCHACA,2022,8,28.2,18.56,3.29
112060,PILCHACA,2022,9,17.6,19.19,4.12
112060,PILCHACA,2022,10,7.0,19.09,4.76
112060,PILCHACA,2022,11,24.0,19.05,5.29
112060,PILCHACA,2022,12,78.4,18.03,4.73
112060,PILCHACA,2023,1,91.6,17.71,5.23
112060,PILCHACA,2023,2,135.3,16.8,5.33
112060,PILCHACA,2023,3,78.6,17.27,5.4
112060,PILCHACA,2023,4,31.6,18.09,4.84
112060,PILCHACA,2023,5,38.2,18.19,4.21
112060,PILCHACA,2023,6,0.0,19.66,1.97
112060,PILCHACA,2023,7,0.0,20.35,2.88
112060,PILCHACA,2023,8,10.4,19.25,3.91
112060,PILCHACA,2023,9,43.9,18.44,4.61
112060,PILCHACA,2023,10,22.6,18.65,5.8
112060,PILCHACA,2023,11,87.4,18.83,5.9
112060,PILCHACA,2023,12,90.0,19.02,6.36
112060,PILCHACA,2024,1,100.5,18.34,6.7
112060,PILCHACA,2024,2,93.0,18.23,6.24
112060,PILCHACA,2024,3,121.8,18.21,6.55
112060,PILCHACA,2024,4,36.6,18.84,6.14
112060,PILCHACA,2024,5,43.4,20.31,5.35
112060,PILCHACA,2024,6,20.2,19.82,2.01
112060,PILCHACA,2024,7,0.0,20.06,1.68
112060,PILCHACA,2024,8,7.0,20.09,3.46
112060,PILCHACA,2024,9,8.0,19.85,5.03
112060,PILCHACA,2024,10,47.8,19.76,5.44
112060,PILCHACA,2024,11,159.8,18.81,5.77
112060,PILCHACA,2024,12,45.0,18.29,5.78
112060,PILCHACA,2025,1,90.0,18.6,5.55
112060,PILCHACA,2025,2,154.2,18.19,5.84
112060,PILCHACA,2025,3,177.0,17.44,5.45
112060,PILCHACA,2025,4,45.0,18.44,5.48
112060,PILCHACA,2025,5,18.2,18.84,4.89
112060,PILCHACA,2025,6,43.6,18.39,3.41
112060,PILCHACA,2025,7,6.4,18.83,2.43
112060,PILCHACA,2025,8,29.6,18.63,4.27
112060,PILCHACA,2025,9,21.8,18.25,4.64
112060,PILCHACA,2025,10,91.2,18.34,6.14
112060,PILCHACA,2025,11,33.4,19.9,5.38
112060,PILCHACA,2025,12,40.2,20.44,5.55
