CODIGO,ESTACION,YEAR,MONTH,PP,TMAX,TMIN
112055,HUAROCHIRI,1990,1,29.1,-999.0,-999.0
112055,HUAROCHIRI,1990,2,0.0,-999.0,-999.0
112055,HUAROCHIRI,1990,3,-999.0,-999.0,-999.0
112055,HUAROCHIRI,1990,4,0.0,-999.0,-999.0
112055,HUAROCHIRI,1990,5,0.0,-999.0,-999.0
112055,HUAROCHIRI,1990,6,0.0,-999.0,-999.0
112055,HUAROCHIRI,1990,7,0.0,-999.0,-999.0
112055,HUAROCHIRI,1990,8,0.0,-999.0,-999.0
112055,HUAROCHIRI,1990,9,0.0,-999.0,-999.0
112055,HUAROCHIRI,1990,10,24.8,-999.0,-999.0
112055,HUAROCHIRI,1990,11,30.5,-999.0,-999.0
112055,HUAROCHIRI,1990,12,18.9,-999.0,-999.0
112055,HUAROCHIRI,1991,1,46.7,-999.0,-999.0
112055,HUAROCHIRI,1991,2,8.1,-999.0,-999.0
112055,HUAROCHIRI,1991,3,59.6,-999.0,-999.0
112055,HUAROCHIRI,1991,4,8.0,-999.0,-999.0
112055,HUAROCHIRI,1991,5,0.0,-999.0,-999.0
112055,HUAROCHIRI,1991,6,-999.0,-999.0,-999.0
112055,HUAROCHIRI,1991,7,0.8,-999.0,-999.0
112055,HUAROCHIRI,1991,8,2.0,-999.0,-999.0
112055,HUAROCHIRI,1991,9,7.1,-999.0,-999.0
112055,HUAROCHIRI,1991,10,35.6,-999.0,-999.0
112055,HUAROCHIRI,1991,11,2.9,-999.0,-999.0
112055,HUAROCHIRI,1991,12,20.4,-999.0,-999.0
112055,HUAROCHIRI,1992,1,48.2,-999.0,-999.0
112055,HUAROCHIRI,1992,2,-999.0,-999.0,-999.0
112055,HUAROCHIRI,1992,3,-999.0,-999.0,-999.0
112055,HUAROCHIRI,1992,4,2.0,-999.0,-999.0
112055,HUAROCHIRI,1992,5,0.0,-999.0,-999.0
112055,HUAROCHIRI,1992,6,0.0,-999.0,-999.0
112055,HUAROCHIRI,1992,7,0.0,-999.0,-999.0
112055,HUAROCHIRI,1992,8,0.0,-999.0,-999.0
112055,HUAROCHIRI,1992,9,0.0,-999.0,-999.0
112055,HUAROCHIRI,1992,10,13.3,-999.0,-999.0
112055,HUAROCHIRI,1992,11,12.4,-999.0,-999.0
112055,HUAROCHIRI,1992,12,26.4,-999.0,-999.0
112055,HUAROCHIRI,1993,1,43.1,-999.0,-999.0
112055,HUAROCHIRI,1993,2,90.8,-999.0,-999.0
112055,HUAROCHIRI,1993,3,105.4,-999.0,-999.0
112055,HUAROCHIRI,1993,4,24.6,-999.0,-999.0
112055,HUAROCHIRI,1993,5,10.1,-999.0,-999.0
112055,HUAROCHIRI,1993,6,0.0,-999.0,-999.0
112055,HUAROCHIRI,1993,7,0.0,-999.0,-999.0
112055,HUAROCHIRI,1993,8,0.0,-999.0,-999.0
112055,HUAROCHIRI,1993,9,4.1,-999.0,-999.0
112055,HUAROCHIRI,1993,10,19.9,-999.0,-999.0
112055,HUAROCHIRI,1993,11,79.2,-999.0,-999.0
112055,HUAROCHIRI,1993,12,-999.0,-999.0,-999.0
112055,HUAROCHIRI,1994,1,114.9,-999.0,-999.0
112055,HUAROCHIRI,1994,2,113.9,-999.0,-999.0
112055,HUAROCHIRI,1994,3,57.6,-999.0,-999.0
112055,HUAROCHIRI,1994,4,5.5,-999.0,-999.0
112055,HUAROCHIRI,1994,5,2.0,-999.0,-999.0
112055,HUAROCHIRI,1994,6,-999.0,-999.0,-999.0
112055,HUAROCHIRI,1994,7,0.0,-999.0,-999.0
112055,HUAROCHIRI,1994,8,0.1,-999.0,-999.0
112055,HUAROCHIRI,1994,9,1.5,20.37,-999.0
112055,HUAROCHIRI,1994,10,2.0,19.56,-999.0
112055,HUAROCHIRI,1994,11,2.7,19.66,-999.0
112055,HUAROCHIRI,1994,12,20.2,19.05,-999.0
112055,HUAROCHIRI,1995,1,-999.0,18.7,-999.0
112055,HUAROCHIRI,1995,2,46.2,19.07,-999.0
112055,HUAROCHIRI,1995,3,-999.0,19.16,-999.0
112055,HUAROCHIRI,1995,4,11.0,19.87,-999.0
112055,HUAROCHIRI,1995,5,0.0,19.39,-999.0
112055,HUAROCHIRI,1995,6,0.0,17.82,-999.0
112055,HUAROCHIRI,1995,7,0.0,17.65,-999.0
112055,HUAROCHIRI,1995,8,0.0,17.89,-999.0
112055,HUAROCHIRI,1995,9,6.3,18.48,-999.0
112055,HUAROCHIRI,1995,10,10.7,18.13,-999.0
112055,HUAROCHIRI,1995,11,53.8,16.67,-999.0
112055,HUAROCHIRI,1995,12,71.0,16.87,-999.0
112055,HUAROCHIRI,1996,1,115.0,13.93,-999.0
112055,HUAROCHIRI,1996,2,116.3,14.51,-999.0
112055,HUAROCHIRI,1996,3,129.1,14.46,-999.0
112055,HUAROCHIRI,1996,4,16.5,15.91,-999.0
112055,HUAROCHIRI,1996,5,1.6,16.54,-999.0
112055,HUAROCHIRI,1996,6,-999.0,16.47,-999.0
112055,HUAROCHIRI,1996,7,0.0,16.86,-999.0
112055,HUAROCHIRI,1996,8,3.5,17.54,-999.0
112055,HUAROCHIRI,1996,9,0.0,18.08,-999.0
112055,HUAROCHIRI,1996,10,5.7,17.81,-999.0
112055,HUAROCHIRI,1996,11,14.6,17.3,-999.0
112055,HUAROCHIRI,1996,12,32.3,17.2,-999.0
112055,HUAROCHIRI,1997,1,59.7,15.39,-999.0
112055,HUAROCHIRI,1997,2,54.2,15.16,-999.0
112055,HUAROCHIRI,1997,3,29.8,15.75,-999.0
112055,HUAROCHIRI,1997,4,9.3,16.5,-999.0
112055,HUAROCHIRI,1997,5,6.6,18.0,-999.0
112055,HUAROCHIRI,1997,6,0.0,16.91,-999.0
112055,HUAROCHIRI,1997,7,0.0,18.6,-999.0
112055,HUAROCHIRI,1997,8,0.0,18.5,-999.0
112055,HUAROCHIRI,1997,9,6.0,18.21,-999.0
112055,HUAROCHIRI,1997,10,7.3,18.97,-999.0
112055,HUAROCHIRI,1997,11,45.2,17.83,-999.0
112055,HUAROCHIRI,1997,12,154.9,17.35,-999.0
112055,HUAROCHIRI,1998,1,262.7,16.95,-999.0
112055,HUAROCHIRI,1998,2,278.8,16.71,-999.0
112055,HUAROCHIRI,1998,3,263.1,16.42,-999.0
112055,HUAROCHIRI,1998,4,49.1,17.06,-999.0
112055,HUAROCHIRI,1998,5,1.5,18.18,-999.0
112055,HUAROCHIRI,1998,6,0.8,17.55,-999.0
112055,HUAROCHIRI,1998,7,0.0,17.78,-999.0
112055,HUAROCHIRI,1998,8,0.6,17.77,-999.0
112055,HUAROCHIRI,1998,9,2.2,18.38,-999.0
112055,HUAROCHIRI,1998,10,0.6,18.87,-999.0
112055,HUAROCHIRI,1998,11,7.2,18.01,-999.0
112055,HUAROCHIRI,1998,12,96.6,16.95,-999.0
112055,HUAROCHIRI,1999,1,86.5,15.48,-999.0
112055,HUAROCHIRI,1999,2,341.1,13.8,-999.0
112055,HUAROCHIRI,1999,3,162.5,14.26,-999.0
112055,HUAROCHIRI,1999,4,48.8,15.4,-999.0
112055,HUAROCHIRI,1999,5,21.1,15.75,-999.0
112055,HUAROCHIRI,1999,6,1.8,16.29,-999.0
112055,HUAROCHIRI,1999,7,0.0,17.16,-999.0
112055,HUAROCHIRI,1999,8,0.0,17.72,-999.0
112055,HUAROCHIRI,1999,9,9.8,17.19,-999.0
112055,HUAROCHIRI,1999,10,40.1,16.82,-999.0
112055,HUAROCHIRI,1999,11,11.0,17.75,-999.0
112055,HUAROCHIRI,1999,12,107.3,15.17,-999.0
112055,HUAROCHIRI,2000,1,146.3,13.29,-999.0
112055,HUAROCHIRI,2000,2,284.5,13.43,-999.0
112055,HUAROCHIRI,2000,3,159.1,14.0,-999.0
112055,HUAROCHIRI,2000,4,48.6,15.14,-999.0
112055,HUAROCHIRI,2000,5,1.4,16.39,-999.0
112055,HUAROCHIRI,2000,6,0.0,16.52,-999.0
112055,HUAROCHIRI,2000,7,0.0,16.98,-999.0
112055,HUAROCHIRI,2000,8,0.0,17.87,-999.0
112055,HUAROCHIRI,2000,9,3.6,17.94,-999.0
112055,HUAROCHIRI,2000,10,41.2,17.28,-999.0
112055,HUAROCHIRI,2000,11,16.3,17.1,-999.0
112055,HUAROCHIRI,2000,12,154.0,17.13,-999.0
112055,HUAROCHIRI,2001,1,186.1,14.21,-999.0
112055,HUAROCHIRI,2001,2,205.1,14.79,-999.0
112055,HUAROCHIRI,2001,3,255.3,14.66,-999.0
112055,HUAROCHIRI,2001,4,51.0,15.98,-999.0
112055,HUAROCHIRI,2001,5,3.8,17.28,-999.0
112055,HUAROCHIRI,2001,6,0.0,17.57,-999.0
112055,HUAROCHIRI,2001,7,2.5,18.04,-999.0
112055,HUAROCHIRI,2001,8,0.0,18.88,-999.0
112055,HUAROCHIRI,2001,9,11.2,18.27,-999.0
112055,HUAROCHIRI,2001,10,18.5,18.53,-999.0
112055,HUAROCHIRI,2001,11,100.8,16.83,-999.0
112055,HUAROCHIRI,2001,12,7.1,18.46,-999.0
112055,HUAROCHIRI,2002,1,57.8,17.46,-999.0
112055,HUAROCHIRI,2002,2,182.5,15.57,-999.0
112055,HUAROCHIRI,2002,3,130.1,15.93,-999.0
112055,HUAROCHIRI,2002,4,75.5,16.28,-999.0
112055,HUAROCHIRI,2002,5,7.5,17.44,-999.0
112055,HUAROCHIRI,2002,6,0.0,17.9,-999.0
112055,HUAROCHIRI,2002,7,0.0,18.14,-999.0
112055,HUAROCHIRI,2002,8,0.0,19.04,-999.0
112055,HUAROCHIRI,2002,9,6.3,18.12,-999.0
112055,HUAROCHIRI,2002,10,29.9,18.04,-999.0
112055,HUAROCHIRI,2002,11,66.2,17.5,-999.0
112055,HUAROCHIRI,2002,12,42.5,18.41,-999.0
112055,HUAROCHIRI,2003,1,160.6,16.97,-999.0
112055,HUAROCHIRI,2003,2,80.7,16.87,-999.0
112055,HUAROCHIRI,2003,3,146.4,16.11,-999.0
112055,HUAROCHIRI,2003,4,11.2,17.62,-999.0
112055,HUAROCHIRI,2003,5,0.0,18.17,-999.0
112055,HUAROCHIRI,2003,6,0.0,18.37,-999.0
112055,HUAROCHIRI,2003,7,0.0,18.44,-999.0
112055,HUAROCHIRI,2003,8,0.0,19.03,-999.0
112055,HUAROCHIRI,2003,9,0.0,19.62,-999.0
112055,HUAROCHIRI,2003,10,9.8,19.09,-999.0
112055,HUAROCHIRI,2003,11,1.3,19.1,-999.0
112055,HUAROCHIRI,2003,12,219.8,15.67,-999.0
112055,HUAROCHIRI,2004,1,24.5,17.36,-999.0
112055,HUAROCHIRI,2004,2,189.6,15.1,-999.0
112055,HUAROCHIRI,2004,3,116.9,16.94,-999.0
112055,HUAROCHIRI,2004,4,31.1,16.96,-999.0
112055,HUAROCHIRI,2004,5,0.6,18.46,-999.0
112055,HUAROCHIRI,2004,6,1.8,18.62,-999.0
112055,HUAROCHIRI,2004,7,0.0,17.32,-999.0
112055,HUAROCHIRI,2004,8,0.0,18.02,-999.0
112055,HUAROCHIRI,2004,9,5.9,18.4,-999.0
112055,HUAROCHIRI,2004,10,8.6,18.48,-999.0
112055,HUAROCHIRI,2004,11,31.1,17.91,-999.0
112055,HUAROCHIRI,2004,12,124.0,16.46,-999.0
112055,HUAROCHIRI,2005,1,58.0,16.34,-999.0
112055,HUAROCHIRI,2005,2,62.0,16.56,-999.0
112055,HUAROCHIRI,2005,3,130.0,15.7,-999.0
112055,HUAROCHIRI,2005,4,22.0,17.6,-999.0
112055,HUAROCHIRI,2005,5,2.2,18.91,-999.0
112055,HUAROCHIRI,2005,6,0.0,19.07,-999.0
112055,HUAROCHIRI,2005,7,0.0,18.96,-999.0
112055,HUAROCHIRI,2005,8,0.0,19.12,-999.0
112055,HUAROCHIRI,2005,9,1.2,19.66,-999.0
112055,HUAROCHIRI,2005,10,0.0,19.28,5.8
112055,HUAROCHIRI,2005,11,0.0,18.95,5.87
112055,HUAROCHIRI,2005,12,130.4,15.88,6.7
112055,HUAROCHIRI,2006,1,106.4,16.88,7.3
112055,HUAROCHIRI,2006,2,179.3,15.02,7.47
112055,HUAROCHIRI,2006,3,234.5,15.68,7.59
112055,HUAROCHIRI,2006,4,78.0,16.11,6.27
112055,HUAROCHIRI,2006,5,0.0,17.93,4.37
112055,HUAROCHIRI,2006,6,2.1,18.6,4.19
112055,HUAROCHIRI,2006,7,0.0,19.29,4.13
112055,HUAROCHIRI,2006,8,2.7,19.07,5.39
112055,HUAROCHIRI,2006,9,1.5,19.39,5.78
112055,HUAROCHIRI,2006,10,4.9,19.2,5.81
112055,HUAROCHIRI,2006,11,37.0,17.77,6.54
112055,HUAROCHIRI,2006,12,131.4,17.02,7.66
112055,HUAROCHIRI,2007,1,142.0,17.08,7.91
112055,HUAROCHIRI,2007,2,112.8,16.81,6.98
112055,HUAROCHIRI,2007,3,232.9,15.62,7.75
112055,HUAROCHIRI,2007,4,70.4,16.27,6.76
112055,HUAROCHIRI,2007,5,3.6,17.66,5.0
112055,HUAROCHIRI,2007,6,3.0,18.18,4.05
112055,HUAROCHIRI,2007,7,0.0,18.11,3.42
112055,HUAROCHIRI,2007,8,0.0,18.61,4.06
112055,HUAROCHIRI,2007,9,0.0,19.75,5.53
112055,HUAROCHIRI,2007,10,32.3,18.22,5.17
112055,HUAROCHIRI,2007,11,9.0,18.48,5.3
112055,HUAROCHIRI,2007,12,40.4,16.87,5.31
112055,HUAROCHIRI,2008,1,232.4,14.33,7.15
112055,HUAROCHIRI,2008,2,251.6,13.91,6.95
112055,HUAROCHIRI,2008,3,156.3,14.63,5.89
112055,HUAROCHIRI,2008,4,13.8,16.07,5.57
112055,HUAROCHIRI,2008,5,0.0,17.24,3.7
112055,HUAROCHIRI,2008,6,-999.0,17.76,3.45
112055,HUAROCHIRI,2008,7,0.0,17.77,2.81
112055,HUAROCHIRI,2008,8,4.0,18.08,3.87
112055,HUAROCHIRI,2008,9,0.0,19.38,4.69
112055,HUAROCHIRI,2008,10,6.4,19.31,5.94
112055,HUAROCHIRI,2008,11,42.7,17.84,6.29
112055,HUAROCHIRI,2008,12,37.2,17.17,5.45
112055,HUAROCHIRI,2009,1,133.4,15.74,7.16
112055,HUAROCHIRI,2009,2,263.0,14.64,7.2
112055,HUAROCHIRI,2009,3,141.6,15.23,6.79
112055,HUAROCHIRI,2009,4,65.8,16.58,6.42
112055,HUAROCHIRI,2009,5,0.0,17.67,4.69
112055,HUAROCHIRI,2009,6,0.0,18.84,3.86
112055,HUAROCHIRI,2009,7,0.0,18.79,3.5
112055,HUAROCHIRI,2009,8,0.0,19.86,3.88
112055,HUAROCHIRI,2009,9,0.2,20.64,5.11
112055,HUAROCHIRI,2009,10,49.7,18.99,6.32
112055,HUAROCHIRI,2009,11,71.3,18.78,6.47
112055,HUAROCHIRI,2009,12,61.0,17.69,7.39
112055,HUAROCHIRI,2010,1,84.8,18.26,7.16
112055,HUAROCHIRI,2010,2,121.2,19.72,8.09
112055,HUAROCHIRI,2010,3,147.4,18.17,7.78
112055,HUAROCHIRI,2010,4,35.8,18.62,6.53
112055,HUAROCHIRI,2010,5,0.3,19.58,5.03
112055,HUAROCHIRI,2010,6,0.0,18.9,3.95
112055,HUAROCHIRI,2010,7,0.0,18.99,3.61
112055,HUAROCHIRI,2010,8,0.0,19.96,3.59
112055,HUAROCHIRI,2010,9,5.2,19.98,4.89
112055,HUAROCHIRI,2010,10,4.7,18.2,4.98
112055,HUAROCHIRI,2010,11,20.3,16.83,4.86
112055,HUAROCHIRI,2010,12,107.5,14.8,6.62
112055,HUAROCHIRI,2011,1,186.3,13.98,6.58
112055,HUAROCHIRI,2011,2,83.2,14.77,6.67
112055,HUAROCHIRI,2011,3,145.7,14.35,6.2
112055,HUAROCHIRI,2011,4,-999.0,16.21,5.91
112055,HUAROCHIRI,2011,5,0.0,17.6,4.3
112055,HUAROCHIRI,2011,6,0.0,17.49,3.98
112055,HUAROCHIRI,2011,7,0.6,17.91,3.47
112055,HUAROCHIRI,2011,8,0.0,18.63,4.27
112055,HUAROCHIRI,2011,9,0.2,18.75,5.72
112055,HUAROCHIRI,2011,10,2.7,18.18,4.76
112055,HUAROCHIRI,2011,11,33.1,18.06,6.26
112055,HUAROCHIRI,2011,12,83.0,16.77,6.53
112055,HUAROCHIRI,2012,1,44.3,16.46,5.74
112055,HUAROCHIRI,2012,2,116.7,15.32,6.54
112055,HUAROCHIRI,2012,3,-999.0,-999.0,-999.0
112055,HUAROCHIRI,2012,4,69.3,16.11,6.6
112055,HUAROCHIRI,2012,5,0.4,17.9,5.01
112055,HUAROCHIRI,2012,6,0.5,17.97,3.95
112055,HUAROCHIRI,2012,7,0.0,19.07,3.68
112055,HUAROCHIRI,2012,8,0.0,19.71,4.32
112055,HUAROCHIRI,2012,9,11.1,19.98,5.85
112055,HUAROCHIRI,2012,10,27.5,19.12,5.71
112055,HUAROCHIRI,2012,11,23.6,18.17,6.49
112055,HUAROCHIRI,2012,12,41.3,17.25,6.86
112055,HUAROCHIRI,2013,1,43.3,18.26,7.4
112055,HUAROCHIRI,2013,2,135.1,16.1,7.51
112055,HUAROCHIRI,2013,3,131.8,16.2,7.77
112055,HUAROCHIRI,2013,4,12.5,18.05,6.16
112055,HUAROCHIRI,2013,5,6.3,17.1,5.64
112055,HUAROCHIRI,2013,6,0.0,17.89,4.25
112055,HUAROCHIRI,2013,7,1.7,18.11,4.01
112055,HUAROCHIRI,2013,8,1.3,19.05,5.31
112055,HUAROCHIRI,2013,9,0.0,19.91,5.29
112055,HUAROCHIRI,2013,10,11.9,19.37,6.45
112055,HUAROCHIRI,2013,11,11.6,18.33,5.69
112055,HUAROCHIRI,2013,12,35.5,17.67,6.98
112055,HUAROCHIRI,2014,1,95.9,17.01,7.18
112055,HUAROCHIRI,2014,2,63.8,17.4,7.73
112055,HUAROCHIRI,2014,3,133.5,15.11,6.98
112055,HUAROCHIRI,2014,4,38.3,17.68,6.73
112055,HUAROCHIRI,2014,5,0.4,17.84,5.21
112055,HUAROCHIRI,2014,6,0.0,19.0,5.29
112055,HUAROCHIRI,2014,7,0.0,19.55,5.75
112055,HUAROCHIRI,2014,8,1.1,18.73,4.91
112055,HUAROCHIRI,2014,9,0.0,18.77,6.2
112055,HUAROCHIRI,2014,10,11.0,19.41,6.46
112055,HUAROCHIRI,2014,11,24.6,18.67,6.2
112055,HUAROCHIRI,2014,12,97.3,17.06,7.15
112055,HUAROCHIRI,2015,1,96.1,16.66,6.14
112055,HUAROCHIRI,2015,2,85.9,15.81,7.12
112055,HUAROCHIRI,2015,3,193.4,16.15,7.09
112055,HUAROCHIRI,2015,4,33.2,17.85,6.13
112055,HUAROCHIRI,2015,5,1.2,19.24,6.01
112055,HUAROCHIRI,2015,6,0.0,19.74,5.28
112055,HUAROCHIRI,2015,7,0.0,20.13,4.65
112055,HUAROCHIRI,2015,8,3.5,20.49,5.27
112055,HUAROCHIRI,2015,9,0.9,20.49,5.82
112055,HUAROCHIRI,2015,10,9.5,19.95,5.9
112055,HUAROCHIRI,2015,11,7.4,20.14,5.98
112055,HUAROCHIRI,2015,12,26.9,21.08,7.61
112055,HUAROCHIRI,2016,1,5.2,20.18,6.69
112055,HUAROCHIRI,2016,2,143.6,18.13,8.14
112055,HUAROCHIRI,2016,3,73.4,18.14,7.98
112055,HUAROCHIRI,2016,4,40.3,18.13,6.84
112055,HUAROCHIRI,2016,5,0.4,19.43,5.75
112055,HUAROCHIRI,2016,6,0.0,18.71,4.58
112055,HUAROCHIRI,2016,7,0.0,19.36,4.11
112055,HUAROCHIRI,2016,8,2.6,19.88,4.89
112055,HUAROCHIRI,2016,9,1.3,20.32,5.36
112055,HUAROCHIRI,2016,10,1.4,20.5,5.29
112055,HUAROCHIRI,2016,11,0.0,20.81,4.86
112055,HUAROCHIRI,2016,12,33.6,18.82,6.59
112055,HUAROCHIRI,2017,1,249.2,15.5,7.61
112055,HUAROCHIRI,2017,2,252.6,13.95,6.9
112055,HUAROCHIRI,2017,3,301.3,14.41,6.98
112055,HUAROCHIRI,2017,4,38.5,16.71,6.11
112055,HUAROCHIRI,2017,5,11.6,17.29,5.72
112055,HUAROCHIRI,2017,6,0.0,18.14,4.16
112055,HUAROCHIRI,2017,7,0.0,18.97,4.29
112055,HUAROCHIRI,2017,8,0.7,19.21,4.02
112055,HUAROCHIRI,2017,9,1.8,19.74,5.63
112055,HUAROCHIRI,2017,10,12.2,18.97,5.95
112055,HUAROCHIRI,2017,11,12.2,18.86,5.21
112055,HUAROCHIRI,2017,12,9.5,18.6,6.15
112055,HUAROCHIRI,2018,1,137.0,16.53,6.54
112055,HUAROCHIRI,2018,2,125.1,15.83,6.6
112055,HUAROCHIRI,2018,3,220.0,15.62,7.12
112055,HUAROCHIRI,2018,4,67.3,16.48,6.02
112055,HUAROCHIRI,2018,5,0.0,16.96,4.59
112055,HUAROCHIRI,2018,6,6.0,17.56,4.22
112055,HUAROCHIRI,2018,7,0.6,18.57,4.04
112055,HUAROCHIRI,2018,8,0.0,19.79,4.45
112055,HUAROCHIRI,2018,9,0.0,20.32,5.14
112055,HUAROCHIRI,2018,10,10.8,18.75,5.6
112055,HUAROCHIRI,2018,11,4.6,19.28,5.63
112055,HUAROCHIRI,2018,12,44.7,19.16,6.47
112055,HUAROCHIRI,2019,1,206.0,17.56,7.73
112055,HUAROCHIRI,2019,2,207.5,16.18,7.98
112055,HUAROCHIRI,2019,3,200.4,16.35,7.81
112055,HUAROCHIRI,2019,4,13.9,17.46,6.63
112055,HUAROCHIRI,2019,5,0.0,17.98,5.32
112055,HUAROCHIRI,2019,6,0.0,19.4,5.36
112055,HUAROCHIRI,2019,7,0.0,19.22,4.54
112055,HUAROCHIRI,2019,8,0.0,19.82,4.88
112055,HUAROCHIRI,2019,9,6.8,19.15,4.96
112055,HUAROCHIRI,2019,10,16.9,19.07,5.19
112055,HUAROCHIRI,2019,11,22.3,18.32,6.08
112055,HUAROCHIRI,2019,12,103.9,17.47,6.95
112055,HUAROCHIRI,2020,1,98.4,17.25,7.49
112055,HUAROCHIRI,2020,2,148.7,17.19,7.91
112055,HUAROCHIRI,2020,3,-999.0,-999.0,-999.0
112055,HUAROCHIRI,2020,4,-999.0,-999.0,-999.0
112055,HUAROCHIRI,2020,5,-999.0,-999.0,-999.0
112055,HUAROCHIRI,2020,6,-999.0,-999.0,-999.0
112055,HUAROCHIRI,2020,7,-999.0,-999.0,-999.0
112055,HUAROCHIRI,2020,8,-999.0,-999.0,-999.0
112055,HUAROCHIRI,2020,9,-999.0,-999.0,-999.0
112055,HUAROCHIRI,2020,10,-999.0,-999.0,-999.0
112055,HUAROCHIRI,2020,11,-999.0,-999.0,-999.0
112055,HUAROCHIRI,2020,12,-999.0,-999.0,-999.0
112055,HUAROCHIRI,2021,1,-999.0,-999.0,-999.0
112055,HUAROCHIRI,2021,2,-999.0,-999.0,-999.0
112055,HUAROCHIRI,2021,3,-999.0,-999.0,-999.0
112055,HUAROCHIRI,2021,4,-999.0,-999.0,-999.0
112055,HUAROCHIRI,2021,5,-999.0,-999.0,-999.0
112055,HUAROCHIRI,2021,6,-999.0,-999.0,-999.0
112055,HUAROCHIRI,2021,7,-999.0,-999.0,-999.0
112055,HUAROCHIRI,2021,8,-999.0,-999.0,-999.0
112055,HUAROCHIRI,2021,9,-999.0,-999.0,-999.0
112055,HUAROCHIRI,2021,10,-999.0,-999.0,-999.0
112055,HUAROCHIRI,2021,11,-999.0,-999.0,-999.0
112055,HUAROCHIRI,2021,12,-999.0,-999.0,-999.0
112055,HUAROCHIRI,2022,1,-999.0,-999.0,-999.0
112055,HUAROCHIRI,2022,2,-999.0,-999.0,-999.0
112055,HUAROCHIRI,2022,3,-999.0,-999.0,-999.0
112055,HUAROCHIRI,2022,4,-999.0,-999.0,-999.0
112055,HUAROCHIRI,2022,5,-999.0,-999.0,-999.0
112055,HUAROCHIRI,2022,6,-999.0,-999.0,-999.0
112055,HUAROCHIRI,2022,7,-999.0,-999.0,-999.0
112055,HUAROCHIRI,2022,8,-999.0,-999.0,-999.0
112055,HUAROCHIRI,2022,9,-999.0,-999.0,-999.0
112055,HUAROCHIRI,2022,10,-999.0,-999.0,-999.0
112055,HUAROCHIRI,2022,11,-999.0,-999.0,-999.0
112055,HUAROCHIRI,2022,12,-999.0,-999.0,-999.0
112055,HUAROCHIRI,2023,1,-999.0,-999.0,-999.0
112055,HUAROCHIRI,2023,2,-999.0,-999.0,-999.0
112055,HUAROCHIRI,2023,3,-999.0,-999.0,-999.0
112055,HUAROCHIRI,2023,4,-999.0,-999.0,-999.0
112055,HUAROCHIRI,2023,5,-999.0,-999.0,-999.0
112055,HUAROCHIRI,2023,6,-999.0,-999.0,-999.0
112055,HUAROCHIRI,2023,7,-999.0,-999.0,-999.0
112055,HUAROCHIRI,2023,8,-999.0,-999.0,-999.0
112055,HUAROCHIRI,2023,9,-999.0,-999.0,-999.0
112055,HUAROCHIRI,2023,10,-999.0,-999.0,-999.0
112055,HUAROCHIRI,2023,11,-999.0,-999.0,-999.0
112055,HUAROCHIRI,2023,12,-999.0,-999.0,-999.0
112055,HUAROCHIRI,2024,1,-999.0,-999.0,-999.0
112055,HUAROCHIRI,2024,2,-999.0,-999.0,-999.0
112055,HUAROCHIRI,2024,3,-999.0,-999.0,-999.0
112055,HUAROCHIRI,2024,4,-999.0,-999.0,-999.0
112055,HUAROCHIRI,2024,5,-999.0,-999.0,-999.0
112055,HUAROCHIRI,2024,6,0.0,-999.0,5.37
112055,HUAROCHIRI,2024,7,0.0,-999.0,5.43
112055,HUAROCHIRI,2024,8,0.0,-999.0,5.42
112055,HUAROCHIRI,2024,9,15.8,-999.0,7.21
112055,HUAROCHIRI,2024,10,8.0,-999.0,7.27
112055,HUAROCHIRI,2024,11,32.6,-999.0,6.72
112055,HUAROCHIRI,2024,12,102.0,-999.0,7.73
112055,HUAROCHIRI,2025,1,83.9,-999.0,6.48
112055,HUAROCHIRI,2025,2,312.3,-999.0,5.89
112055,HUAROCHIRI,2025,3,200.9,-999.0,5.36
112055,HUAROCHIRI,2025,4,27.2,-999.0,6.51
112055,HUAROCHIRI,2025,5,7.8,-999.0,6.9
112055,HUAROCHIRI,2025,6,0.0,-999.0,5.48
112055,HUAROCHIRI,2025,7,0.0,-999.0,4.92
112055,HUAROCHIRI,2025,8,0.0,-999.0,4.73
112055,HUAROCHIRI,2025,9,6.7,-999.0,4.97
112055,HUAROCHIRI,2025,10,16.3,-999.0,5.05
112055,HUAROCHIRI,2025,11,0.0,-999.0,5.14
112055,HUAROCHIRI,2025,12,1.5,-999.0,5.14
