CODIGO,ESTACION,YEAR,MONTH,PP,TMAX,TMIN
112058,PACARAN,1990,1,0.0,28.71,17.18
112058,PACARAN,1990,2,0.0,28.95,18.18
112058,PACARAN,1990,3,0.0,29.15,18.21
112058,PACARAN,1990,4,0.0,27.55,16.53
112058,PACARAN,1990,5,0.0,25.36,15.22
112058,PACARAN,1990,6,0.0,23.31,13.24
112058,PACARAN,1990,7,0.0,22.57,11.06
112058,PACARAN,1990,8,0.0,23.34,11.1
112058,PACARAN,1990,9,0.0,24.94,12.71
112058,PACARAN,1990,10,0.0,24.98,14.12
112058,PACARAN,1990,11,0.0,26.38,15.1
112058,PACARAN,1990,12,1.2,26.96,16.45
112058,PACARAN,1991,1,0.0,28.15,18.04
112058,PACARAN,1991,2,0.6,28.42,18.25
112058,PACARAN,1991,3,2.1,28.32,18.27
112058,PACARAN,1991,4,0.0,28.14,16.98
112058,PACARAN,1991,5,0.0,25.35,15.04
112058,PACARAN,1991,6,0.0,24.0,12.49
112058,PACARAN,1991,7,0.0,22.9,11.48
112058,PACARAN,1991,8,0.0,23.54,11.2
112058,PACARAN,1991,9,0.0,23.95,12.68
112058,PACARAN,1991,10,1.5,25.41,14.37
112058,PACARAN,1991,11,0.0,25.52,14.88
112058,PACARAN,1991,12,0.0,27.09,16.13
112058,PACARAN,1992,1,0.0,28.21,18.16
112058,PACARAN,1992,2,1.7,29.06,18.03
112058,PACARAN,1992,3,0.0,29.36,19.11
112058,PACARAN,1992,4,0.0,27.51,18.6
112058,PACARAN,1992,5,0.0,26.58,16.31
112058,PACARAN,1992,6,0.0,23.63,13.51
112058,PACARAN,1992,7,0.0,22.72,11.41
112058,PACARAN,1992,8,0.0,23.82,11.9
112058,PACARAN,1992,9,-999.0,24.55,12.36
112058,PACARAN,1992,10,0.0,25.75,14.41
112058,PACARAN,1992,11,0.0,26.65,15.15
112058,PACARAN,1992,12,0.0,27.61,15.74
112058,PACARAN,1993,1,0.0,28.19,17.95
112058,PACARAN,1993,2,0.3,28.53,18.82
112058,PACARAN,1993,3,5.0,28.93,18.86
112058,PACARAN,1993,4,0.5,27.76,17.69
112058,PACARAN,1993,5,0.0,24.39,15.71
112058,PACARAN,1993,6,-999.0,23.45,13.58
112058,PACARAN,1993,7,-999.0,22.49,12.2
112058,PACARAN,1993,8,-999.0,23.65,12.35
112058,PACARAN,1993,9,0.0,24.34,13.17
112058,PACARAN,1993,10,0.0,26.27,14.4
112058,PACARAN,1993,11,0.0,25.78,14.97
112058,PACARAN,1993,12,0.7,26.58,16.85
112058,PACARAN,1994,1,13.9,27.41,18.31
112058,PACARAN,1994,2,0.7,28.45,18.51
112058,PACARAN,1994,3,0.0,28.35,18.22
112058,PACARAN,1994,4,2.6,27.51,17.35
112058,PACARAN,1994,5,0.9,25.29,15.39
112058,PACARAN,1994,6,-999.0,23.52,12.8
112058,PACARAN,1994,7,-999.0,23.11,11.22
112058,PACARAN,1994,8,-999.0,23.31,11.63
112058,PACARAN,1994,9,-999.0,25.61,13.36
112058,PACARAN,1994,10,0.0,25.36,13.79
112058,PACARAN,1994,11,0.1,26.12,15.19
112058,PACARAN,1994,12,0.0,27.18,16.52
112058,PACARAN,1995,1,0.5,28.14,18.57
112058,PACARAN,1995,2,1.3,29.17,19.15
112058,PACARAN,1995,3,8.9,29.01,18.31
112058,PACARAN,1995,4,0.0,28.08,17.33
112058,PACARAN,1995,5,0.0,26.1,15.58
112058,PACARAN,1995,6,0.0,24.41,12.99
112058,PACARAN,1995,7,0.0,23.12,12.03
112058,PACARAN,1995,8,0.0,23.4,11.67
112058,PACARAN,1995,9,0.0,24.94,13.35
112058,PACARAN,1995,10,-999.0,25.96,13.96
112058,PACARAN,1995,11,8.1,26.15,15.31
112058,PACARAN,1995,12,0.0,27.95,15.34
112058,PACARAN,1996,1,5.0,28.03,16.35
112058,PACARAN,1996,2,4.2,29.04,17.01
112058,PACARAN,1996,3,0.7,28.95,17.17
112058,PACARAN,1996,4,0.0,27.71,15.94
112058,PACARAN,1996,5,0.0,25.91,14.2
112058,PACARAN,1996,6,0.0,23.71,10.7
112058,PACARAN,1996,7,0.0,23.94,10.61
112058,PACARAN,1996,8,0.0,23.99,11.53
112058,PACARAN,1996,9,0.0,25.25,12.93
112058,PACARAN,1996,10,0.0,26.05,13.54
112058,PACARAN,1996,11,0.0,25.81,13.63
112058,PACARAN,1996,12,0.0,27.31,16.26
112058,PACARAN,1997,1,6.6,27.52,17.78
112058,PACARAN,1997,2,2.0,29.42,17.75
112058,PACARAN,1997,3,0.0,29.52,18.08
112058,PACARAN,1997,4,0.0,28.14,16.79
112058,PACARAN,1997,5,0.0,26.43,15.11
112058,PACARAN,1997,6,0.0,24.97,14.88
112058,PACARAN,1997,7,0.0,24.82,14.42
112058,PACARAN,1997,8,0.0,24.87,15.22
112058,PACARAN,1997,9,0.0,25.69,15.73
112058,PACARAN,1997,10,0.0,25.89,14.96
112058,PACARAN,1997,11,0.0,26.29,16.43
112058,PACARAN,1997,12,5.8,27.69,18.61
112058,PACARAN,1998,1,23.0,28.99,20.5
112058,PACARAN,1998,2,2.0,30.25,20.78
112058,PACARAN,1998,3,7.0,29.95,20.43
112058,PACARAN,1998,4,1.8,29.39,18.7
112058,PACARAN,1998,5,0.0,26.38,15.86
112058,PACARAN,1998,6,0.0,25.1,14.99
112058,PACARAN,1998,7,0.0,24.39,13.22
112058,PACARAN,1998,8,0.0,24.59,13.16
112058,PACARAN,1998,9,0.0,25.75,13.31
112058,PACARAN,1998,10,0.0,26.29,13.92
112058,PACARAN,1998,11,0.0,26.66,14.92
112058,PACARAN,1998,12,2.9,27.39,16.27
112058,PACARAN,1999,1,4.5,28.66,17.4
112058,PACARAN,1999,2,24.1,28.24,18.79
112058,PACARAN,1999,3,1.8,29.28,18.23
112058,PACARAN,1999,4,0.0,28.54,17.66
112058,PACARAN,1999,5,1.6,27.19,15.57
112058,PACARAN,1999,6,0.0,24.14,12.56
112058,PACARAN,1999,7,0.0,23.43,11.62
112058,PACARAN,1999,8,0.0,24.35,11.46
112058,PACARAN,1999,9,0.0,25.52,12.67
112058,PACARAN,1999,10,0.5,26.83,14.66
112058,PACARAN,1999,11,0.0,26.85,14.36
112058,PACARAN,1999,12,7.3,27.65,16.73
112058,PACARAN,2000,1,7.7,27.27,17.66
112058,PACARAN,2000,2,5.7,29.46,17.68
112058,PACARAN,2000,3,6.3,29.27,17.14
112058,PACARAN,2000,4,0.0,29.16,17.17
112058,PACARAN,2000,5,0.0,26.37,15.27
112058,PACARAN,2000,6,0.0,23.85,12.53
112058,PACARAN,2000,7,0.0,22.99,11.79
112058,PACARAN,2000,8,0.0,24.43,12.33
112058,PACARAN,2000,9,0.0,25.84,12.75
112058,PACARAN,2000,10,0.0,26.68,14.47
112058,PACARAN,2000,11,0.0,27.6,13.66
112058,PACARAN,2000,12,0.9,27.64,16.6
112058,PACARAN,2001,1,3.7,28.19,17.69
112058,PACARAN,2001,2,6.7,29.72,18.51
112058,PACARAN,2001,3,13.6,29.96,18.04
112058,PACARAN,2001,4,0.2,28.92,17.38
112058,PACARAN,2001,5,0.0,26.26,14.96
112058,PACARAN,2001,6,0.0,23.64,12.39
112058,PACARAN,2001,7,0.0,24.19,11.28
112058,PACARAN,2001,8,0.0,24.61,10.85
112058,PACARAN,2001,9,0.0,25.88,13.15
112058,PACARAN,2001,10,0.0,26.9,14.12
112058,PACARAN,2001,11,0.0,27.48,15.31
112058,PACARAN,2001,12,0.0,28.38,15.67
112058,PACARAN,2002,1,0.8,29.17,16.95
112058,PACARAN,2002,2,9.9,29.01,18.08
112058,PACARAN,2002,3,2.9,30.16,18.58
112058,PACARAN,2002,4,0.6,27.64,17.53
112058,PACARAN,2002,5,0.0,26.96,15.35
112058,PACARAN,2002,6,0.0,24.47,12.16
112058,PACARAN,2002,7,0.0,23.84,11.19
112058,PACARAN,2002,8,0.0,24.02,11.39
112058,PACARAN,2002,9,0.0,25.6,12.34
112058,PACARAN,2002,10,0.0,26.93,14.12
112058,PACARAN,2002,11,2.5,-999.0,-999.0
112058,PACARAN,2002,12,-999.0,-999.0,-999.0
112058,PACARAN,2003,1,3.8,27.98,-999.0
112058,PACARAN,2003,2,5.4,-999.0,-999.0
112058,PACARAN,2003,3,0.0,30.2,19.64
112058,PACARAN,2003,4,0.0,28.84,17.52
112058,PACARAN,2003,5,0.0,26.81,-999.0
112058,PACARAN,2003,6,0.0,24.26,13.0
112058,PACARAN,2003,7,0.0,23.38,-999.0
112058,PACARAN,2003,8,0.0,24.03,-999.0
112058,PACARAN,2003,9,0.0,24.85,12.13
112058,PACARAN,2003,10,0.0,26.39,13.8
112058,PACARAN,2003,11,0.0,25.98,14.79
112058,PACARAN,2003,12,2.4,27.56,17.59
112058,PACARAN,2004,1,0.0,28.91,18.64
112058,PACARAN,2004,2,0.0,29.5,19.71
112058,PACARAN,2004,3,6.3,29.86,19.68
112058,PACARAN,2004,4,0.0,28.48,17.49
112058,PACARAN,2004,5,-999.0,-999.0,-999.0
112058,PACARAN,2004,6,-999.0,24.54,11.48
112058,PACARAN,2004,7,-999.0,23.95,11.21
112058,PACARAN,2004,8,-999.0,-999.0,-999.0
112058,PACARAN,2004,9,-999.0,25.79,13.61
112058,PACARAN,2004,10,-999.0,26.88,14.11
112058,PACARAN,2004,11,-999.0,27.11,14.91
112058,PACARAN,2004,12,-999.0,28.39,16.79
112058,PACARAN,2005,1,-999.0,29.02,18.31
112058,PACARAN,2005,2,-999.0,29.66,18.99
112058,PACARAN,2005,3,-999.0,29.94,18.53
112058,PACARAN,2005,4,-999.0,29.62,17.38
112058,PACARAN,2005,5,-999.0,-999.0,-999.0
112058,PACARAN,2005,6,-999.0,25.69,11.49
112058,PACARAN,2005,7,-999.0,24.78,11.04
112058,PACARAN,2005,8,-999.0,25.43,11.25
112058,PACARAN,2005,9,-999.0,25.71,12.11
112058,PACARAN,2005,10,-999.0,26.54,12.76
112058,PACARAN,2005,11,-999.0,27.48,13.91
112058,PACARAN,2005,12,-999.0,27.71,16.17
112058,PACARAN,2006,1,-999.0,29.3,18.16
112058,PACARAN,2006,2,6.4,29.93,19.41
112058,PACARAN,2006,3,4.8,30.01,18.77
112058,PACARAN,2006,4,0.2,28.84,17.49
112058,PACARAN,2006,5,0.0,27.02,14.23
112058,PACARAN,2006,6,0.0,24.76,12.44
112058,PACARAN,2006,7,0.0,23.81,12.12
112058,PACARAN,2006,8,0.0,25.05,13.1
112058,PACARAN,2006,9,0.0,-999.0,13.72
112058,PACARAN,2006,10,0.0,26.53,14.25
112058,PACARAN,2006,11,0.8,27.13,15.52
112058,PACARAN,2006,12,3.9,27.83,16.77
112058,PACARAN,2007,1,0.7,28.84,18.67
112058,PACARAN,2007,2,0.8,29.81,18.63
112058,PACARAN,2007,3,2.3,29.09,18.74
112058,PACARAN,2007,4,2.2,28.93,17.59
112058,PACARAN,2007,5,0.5,26.78,15.04
112058,PACARAN,2007,6,0.0,25.36,12.93
112058,PACARAN,2007,7,0.0,24.39,11.04
112058,PACARAN,2007,8,0.0,23.77,11.45
112058,PACARAN,2007,9,0.0,24.92,11.87
112058,PACARAN,2007,10,2.1,26.38,13.04
112058,PACARAN,2007,11,0.0,27.46,14.42
112058,PACARAN,2007,12,3.0,27.14,15.85
112058,PACARAN,2008,1,5.4,28.45,18.68
112058,PACARAN,2008,2,10.6,29.74,19.21
112058,PACARAN,2008,3,6.0,30.55,18.98
112058,PACARAN,2008,4,0.7,29.84,17.78
112058,PACARAN,2008,5,0.0,26.69,13.97
112058,PACARAN,2008,6,0.0,23.14,12.26
112058,PACARAN,2008,7,0.0,23.4,11.4
112058,PACARAN,2008,8,0.0,23.81,12.72
112058,PACARAN,2008,9,0.0,26.01,12.51
112058,PACARAN,2008,10,0.0,26.23,14.0
112058,PACARAN,2008,11,0.0,27.32,15.38
112058,PACARAN,2008,12,1.5,28.5,16.59
112058,PACARAN,2009,1,5.4,29.44,18.78
112058,PACARAN,2009,2,21.9,29.21,19.33
112058,PACARAN,2009,3,6.0,30.0,19.45
112058,PACARAN,2009,4,0.0,29.96,17.96
112058,PACARAN,2009,5,0.0,27.94,15.93
112058,PACARAN,2009,6,0.0,24.44,13.09
112058,PACARAN,2009,7,0.0,23.95,12.5
112058,PACARAN,2009,8,0.0,24.83,12.04
112058,PACARAN,2009,9,0.0,25.51,12.64
112058,PACARAN,2009,10,0.0,27.41,14.35
112058,PACARAN,2009,11,2.6,27.5,15.46
112058,PACARAN,2009,12,0.0,26.69,16.93
112058,PACARAN,2010,1,3.5,28.3,18.49
112058,PACARAN,2010,2,3.2,29.8,20.01
112058,PACARAN,2010,3,0.0,30.62,19.27
112058,PACARAN,2010,4,0.0,29.5,18.03
112058,PACARAN,2010,5,0.0,27.05,15.44
112058,PACARAN,2010,6,0.0,24.46,12.76
112058,PACARAN,2010,7,0.0,24.1,11.02
112058,PACARAN,2010,8,0.0,24.87,11.22
112058,PACARAN,2010,9,0.0,26.42,12.83
112058,PACARAN,2010,10,0.0,26.1,13.5
112058,PACARAN,2010,11,0.0,27.38,13.85
112058,PACARAN,2010,12,5.1,28.13,16.85
112058,PACARAN,2011,1,9.0,29.39,18.47
112058,PACARAN,2011,2,3.8,30.11,19.26
112058,PACARAN,2011,3,0.6,30.37,18.3
112058,PACARAN,2011,4,1.7,29.2,18.3
112058,PACARAN,2011,5,0.0,26.06,14.52
112058,PACARAN,2011,6,0.0,24.08,13.78
112058,PACARAN,2011,7,0.0,23.76,12.66
112058,PACARAN,2011,8,0.0,23.54,11.78
112058,PACARAN,2011,9,0.0,26.47,13.1
112058,PACARAN,2011,10,0.0,27.23,13.27
112058,PACARAN,2011,11,0.4,27.28,14.99
112058,PACARAN,2011,12,1.0,28.31,17.46
112058,PACARAN,2012,1,-999.0,30.15,18.67
112058,PACARAN,2012,2,17.0,30.44,19.38
112058,PACARAN,2012,3,4.7,30.38,19.94
112058,PACARAN,2012,4,0.5,29.78,18.48
112058,PACARAN,2012,5,0.0,27.39,15.61
112058,PACARAN,2012,6,0.0,24.96,14.04
112058,PACARAN,2012,7,0.0,23.83,12.64
112058,PACARAN,2012,8,0.0,23.37,12.38
112058,PACARAN,2012,9,0.0,25.36,13.39
112058,PACARAN,2012,10,1.6,26.68,13.93
112058,PACARAN,2012,11,0.3,27.58,15.31
112058,PACARAN,2012,12,0.0,28.16,16.98
112058,PACARAN,2013,1,0.0,30.14,18.5
112058,PACARAN,2013,2,3.5,30.72,19.54
112058,PACARAN,2013,3,3.5,30.98,19.88
112058,PACARAN,2013,4,0.0,29.51,16.94
112058,PACARAN,2013,5,0.0,26.19,14.99
112058,PACARAN,2013,6,0.0,24.56,13.24
112058,PACARAN,2013,7,0.0,24.05,12.14
112058,PACARAN,2013,8,0.0,24.06,12.03
112058,PACARAN,2013,9,0.0,25.98,13.42
112058,PACARAN,2013,10,0.0,27.11,14.03
112058,PACARAN,2013,11,0.0,27.24,14.82
112058,PACARAN,2013,12,1.3,28.19,17.11
112058,PACARAN,2014,1,4.1,29.34,19.39
112058,PACARAN,2014,2,18.0,29.76,19.11
112058,PACARAN,2014,3,5.8,29.5,19.28
112058,PACARAN,2014,4,0.0,28.66,17.54
112058,PACARAN,2014,5,0.0,25.96,15.28
112058,PACARAN,2014,6,0.0,24.53,13.69
112058,PACARAN,2014,7,0.0,24.62,12.07
112058,PACARAN,2014,8,0.0,25.3,12.86
112058,PACARAN,2014,9,0.0,-999.0,13.3
112058,PACARAN,2014,10,0.0,-999.0,14.81
112058,PACARAN,2014,11,0.0,27.12,15.72
112058,PACARAN,2014,12,1.5,28.17,16.82
112058,PACARAN,2015,1,1.2,29.21,17.59
112058,PACARAN,2015,2,4.8,29.23,19.72
112058,PACARAN,2015,3,27.0,30.35,19.7
112058,PACARAN,2015,4,0.0,30.17,18.71
112058,PACARAN,2015,5,0.0,27.18,16.38
112058,PACARAN,2015,6,0.0,24.89,14.12
112058,PACARAN,2015,7,0.0,24.51,12.81
112058,PACARAN,2015,8,0.0,24.56,12.94
112058,PACARAN,2015,9,0.0,26.16,13.98
112058,PACARAN,2015,10,0.0,27.56,15.03
112058,PACARAN,2015,11,0.0,27.33,15.56
112058,PACARAN,2015,12,0.7,28.7,17.21
112058,PACARAN,2016,1,0.0,29.67,18.35
112058,PACARAN,2016,2,4.3,31.51,20.62
112058,PACARAN,2016,3,1.4,31.91,20.51
112058,PACARAN,2016,4,0.0,30.31,18.89
112058,PACARAN,2016,5,0.0,28.93,16.43
112058,PACARAN,2016,6,0.0,26.0,13.88
112058,PACARAN,2016,7,0.0,24.86,12.64
112058,PACARAN,2016,8,0.0,25.68,12.72
112058,PACARAN,2016,9,0.0,27.57,13.67
112058,PACARAN,2016,10,0.0,26.94,14.01
112058,PACARAN,2016,11,0.0,28.99,14.6
112058,PACARAN,2016,12,0.0,30.15,17.29
112058,PACARAN,2017,1,63.6,29.57,19.81
112058,PACARAN,2017,2,2.5,30.91,20.42
112058,PACARAN,2017,3,29.1,31.09,20.32
112058,PACARAN,2017,4,0.0,30.11,18.66
112058,PACARAN,2017,5,0.0,27.13,16.62
112058,PACARAN,2017,6,0.0,24.98,13.59
112058,PACARAN,2017,7,0.0,24.99,12.15
112058,PACARAN,2017,8,0.0,25.02,11.83
112058,PACARAN,2017,9,0.0,25.8,13.51
112058,PACARAN,2017,10,0.0,28.71,15.04
112058,PACARAN,2017,11,0.0,27.49,14.25
112058,PACARAN,2017,12,0.0,28.58,17.01
112058,PACARAN,2018,1,1.9,30.17,18.75
112058,PACARAN,2018,2,3.6,30.01,19.82
112058,PACARAN,2018,3,0.0,31.22,19.65
112058,PACARAN,2018,4,0.0,30.12,18.24
112058,PACARAN,2018,5,0.0,28.15,15.91
112058,PACARAN,2018,6,0.0,24.16,12.99
112058,PACARAN,2018,7,0.0,24.89,12.8
112058,PACARAN,2018,8,0.0,25.28,12.32
112058,PACARAN,2018,9,0.0,26.92,13.25
112058,PACARAN,2018,10,0.0,26.8,14.36
112058,PACARAN,2018,11,0.0,28.3,15.37
112058,PACARAN,2018,12,0.0,29.7,16.88
112058,PACARAN,2019,1,4.5,29.95,19.03
112058,PACARAN,2019,2,2.6,31.24,20.69
112058,PACARAN,2019,3,4.6,31.71,19.97
112058,PACARAN,2019,4,0.0,30.04,18.2
112058,PACARAN,2019,5,0.0,27.47,15.81
112058,PACARAN,2019,6,0.0,25.82,13.28
112058,PACARAN,2019,7,0.0,24.68,12.44
112058,PACARAN,2019,8,0.0,25.48,11.76
112058,PACARAN,2019,9,0.0,26.29,13.59
112058,PACARAN,2019,10,0.0,27.13,13.82
112058,PACARAN,2019,11,0.0,28.63,16.47
112058,PACARAN,2019,12,0.0,29.47,17.9
112058,PACARAN,2020,1,2.4,29.78,19.4
112058,PACARAN,2020,2,3.5,31.66,20.38
112058,PACARAN,2020,3,-999.0,-999.0,-999.0
112058,PACARAN,2020,4,-999.0,-999.0,-999.0
112058,PACARAN,2020,5,-999.0,-999.0,-999.0
112058,PACARAN,2020,6,-999.0,-999.0,-999.0
112058,PACARAN,2020,7,-999.0,-999.0,-999.0
112058,PACARAN,2020,8,-999.0,-999.0,-999.0
112058,PACARAN,2020,9,0.0,-999.0,-999.0
112058,PACARAN,2020,10,0.0,28.72,15.52
112058,PACARAN,2020,11,2.0,28.23,14.66
112058,PACARAN,2020,12,7.6,28.55,17.49
112058,PACARAN,2021,1,3.8,29.91,18.68
112058,PACARAN,2021,2,0.9,31.22,18.68
112058,PACARAN,2021,3,0.0,31.2,19.65
112058,PACARAN,2021,4,0.0,29.95,18.17
112058,PACARAN,2021,5,0.0,27.46,15.53
112058,PACARAN,2021,6,0.0,24.89,13.08
112058,PACARAN,2021,7,0.0,25.4,12.31
112058,PACARAN,2021,8,0.0,26.29,12.63
112058,PACARAN,2021,9,0.0,27.21,14.03
112058,PACARAN,2021,10,0.0,28.65,15.05
112058,PACARAN,2021,11,0.0,28.3,15.18
112058,PACARAN,2021,12,0.0,29.05,16.85
112058,PACARAN,2022,1,2.5,30.31,18.83
112058,PACARAN,2022,2,3.4,30.08,19.17
112058,PACARAN,2022,3,1.5,31.27,19.71
112058,PACARAN,2022,4,0.0,30.37,17.96
112058,PACARAN,2022,5,0.0,27.79,14.7
112058,PACARAN,2022,6,0.0,25.55,12.35
112058,PACARAN,2022,7,0.0,25.39,11.83
112058,PACARAN,2022,8,0.0,26.27,12.05
112058,PACARAN,2022,9,0.0,26.52,12.24
112058,PACARAN,2022,10,0.0,28.31,13.08
112058,PACARAN,2022,11,0.0,28.88,14.77
112058,PACARAN,2022,12,0.0,30.04,17.58
112058,PACARAN,2023,1,0.0,31.41,18.78
112058,PACARAN,2023,2,17.4,31.29,20.63
112058,PACARAN,2023,3,40.6,30.92,20.38
112058,PACARAN,2023,4,0.0,30.97,19.89
112058,PACARAN,2023,5,0.0,27.59,16.87
112058,PACARAN,2023,6,0.0,27.06,14.18
112058,PACARAN,2023,7,0.0,26.47,14.52
112058,PACARAN,2023,8,0.0,26.61,14.36
112058,PACARAN,2023,9,0.0,27.67,15.0
112058,PACARAN,2023,10,0.0,30.03,17.04
112058,PACARAN,2023,11,0.0,29.69,16.56
112058,PACARAN,2023,12,0.0,30.76,18.22
112058,PACARAN,2024,1,2.4,31.46,19.69
112058,PACARAN,2024,2,9.8,32.26,20.97
112058,PACARAN,2024,3,1.5,32.84,20.39
112058,PACARAN,2024,4,2.5,31.38,19.06
112058,PACARAN,2024,5,0.0,29.29,15.48
112058,PACARAN,2024,6,0.0,27.26,13.19
112058,PACARAN,2024,7,0.0,26.17,12.08
112058,PACARAN,2024,8,0.0,26.5,12.46
112058,PACARAN,2024,9,0.0,27.74,13.88
112058,PACARAN,2024,10,0.0,29.35,15.29
112058,PACARAN,2024,11,4.0,28.46,15.76
112058,PACARAN,2024,12,7.9,30.27,17.95
112058,PACARAN,2025,1,1.8,31.17,18.67
112058,PACARAN,2025,2,15.4,30.91,20.25
112058,PACARAN,2025,3,6.8,31.74,19.97
112058,PACARAN,2025,4,0.0,31.13,18.26
112058,PACARAN,2025,5,0.0,28.55,16.45
112058,PACARAN,2025,6,0.0,25.59,14.34
112058,PACARAN,2025,7,0.0,26.28,12.53
112058,PACARAN,2025,8,0.0,26.38,12.5
112058,PACARAN,2025,9,0.0,27.92,13.92
112058,PACARAN,2025,10,0.0,29.44,15.58
112058,PACARAN,2025,11,0.0,29.84,16.02
112058,PACARAN,2025,12,0.0,-999.0,16.53
