CODIGO,ESTACION,YEAR,MONTH,PP,TMAX,TMIN
112134,HUANGASCAR,1990,1,27.0,-999.0,-999.0
112134,HUANGASCAR,1990,2,1.0,-999.0,-999.0
112134,HUANGASCAR,1990,3,89.7,-999.0,-999.0
112134,HUANGASCAR,1990,4,0.5,-999.0,-999.0
112134,HUANGASCAR,1990,5,0.0,-999.0,-999.0
112134,HUANGASCAR,1990,6,0.0,-999.0,-999.0
112134,HUANGASCAR,1990,7,0.0,-999.0,-999.0
112134,HUANGASCAR,1990,8,0.0,-999.0,-999.0
112134,HUANGASCAR,1990,9,0.0,-999.0,-999.0
112134,HUANGASCAR,1990,10,0.0,-999.0,-999.0
112134,HUANGASCAR,1990,11,9.5,-999.0,-999.0
112134,HUANGASCAR,1990,12,28.1,-999.0,-999.0
112134,HUANGASCAR,1991,1,22.1,-999.0,-999.0
112134,HUANGASCAR,1991,2,55.1,-999.0,-999.0
112134,HUANGASCAR,1991,3,67.7,-999.0,-999.0
112134,HUANGASCAR,1991,4,0.0,-999.0,-999.0
112134,HUANGASCAR,1991,5,0.0,-999.0,-999.0
112134,HUANGASCAR,1991,6,0.0,-999.0,-999.0
112134,HUANGASCAR,1991,7,0.0,-999.0,-999.0
112134,HUANGASCAR,1991,8,0.0,-999.0,-999.0
112134,HUANGASCAR,1991,9,0.0,-999.0,-999.0
112134,HUANGASCAR,1991,10,0.0,-999.0,-999.0
112134,HUANGASCAR,1991,11,0.0,-999.0,-999.0
112134,HUANGASCAR,1991,12,0.0,-999.0,-999.0
112134,HUANGASCAR,1992,1,0.0,-999.0,-999.0
112134,HUANGASCAR,1992,2,10.0,-999.0,-999.0
112134,HUANGASCAR,1992,3,1.0,-999.0,-999.0
112134,HUANGASCAR,1992,4,0.0,-999.0,-999.0
112134,HUANGASCAR,1992,5,0.0,-999.0,-999.0
112134,HUANGASCAR,1992,6,-999.0,-999.0,-999.0
112134,HUANGASCAR,1992,7,0.0,-999.0,-999.0
112134,HUANGASCAR,1992,8,0.0,-999.0,-999.0
112134,HUANGASCAR,1992,9,0.0,-999.0,-999.0
112134,HUANGASCAR,1992,10,0.0,-999.0,-999.0
112134,HUANGASCAR,1992,11,0.0,-999.0,-999.0
112134,HUANGASCAR,1992,12,1.5,-999.0,-999.0
112134,HUANGASCAR,1993,1,26.5,-999.0,-999.0
112134,HUANGASCAR,1993,2,63.3,-999.0,-999.0
112134,HUANGASCAR,1993,3,85.0,-999.0,-999.0
112134,HUANGASCAR,1993,4,32.0,-999.0,-999.0
112134,HUANGASCAR,1993,5,0.0,-999.0,-999.0
112134,HUANGASCAR,1993,6,0.0,-999.0,-999.0
112134,HUANGASCAR,1993,7,0.0,-999.0,-999.0
112134,HUANGASCAR,1993,8,0.0,-999.0,-999.0
112134,HUANGASCAR,1993,9,0.0,-999.0,-999.0
112134,HUANGASCAR,1993,10,0.0,-999.0,-999.0
112134,HUANGASCAR,1993,11,4.0,-999.0,-999.0
112134,HUANGASCAR,1993,12,23.3,-999.0,-999.0
112134,HUANGASCAR,1994,1,-999.0,-999.0,-999.0
112134,HUANGASCAR,1994,2,-999.0,-999.0,-999.0
112134,HUANGASCAR,1994,3,52.8,-999.0,-999.0
112134,HUANGASCAR,1994,4,0.0,-999.0,-999.0
112134,HUANGASCAR,1994,5,0.0,-999.0,-999.0
112134,HUANGASCAR,1994,6,0.0,-999.0,-999.0
112134,HUANGASCAR,1994,7,0.0,-999.0,-999.0
112134,HUANGASCAR,1994,8,0.0,-999.0,-999.0
112134,HUANGASCAR,1994,9,0.0,-999.0,-999.0
112134,HUANGASCAR,1994,10,0.0,-999.0,-999.0
112134,HUANGASCAR,1994,11,0.0,-999.0,-999.0
112134,HUANGASCAR,1994,12,16.0,-999.0,-999.0
112134,HUANGASCAR,1995,1,21.5,-999.0,-999.0
112134,HUANGASCAR,1995,2,36.5,-999.0,-999.0
112134,HUANGASCAR,1995,3,81.9,-999.0,-999.0
112134,HUANGASCAR,1995,4,0.0,-999.0,-999.0
112134,HUANGASCAR,1995,5,0.0,-999.0,-999.0
112134,HUANGASCAR,1995,6,0.0,-999.0,-999.0
112134,HUANGASCAR,1995,7,0.0,-999.0,-999.0
112134,HUANGASCAR,1995,8,0.0,-999.0,-999.0
112134,HUANGASCAR,1995,9,0.0,-999.0,-999.0
112134,HUANGASCAR,1995,10,2.5,-999.0,-999.0
112134,HUANGASCAR,1995,11,14.0,-999.0,-999.0
112134,HUANGASCAR,1995,12,23.8,-999.0,-999.0
112134,HUANGASCAR,1996,1,73.0,-999.0,-999.0
112134,HUANGASCAR,1996,2,50.5,-999.0,-999.0
112134,HUANGASCAR,1996,3,29.5,-999.0,-999.0
112134,HUANGASCAR,1996,4,0.0,-999.0,-999.0
112134,HUANGASCAR,1996,5,0.0,-999.0,-999.0
112134,HUANGASCAR,1996,6,0.0,-999.0,-999.0
112134,HUANGASCAR,1996,7,0.0,-999.0,-999.0
112134,HUANGASCAR,1996,8,0.0,-999.0,-999.0
112134,HUANGASCAR,1996,9,0.0,-999.0,-999.0
112134,HUANGASCAR,1996,10,0.0,-999.0,-999.0
112134,HUANGASCAR,1996,11,0.0,-999.0,-999.0
112134,HUANGASCAR,1996,12,10.0,-999.0,-999.0
112134,HUANGASCAR,1997,1,49.8,-999.0,-999.0
112134,HUANGASCAR,1997,2,23.3,-999.0,-999.0
112134,HUANGASCAR,1997,3,31.3,-999.0,-999.0
112134,HUANGASCAR,1997,4,0.0,-999.0,-999.0
112134,HUANGASCAR,1997,5,0.0,-999.0,-999.0
112134,HUANGASCAR,1997,6,0.0,-999.0,-999.0
112134,HUANGASCAR,1997,7,0.0,-999.0,-999.0
112134,HUANGASCAR,1997,8,0.0,-999.0,-999.0
112134,HUANGASCAR,1997,9,2.5,-999.0,-999.0
112134,HUANGASCAR,1997,10,0.0,-999.0,-999.0
112134,HUANGASCAR,1997,11,8.5,-999.0,-999.0
112134,HUANGASCAR,1997,12,44.4,-999.0,-999.0
112134,HUANGASCAR,1998,1,129.3,-999.0,-999.0
112134,HUANGASCAR,1998,2,154.7,-999.0,-999.0
112134,HUANGASCAR,1998,3,144.0,-999.0,-999.0
112134,HUANGASCAR,1998,4,12.5,-999.0,-999.0
112134,HUANGASCAR,1998,5,0.0,-999.0,-999.0
112134,HUANGASCAR,1998,6,0.0,-999.0,-999.0
112134,HUANGASCAR,1998,7,0.0,-999.0,-999.0
112134,HUANGASCAR,1998,8,0.0,-999.0,-999.0
112134,HUANGASCAR,1998,9,0.0,-999.0,-999.0
112134,HUANGASCAR,1998,10,0.0,-999.0,-999.0
112134,HUANGASCAR,1998,11,3.0,-999.0,-999.0
112134,HUANGASCAR,1998,12,23.8,-999.0,-999.0
112134,HUANGASCAR,1999,1,37.9,-999.0,-999.0
112134,HUANGASCAR,1999,2,150.1,-999.0,-999.0
112134,HUANGASCAR,1999,3,72.5,-999.0,-999.0
112134,HUANGASCAR,1999,4,20.3,-999.0,-999.0
112134,HUANGASCAR,1999,5,0.0,-999.0,-999.0
112134,HUANGASCAR,1999,6,0.0,-999.0,-999.0
112134,HUANGASCAR,1999,7,0.0,-999.0,-999.0
112134,HUANGASCAR,1999,8,0.0,-999.0,-999.0
112134,HUANGASCAR,1999,9,1.8,-999.0,-999.0
112134,HUANGASCAR,1999,10,17.0,-999.0,-999.0
112134,HUANGASCAR,1999,11,0.0,-999.0,-999.0
112134,HUANGASCAR,1999,12,35.9,-999.0,-999.0
112134,HUANGASCAR,2000,1,50.6,-999.0,-999.0
112134,HUANGASCAR,2000,2,118.7,-999.0,-999.0
112134,HUANGASCAR,2000,3,60.9,-999.0,-999.0
112134,HUANGASCAR,2000,4,13.5,-999.0,-999.0
112134,HUANGASCAR,2000,5,0.0,-999.0,-999.0
112134,HUANGASCAR,2000,6,0.0,-999.0,-999.0
112134,HUANGASCAR,2000,7,0.0,-999.0,-999.0
112134,HUANGASCAR,2000,8,0.0,-999.0,-999.0
112134,HUANGASCAR,2000,9,0.0,-999.0,-999.0
112134,HUANGASCAR,2000,10,0.0,-999.0,-999.0
112134,HUANGASCAR,2000,11,0.0,-999.0,-999.0
112134,HUANGASCAR,2000,12,37.8,-999.0,-999.0
112134,HUANGASCAR,2001,1,86.6,-999.0,-999.0
112134,HUANGASCAR,2001,2,56.6,-999.0,-999.0
112134,HUANGASCAR,2001,3,98.8,-999.0,-999.0
112134,HUANGASCAR,2001,4,9.7,-999.0,-999.0
112134,HUANGASCAR,2001,5,0.0,-999.0,-999.0
112134,HUANGASCAR,2001,6,0.0,-999.0,-999.0
112134,HUANGASCAR,2001,7,0.0,-999.0,-999.0
112134,HUANGASCAR,2001,8,0.0,-999.0,-999.0
112134,HUANGASCAR,2001,9,0.0,-999.0,-999.0
112134,HUANGASCAR,2001,10,0.0,-999.0,-999.0
112134,HUANGASCAR,2001,11,28.7,-999.0,-999.0
112134,HUANGASCAR,2001,12,0.0,-999.0,-999.0
112134,HUANGASCAR,2002,1,24.6,-999.0,-999.0
112134,HUANGASCAR,2002,2,36.7,-999.0,-999.0
112134,HUANGASCAR,2002,3,90.1,-999.0,-999.0
112134,HUANGASCAR,2002,4,59.1,-999.0,-999.0
112134,HUANGASCAR,2002,5,0.0,-999.0,-999.0
112134,HUANGASCAR,2002,6,0.0,-999.0,-999.0
112134,HUANGASCAR,2002,7,0.0,-999.0,-999.0
112134,HUANGASCAR,2002,8,0.0,-999.0,-999.0
112134,HUANGASCAR,2002,9,0.0,-999.0,-999.0
112134,HUANGASCAR,2002,10,0.0,-999.0,-999.0
112134,HUANGASCAR,2002,11,22.8,-999.0,-999.0
112134,HUANGASCAR,2002,12,8.2,-999.0,-999.0
112134,HUANGASCAR,2003,1,38.8,-999.0,-999.0
112134,HUANGASCAR,2003,2,46.2,-999.0,-999.0
112134,HUANGASCAR,2003,3,39.9,-999.0,-999.0
112134,HUANGASCAR,2003,4,0.0,-999.0,-999.0
112134,HUANGASCAR,2003,5,0.0,-999.0,-999.0
112134,HUANGASCAR,2003,6,0.0,-999.0,-999.0
112134,HUANGASCAR,2003,7,0.0,-999.0,-999.0
112134,HUANGASCAR,2003,8,0.0,-999.0,-999.0
112134,HUANGASCAR,2003,9,0.0,-999.0,-999.0
112134,HUANGASCAR,2003,10,0.0,-999.0,-999.0
112134,HUANGASCAR,2003,11,0.0,-999.0,-999.0
112134,HUANGASCAR,2003,12,50.7,19.0,-999.0
112134,HUANGASCAR,2004,1,3.9,20.03,-999.0
112134,HUANGASCAR,2004,2,54.5,-999.0,-999.0
112134,HUANGASCAR,2004,3,27.9,-999.0,-999.0
112134,HUANGASCAR,2004,4,7.5,-999.0,-999.0
112134,HUANGASCAR,2004,5,0.0,-999.0,-999.0
112134,HUANGASCAR,2004,6,0.0,-999.0,-999.0
112134,HUANGASCAR,2004,7,0.0,-999.0,-999.0
112134,HUANGASCAR,2004,8,0.0,-999.0,-999.0
112134,HUANGASCAR,2004,9,0.0,-999.0,-999.0
112134,HUANGASCAR,2004,10,0.0,-999.0,-999.0
112134,HUANGASCAR,2004,11,0.0,-999.0,13.03
112134,HUANGASCAR,2004,12,20.4,-999.0,12.98
112134,HUANGASCAR,2005,1,43.6,-999.0,12.18
112134,HUANGASCAR,2005,2,33.5,-999.0,12.84
112134,HUANGASCAR,2005,3,50.5,-999.0,12.6
112134,HUANGASCAR,2005,4,9.0,-999.0,13.07
112134,HUANGASCAR,2005,5,0.0,-999.0,13.28
112134,HUANGASCAR,2005,6,0.0,19.12,13.42
112134,HUANGASCAR,2005,7,0.0,-999.0,-999.0
112134,HUANGASCAR,2005,8,0.0,23.42,12.62
112134,HUANGASCAR,2005,9,0.0,22.68,12.35
112134,HUANGASCAR,2005,10,0.0,22.07,10.89
112134,HUANGASCAR,2005,11,0.0,20.34,11.64
112134,HUANGASCAR,2005,12,35.2,18.43,10.62
112134,HUANGASCAR,2006,1,95.4,18.85,10.75
112134,HUANGASCAR,2006,2,82.0,19.9,10.81
112134,HUANGASCAR,2006,3,98.4,19.42,10.25
112134,HUANGASCAR,2006,4,21.7,21.59,11.61
112134,HUANGASCAR,2006,5,0.0,22.36,10.91
112134,HUANGASCAR,2006,6,0.0,22.75,11.66
112134,HUANGASCAR,2006,7,0.0,22.85,11.85
112134,HUANGASCAR,2006,8,0.0,22.88,12.05
112134,HUANGASCAR,2006,9,0.0,22.22,12.31
112134,HUANGASCAR,2006,10,0.0,21.77,12.13
112134,HUANGASCAR,2006,11,2.4,21.29,11.27
112134,HUANGASCAR,2006,12,31.4,19.98,11.67
112134,HUANGASCAR,2007,1,28.2,20.72,12.32
112134,HUANGASCAR,2007,2,22.0,19.86,11.31
112134,HUANGASCAR,2007,3,71.9,19.63,11.11
112134,HUANGASCAR,2007,4,21.2,21.31,11.82
112134,HUANGASCAR,2007,5,0.0,21.57,10.75
112134,HUANGASCAR,2007,6,0.0,23.0,11.86
112134,HUANGASCAR,2007,7,0.0,22.25,11.6
112134,HUANGASCAR,2007,8,0.0,20.64,10.05
112134,HUANGASCAR,2007,9,0.0,22.49,11.83
112134,HUANGASCAR,2007,10,0.0,22.55,11.52
112134,HUANGASCAR,2007,11,0.0,21.62,11.92
112134,HUANGASCAR,2007,12,14.0,19.76,11.07
112134,HUANGASCAR,2008,1,101.3,18.35,10.84
112134,HUANGASCAR,2008,2,122.5,17.74,11.36
112134,HUANGASCAR,2008,3,74.0,19.19,11.16
112134,HUANGASCAR,2008,4,10.4,20.74,11.74
112134,HUANGASCAR,2008,5,0.0,22.0,11.77
112134,HUANGASCAR,2008,6,0.0,22.13,11.54
112134,HUANGASCAR,2008,7,0.0,22.0,11.22
112134,HUANGASCAR,2008,8,0.0,21.87,10.83
112134,HUANGASCAR,2008,9,0.0,21.9,12.1
112134,HUANGASCAR,2008,10,0.0,21.92,11.79
112134,HUANGASCAR,2008,11,0.0,21.05,11.5
112134,HUANGASCAR,2008,12,3.0,21.38,10.95
112134,HUANGASCAR,2009,1,70.5,17.97,10.73
112134,HUANGASCAR,2009,2,90.4,17.03,10.71
112134,HUANGASCAR,2009,3,82.9,-999.0,10.54
112134,HUANGASCAR,2009,4,5.9,-999.0,11.71
112134,HUANGASCAR,2009,5,3.5,-999.0,12.74
112134,HUANGASCAR,2009,6,0.0,-999.0,12.52
112134,HUANGASCAR,2009,7,0.0,-999.0,10.99
112134,HUANGASCAR,2009,8,0.0,-999.0,10.72
112134,HUANGASCAR,2009,9,0.0,-999.0,12.71
112134,HUANGASCAR,2009,10,0.0,22.09,11.93
112134,HUANGASCAR,2009,11,21.2,21.25,12.82
112134,HUANGASCAR,2009,12,14.8,20.92,11.57
112134,HUANGASCAR,2010,1,0.0,20.21,10.73
112134,HUANGASCAR,2010,2,37.7,18.46,10.44
112134,HUANGASCAR,2010,3,51.2,18.51,10.89
112134,HUANGASCAR,2010,4,0.0,21.96,11.04
112134,HUANGASCAR,2010,5,0.0,24.55,13.4
112134,HUANGASCAR,2010,6,0.0,23.36,12.51
112134,HUANGASCAR,2010,7,0.0,22.26,11.37
112134,HUANGASCAR,2010,8,0.0,22.12,11.29
112134,HUANGASCAR,2010,9,0.0,22.39,11.28
112134,HUANGASCAR,2010,10,0.0,21.35,11.54
112134,HUANGASCAR,2010,11,4.5,20.1,10.58
112134,HUANGASCAR,2010,12,49.0,18.77,11.03
112134,HUANGASCAR,2011,1,79.6,18.25,11.63
112134,HUANGASCAR,2011,2,67.0,18.01,10.88
112134,HUANGASCAR,2011,3,44.5,18.68,11.01
112134,HUANGASCAR,2011,4,25.2,19.86,11.48
112134,HUANGASCAR,2011,5,0.0,22.59,11.71
112134,HUANGASCAR,2011,6,0.0,21.97,11.85
112134,HUANGASCAR,2011,7,0.0,22.21,11.56
112134,HUANGASCAR,2011,8,0.0,22.61,11.8
112134,HUANGASCAR,2011,9,0.0,22.51,11.98
112134,HUANGASCAR,2011,10,0.0,21.02,10.62
112134,HUANGASCAR,2011,11,6.9,20.39,11.13
112134,HUANGASCAR,2011,12,19.7,19.64,11.35
112134,HUANGASCAR,2012,1,18.1,20.02,11.02
112134,HUANGASCAR,2012,2,121.4,19.06,11.23
112134,HUANGASCAR,2012,3,98.8,19.92,11.96
112134,HUANGASCAR,2012,4,30.4,20.93,11.9
112134,HUANGASCAR,2012,5,0.0,22.8,12.49
112134,HUANGASCAR,2012,6,0.0,23.29,12.61
112134,HUANGASCAR,2012,7,0.0,23.6,13.13
112134,HUANGASCAR,2012,8,0.0,23.52,12.72
112134,HUANGASCAR,2012,9,0.0,22.47,12.29
112134,HUANGASCAR,2012,10,7.4,22.05,12.14
112134,HUANGASCAR,2012,11,6.7,20.85,11.98
112134,HUANGASCAR,2012,12,5.2,20.37,11.69
112134,HUANGASCAR,2013,1,15.1,21.04,11.82
112134,HUANGASCAR,2013,2,124.6,18.9,11.86
112134,HUANGASCAR,2013,3,85.7,19.68,12.46
112134,HUANGASCAR,2013,4,1.6,22.8,12.34
112134,HUANGASCAR,2013,5,0.0,22.59,12.38
112134,HUANGASCAR,2013,6,0.0,22.85,12.41
112134,HUANGASCAR,2013,7,0.0,22.93,12.12
112134,HUANGASCAR,2013,8,0.0,23.11,12.19
112134,HUANGASCAR,2013,9,0.0,23.17,12.39
112134,HUANGASCAR,2013,10,0.0,22.67,12.13
112134,HUANGASCAR,2013,11,0.0,21.76,11.48
112134,HUANGASCAR,2013,12,18.9,20.95,11.61
112134,HUANGASCAR,2014,1,52.0,19.99,11.94
112134,HUANGASCAR,2014,2,32.1,20.78,11.8
112134,HUANGASCAR,2014,3,107.0,19.45,11.66
112134,HUANGASCAR,2014,4,28.5,21.89,12.36
112134,HUANGASCAR,2014,5,0.0,23.1,12.63
112134,HUANGASCAR,2014,6,0.0,23.78,12.81
112134,HUANGASCAR,2014,7,0.0,24.52,13.64
112134,HUANGASCAR,2014,8,0.0,23.53,13.15
112134,HUANGASCAR,2014,9,0.0,23.15,12.73
112134,HUANGASCAR,2014,10,4.8,22.74,12.21
112134,HUANGASCAR,2014,11,7.5,22.02,12.06
112134,HUANGASCAR,2014,12,20.8,20.69,12.29
112134,HUANGASCAR,2015,1,35.9,20.38,12.03
112134,HUANGASCAR,2015,2,85.4,19.31,11.85
112134,HUANGASCAR,2015,3,111.8,20.69,12.1
112134,HUANGASCAR,2015,4,17.6,22.7,12.53
112134,HUANGASCAR,2015,5,0.0,24.3,13.22
112134,HUANGASCAR,2015,6,0.0,24.91,12.98
112134,HUANGASCAR,2015,7,0.0,24.87,12.64
112134,HUANGASCAR,2015,8,0.0,24.46,12.97
112134,HUANGASCAR,2015,9,0.0,24.7,13.1
112134,HUANGASCAR,2015,10,0.0,24.29,13.03
112134,HUANGASCAR,2015,11,5.3,23.8,12.84
112134,HUANGASCAR,2015,12,7.8,24.42,13.56
112134,HUANGASCAR,2016,1,3.5,24.13,13.39
112134,HUANGASCAR,2016,2,68.2,22.06,13.43
112134,HUANGASCAR,2016,3,52.2,23.08,13.05
112134,HUANGASCAR,2016,4,21.0,24.31,13.85
112134,HUANGASCAR,2016,5,0.0,25.82,14.05
112134,HUANGASCAR,2016,6,0.0,24.57,13.28
112134,HUANGASCAR,2016,7,0.0,23.94,12.75
112134,HUANGASCAR,2016,8,0.0,24.02,13.01
112134,HUANGASCAR,2016,9,0.0,24.18,12.9
112134,HUANGASCAR,2016,10,0.0,24.38,13.07
112134,HUANGASCAR,2016,11,0.0,23.94,11.96
112134,HUANGASCAR,2016,12,15.4,21.34,11.61
112134,HUANGASCAR,2017,1,210.8,19.14,10.94
112134,HUANGASCAR,2017,2,135.6,18.94,11.41
112134,HUANGASCAR,2017,3,282.1,19.94,12.0
112134,HUANGASCAR,2017,4,0.0,24.01,10.99
112134,HUANGASCAR,2017,5,0.0,24.85,12.41
112134,HUANGASCAR,2017,6,0.0,25.67,13.09
112134,HUANGASCAR,2017,7,0.0,25.76,12.88
112134,HUANGASCAR,2017,8,0.0,25.97,13.07
112134,HUANGASCAR,2017,9,0.0,25.94,12.97
112134,HUANGASCAR,2017,10,3.2,25.64,12.8
112134,HUANGASCAR,2017,11,0.0,25.19,12.14
112134,HUANGASCAR,2017,12,3.2,23.93,11.93
112134,HUANGASCAR,2018,1,63.1,21.01,11.54
112134,HUANGASCAR,2018,2,94.2,21.72,11.61
112134,HUANGASCAR,2018,3,65.6,22.41,12.4
112134,HUANGASCAR,2018,4,14.3,23.35,11.86
112134,HUANGASCAR,2018,5,0.0,25.46,11.69
112134,HUANGASCAR,2018,6,1.8,26.01,12.28
112134,HUANGASCAR,2018,7,0.0,25.64,12.48
112134,HUANGASCAR,2018,8,0.0,25.61,11.99
112134,HUANGASCAR,2018,9,0.0,25.54,12.21
112134,HUANGASCAR,2018,10,1.5,24.46,11.81
112134,HUANGASCAR,2018,11,2.9,23.71,10.52
112134,HUANGASCAR,2018,12,3.2,23.65,10.18
112134,HUANGASCAR,2019,1,67.0,20.75,11.46
112134,HUANGASCAR,2019,2,158.4,19.26,11.87
112134,HUANGASCAR,2019,3,59.2,21.2,12.3
112134,HUANGASCAR,2019,4,10.1,23.5,12.56
112134,HUANGASCAR,2019,5,0.0,24.22,12.56
112134,HUANGASCAR,2019,6,0.0,25.95,12.73
112134,HUANGASCAR,2019,7,0.0,26.29,13.05
112134,HUANGASCAR,2019,8,0.0,25.58,12.57
112134,HUANGASCAR,2019,9,0.0,24.07,12.6
112134,HUANGASCAR,2019,10,0.0,24.3,12.03
112134,HUANGASCAR,2019,11,0.0,23.06,11.94
112134,HUANGASCAR,2019,12,17.3,21.59,11.95
112134,HUANGASCAR,2020,1,112.4,20.0,11.08
112134,HUANGASCAR,2020,2,70.0,18.34,11.93
112134,HUANGASCAR,2020,3,-999.0,-999.0,-999.0
112134,HUANGASCAR,2020,4,-999.0,-999.0,-999.0
112134,HUANGASCAR,2020,5,-999.0,-999.0,-999.0
112134,HUANGASCAR,2020,6,-999.0,-999.0,-999.0
112134,HUANGASCAR,2020,7,-999.0,-999.0,-999.0
112134,HUANGASCAR,2020,8,-999.0,-999.0,-999.0
112134,HUANGASCAR,2020,9,-999.0,-999.0,-999.0
112134,HUANGASCAR,2020,10,-999.0,-999.0,-999.0
112134,HUANGASCAR,2020,11,-999.0,-999.0,-999.0
112134,HUANGASCAR,2020,12,-999.0,-999.0,-999.0
112134,HUANGASCAR,2021,1,-999.0,-999.0,-999.0
112134,HUANGASCAR,2021,2,-999.0,-999.0,-999.0
112134,HUANGASCAR,2021,3,-999.0,-999.0,-999.0
112134,HUANGASCAR,2021,4,-999.0,-999.0,-999.0
112134,HUANGASCAR,2021,5,-999.0,-999.0,-999.0
112134,HUANGASCAR,2021,6,-999.0,-999.0,-999.0
112134,HUANGASCAR,2021,7,-999.0,-999.0,-999.0
112134,HUANGASCAR,2021,8,-999.0,-999.0,-999.0
112134,HUANGASCAR,2021,9,-999.0,-999.0,-999.0
112134,HUANGASCAR,2021,10,3.2,23.84,12.07
112134,HUANGASCAR,2021,11,5.6,23.82,11.39
112134,HUANGASCAR,2021,12,8.9,22.78,11.35
112134,HUANGASCAR,2022,1,62.1,21.45,11.68
112134,HUANGASCAR,2022,2,43.2,20.12,12.01
112134,HUANGASCAR,2022,3,108.5,19.32,11.66
112134,HUANGASCAR,2022,4,1.4,21.84,11.72
112134,HUANGASCAR,2022,5,0.0,23.59,13.47
112134,HUANGASCAR,2022,6,0.0,23.39,12.38
112134,HUANGASCAR,2022,7,0.0,23.44,12.29
112134,HUANGASCAR,2022,8,0.0,23.55,11.2
112134,HUANGASCAR,2022,9,0.0,23.86,12.05
112134,HUANGASCAR,2022,10,0.0,23.45,11.23
112134,HUANGASCAR,2022,11,0.0,22.81,11.21
112134,HUANGASCAR,2022,12,26.7,20.05,10.98
112134,HUANGASCAR,2023,1,54.0,19.74,10.08
112134,HUANGASCAR,2023,2,131.6,18.02,10.58
112134,HUANGASCAR,2023,3,170.0,18.43,10.59
112134,HUANGASCAR,2023,4,35.6,21.08,10.32
112134,HUANGASCAR,2023,5,0.0,23.67,12.45
112134,HUANGASCAR,2023,6,0.0,24.18,10.36
112134,HUANGASCAR,2023,7,0.0,26.02,-999.0
112134,HUANGASCAR,2023,8,0.0,24.41,11.02
112134,HUANGASCAR,2023,9,0.0,22.71,13.04
112134,HUANGASCAR,2023,10,16.2,21.82,13.18
112134,HUANGASCAR,2023,11,4.5,22.74,13.64
112134,HUANGASCAR,2023,12,57.8,21.65,12.97
112134,HUANGASCAR,2024,1,73.1,20.26,12.71
112134,HUANGASCAR,2024,2,89.1,20.83,13.12
112134,HUANGASCAR,2024,3,67.7,21.35,12.98
112134,HUANGASCAR,2024,4,49.7,21.23,12.72
112134,HUANGASCAR,2024,5,0.0,23.58,13.09
112134,HUANGASCAR,2024,6,0.0,23.38,12.27
112134,HUANGASCAR,2024,7,0.0,23.27,12.35
112134,HUANGASCAR,2024,8,0.0,23.09,12.54
112134,HUANGASCAR,2024,9,0.0,22.74,13.12
112134,HUANGASCAR,2024,10,0.0,22.11,12.43
112134,HUANGASCAR,2024,11,14.1,20.66,12.04
112134,HUANGASCAR,2024,12,39.3,19.98,11.83
112134,HUANGASCAR,2025,1,39.2,19.85,11.49
112134,HUANGASCAR,2025,2,200.5,18.1,11.95
112134,HUANGASCAR,2025,3,120.5,19.56,12.61
112134,HUANGASCAR,2025,4,28.3,21.57,-999.0
112134,HUANGASCAR,2025,5,1.8,22.83,12.57
112134,HUANGASCAR,2025,6,0.0,23.32,13.16
112134,HUANGASCAR,2025,7,0.0,23.78,13.33
112134,HUANGASCAR,2025,8,0.0,23.51,12.62
112134,HUANGASCAR,2025,9,0.0,22.56,12.35
112134,HUANGASCAR,2025,10,0.0,22.19,12.35
112134,HUANGASCAR,2025,11,0.0,22.26,12.16
112134,HUANGASCAR,2025,12,0.0,21.95,11.38
