CODIGO,ESTACION,YEAR,MONTH,PP,TMAX,TMIN
112133,CARANIA,1990,1,74.3,-999.0,-999.0
112133,CARANIA,1990,2,84.6,-999.0,-999.0
112133,CARANIA,1990,3,102.7,-999.0,-999.0
112133,CARANIA,1990,4,48.7,-999.0,-999.0
112133,CARANIA,1990,5,16.5,-999.0,-999.0
112133,CARANIA,1990,6,21.9,-999.0,-999.0
112133,CARANIA,1990,7,0.0,-999.0,-999.0
112133,CARANIA,1990,8,0.4,-999.0,-999.0
112133,CARANIA,1990,9,6.9,-999.0,-999.0
112133,CARANIA,1990,10,10.8,-999.0,-999.0
112133,CARANIA,1990,11,11.6,-999.0,-999.0
112133,CARANIA,1990,12,86.7,-999.0,-999.0
112133,CARANIA,1991,1,79.4,-999.0,-999.0
112133,CARANIA,1991,2,-999.0,-999.0,-999.0
112133,CARANIA,1991,3,131.4,-999.0,-999.0
112133,CARANIA,1991,4,-999.0,-999.0,-999.0
112133,CARANIA,1991,5,0.0,-999.0,-999.0
112133,CARANIA,1991,6,0.0,-999.0,-999.0
112133,CARANIA,1991,7,0.0,-999.0,-999.0
112133,CARANIA,1991,8,0.0,-999.0,-999.0
112133,CARANIA,1991,9,0.0,-999.0,-999.0
112133,CARANIA,1991,10,41.0,-999.0,-999.0
112133,CARANIA,1991,11,3.3,-999.0,-999.0
112133,CARANIA,1991,12,13.2,-999.0,-999.0
112133,CARANIA,1992,1,1.3,-999.0,-999.0
112133,CARANIA,1992,2,1.2,-999.0,-999.0
112133,CARANIA,1992,3,54.7,-999.0,-999.0
112133,CARANIA,1992,4,24.7,-999.0,-999.0
112133,CARANIA,1992,5,0.0,-999.0,-999.0
112133,CARANIA,1992,6,0.0,-999.0,-999.0
112133,CARANIA,1992,7,0.0,-999.0,-999.0
112133,CARANIA,1992,8,0.3,-999.0,-999.0
112133,CARANIA,1992,9,0.0,-999.0,-999.0
112133,CARANIA,1992,10,67.7,-999.0,-999.0
112133,CARANIA,1992,11,0.0,-999.0,-999.0
112133,CARANIA,1992,12,34.8,-999.0,-999.0
112133,CARANIA,1993,1,136.8,-999.0,-999.0
112133,CARANIA,1993,2,134.7,-999.0,-999.0
112133,CARANIA,1993,3,113.2,-999.0,-999.0
112133,CARANIA,1993,4,41.8,-999.0,-999.0
112133,CARANIA,1993,5,1.1,-999.0,-999.0
112133,CARANIA,1993,6,0.0,-999.0,-999.0
112133,CARANIA,1993,7,0.0,-999.0,-999.0
112133,CARANIA,1993,8,6.0,-999.0,-999.0
112133,CARANIA,1993,9,5.2,-999.0,-999.0
112133,CARANIA,1993,10,16.3,-999.0,-999.0
112133,CARANIA,1993,11,76.6,-999.0,-999.0
112133,CARANIA,1993,12,141.4,-999.0,-999.0
112133,CARANIA,1994,1,131.3,-999.0,-999.0
112133,CARANIA,1994,2,163.2,-999.0,-999.0
112133,CARANIA,1994,3,111.3,-999.0,-999.0
112133,CARANIA,1994,4,32.2,-999.0,-999.0
112133,CARANIA,1994,5,0.0,-999.0,-999.0
112133,CARANIA,1994,6,0.0,-999.0,-999.0
112133,CARANIA,1994,7,0.0,-999.0,-999.0
112133,CARANIA,1994,8,0.0,-999.0,-999.0
112133,CARANIA,1994,9,2.7,-999.0,-999.0
112133,CARANIA,1994,10,2.7,-999.0,-999.0
112133,CARANIA,1994,11,22.8,-999.0,-999.0
112133,CARANIA,1994,12,32.0,-999.0,-999.0
112133,CARANIA,1995,1,86.9,-999.0,-999.0
112133,CARANIA,1995,2,49.1,-999.0,-999.0
112133,CARANIA,1995,3,65.2,-999.0,-999.0
112133,CARANIA,1995,4,29.4,-999.0,-999.0
112133,CARANIA,1995,5,0.0,-999.0,-999.0
112133,CARANIA,1995,6,0.0,-999.0,-999.0
112133,CARANIA,1995,7,0.0,-999.0,-999.0
112133,CARANIA,1995,8,0.0,-999.0,-999.0
112133,CARANIA,1995,9,0.0,-999.0,-999.0
112133,CARANIA,1995,10,10.2,-999.0,-999.0
112133,CARANIA,1995,11,0.0,-999.0,-999.0
112133,CARANIA,1995,12,37.9,-999.0,-999.0
112133,CARANIA,1996,1,203.4,-999.0,-999.0
112133,CARANIA,1996,2,210.9,-999.0,-999.0
112133,CARANIA,1996,3,178.3,-999.0,-999.0
112133,CARANIA,1996,4,65.6,-999.0,-999.0
112133,CARANIA,1996,5,0.0,-999.0,-999.0
112133,CARANIA,1996,6,0.0,-999.0,-999.0
112133,CARANIA,1996,7,0.0,-999.0,-999.0
112133,CARANIA,1996,8,0.4,-999.0,-999.0
112133,CARANIA,1996,9,2.1,-999.0,-999.0
112133,CARANIA,1996,10,22.7,-999.0,-999.0
112133,CARANIA,1996,11,11.9,-999.0,-999.0
112133,CARANIA,1996,12,114.3,-999.0,-999.0
112133,CARANIA,1997,1,128.9,-999.0,-999.0
112133,CARANIA,1997,2,156.8,-999.0,-999.0
112133,CARANIA,1997,3,130.5,-999.0,-999.0
112133,CARANIA,1997,4,37.1,-999.0,-999.0
112133,CARANIA,1997,5,3.6,-999.0,-999.0
112133,CARANIA,1997,6,0.0,-999.0,-999.0
112133,CARANIA,1997,7,0.0,-999.0,-999.0
112133,CARANIA,1997,8,7.9,-999.0,-999.0
112133,CARANIA,1997,9,14.1,-999.0,-999.0
112133,CARANIA,1997,10,28.0,-999.0,-999.0
112133,CARANIA,1997,11,58.6,-999.0,-999.0
112133,CARANIA,1997,12,115.5,-999.0,-999.0
112133,CARANIA,1998,1,176.2,-999.0,-999.0
112133,CARANIA,1998,2,126.3,-999.0,-999.0
112133,CARANIA,1998,3,155.5,-999.0,-999.0
112133,CARANIA,1998,4,50.4,-999.0,-999.0
112133,CARANIA,1998,5,0.0,-999.0,-999.0
112133,CARANIA,1998,6,0.0,-999.0,-999.0
112133,CARANIA,1998,7,0.0,-999.0,-999.0
112133,CARANIA,1998,8,0.0,-999.0,-999.0
112133,CARANIA,1998,9,6.6,-999.0,-999.0
112133,CARANIA,1998,10,9.5,-999.0,-999.0
112133,CARANIA,1998,11,13.1,-999.0,-999.0
112133,CARANIA,1998,12,45.0,-999.0,-999.0
112133,CARANIA,1999,1,82.2,-999.0,-999.0
112133,CARANIA,1999,2,232.3,-999.0,-999.0
112133,CARANIA,1999,3,175.0,-999.0,-999.0
112133,CARANIA,1999,4,140.6,-999.0,-999.0
112133,CARANIA,1999,5,60.6,-999.0,-999.0
112133,CARANIA,1999,6,0.0,-999.0,-999.0
112133,CARANIA,1999,7,0.0,-999.0,-999.0
112133,CARANIA,1999,8,0.0,-999.0,-999.0
112133,CARANIA,1999,9,12.9,-999.0,-999.0
112133,CARANIA,1999,10,64.9,-999.0,-999.0
112133,CARANIA,1999,11,45.8,-999.0,-999.0
112133,CARANIA,1999,12,218.7,-999.0,-999.0
112133,CARANIA,2000,1,191.8,-999.0,-999.0
112133,CARANIA,2000,2,158.8,-999.0,-999.0
112133,CARANIA,2000,3,189.1,-999.0,-999.0
112133,CARANIA,2000,4,73.5,-999.0,-999.0
112133,CARANIA,2000,5,17.8,-999.0,-999.0
112133,CARANIA,2000,6,0.0,-999.0,-999.0
112133,CARANIA,2000,7,3.1,-999.0,-999.0
112133,CARANIA,2000,8,0.0,-999.0,-999.0
112133,CARANIA,2000,9,5.7,-999.0,-999.0
112133,CARANIA,2000,10,43.1,-999.0,-999.0
112133,CARANIA,2000,11,36.9,-999.0,-999.0
112133,CARANIA,2000,12,172.3,-999.0,-999.0
112133,CARANIA,2001,1,198.8,-999.0,-999.0
112133,CARANIA,2001,2,120.7,-999.0,-999.0
112133,CARANIA,2001,3,228.2,-999.0,-999.0
112133,CARANIA,2001,4,29.7,-999.0,-999.0
112133,CARANIA,2001,5,7.9,-999.0,-999.0
112133,CARANIA,2001,6,0.0,-999.0,-999.0
112133,CARANIA,2001,7,0.0,-999.0,-999.0
112133,CARANIA,2001,8,0.0,-999.0,-999.0
112133,CARANIA,2001,9,12.6,-999.0,-999.0
112133,CARANIA,2001,10,19.3,-999.0,-999.0
112133,CARANIA,2001,11,45.4,-999.0,-999.0
112133,CARANIA,2001,12,41.9,-999.0,-999.0
112133,CARANIA,2002,1,77.2,-999.0,-999.0
112133,CARANIA,2002,2,147.2,-999.0,-999.0
112133,CARANIA,2002,3,200.8,-999.0,-999.0
112133,CARANIA,2002,4,85.7,-999.0,-999.0
112133,CARANIA,2002,5,7.0,-999.0,-999.0
112133,CARANIA,2002,6,8.2,-999.0,-999.0
112133,CARANIA,2002,7,3.4,-999.0,-999.0
112133,CARANIA,2002,8,0.0,-999.0,-999.0
112133,CARANIA,2002,9,18.0,-999.0,-999.0
112133,CARANIA,2002,10,43.7,-999.0,-999.0
112133,CARANIA,2002,11,58.2,-999.0,-999.0
112133,CARANIA,2002,12,116.8,-999.0,-999.0
112133,CARANIA,2003,1,115.8,-999.0,-999.0
112133,CARANIA,2003,2,146.0,-999.0,-999.0
112133,CARANIA,2003,3,150.5,-999.0,-999.0
112133,CARANIA,2003,4,35.7,-999.0,-999.0
112133,CARANIA,2003,5,0.0,19.9,-999.0
112133,CARANIA,2003,6,0.0,25.23,3.76
112133,CARANIA,2003,7,0.0,25.48,2.6
112133,CARANIA,2003,8,0.0,17.03,2.94
112133,CARANIA,2003,9,0.0,-999.0,3.39
112133,CARANIA,2003,10,26.1,-999.0,4.25
112133,CARANIA,2003,11,12.5,-999.0,4.02
112133,CARANIA,2003,12,129.5,15.44,4.93
112133,CARANIA,2004,1,26.4,15.86,3.81
112133,CARANIA,2004,2,136.7,15.34,5.12
112133,CARANIA,2004,3,98.9,-999.0,5.45
112133,CARANIA,2004,4,56.1,-999.0,4.55
112133,CARANIA,2004,5,0.0,-999.0,3.62
112133,CARANIA,2004,6,0.0,15.96,2.89
112133,CARANIA,2004,7,0.0,-999.0,2.18
112133,CARANIA,2004,8,0.0,-999.0,2.84
112133,CARANIA,2004,9,0.0,-999.0,3.79
112133,CARANIA,2004,10,23.1,-999.0,4.64
112133,CARANIA,2004,11,55.8,-999.0,4.03
112133,CARANIA,2004,12,151.4,15.06,4.98
112133,CARANIA,2005,1,76.7,15.63,4.25
112133,CARANIA,2005,2,57.1,15.7,5.21
112133,CARANIA,2005,3,142.2,-999.0,5.05
112133,CARANIA,2005,4,60.1,16.77,4.4
112133,CARANIA,2005,5,0.0,17.29,2.85
112133,CARANIA,2005,6,0.0,-999.0,2.42
112133,CARANIA,2005,7,0.0,-999.0,1.98
112133,CARANIA,2005,8,0.0,-999.0,1.59
112133,CARANIA,2005,9,30.6,-999.0,2.5
112133,CARANIA,2005,10,10.1,17.54,2.29
112133,CARANIA,2005,11,8.8,17.63,3.22
112133,CARANIA,2005,12,159.2,-999.0,3.31
112133,CARANIA,2006,1,165.3,15.4,3.64
112133,CARANIA,2006,2,143.0,-999.0,3.98
112133,CARANIA,2006,3,198.3,14.92,3.85
112133,CARANIA,2006,4,63.7,-999.0,3.28
112133,CARANIA,2006,5,0.0,-999.0,1.98
112133,CARANIA,2006,6,0.0,-999.0,2.11
112133,CARANIA,2006,7,0.0,16.5,1.37
112133,CARANIA,2006,8,2.3,16.89,2.23
112133,CARANIA,2006,9,14.5,16.63,2.91
112133,CARANIA,2006,10,26.8,-999.0,3.73
112133,CARANIA,2006,11,72.5,16.21,4.41
112133,CARANIA,2006,12,110.8,15.97,4.68
112133,CARANIA,2007,1,95.9,-999.0,5.32
112133,CARANIA,2007,2,100.9,-999.0,4.22
112133,CARANIA,2007,3,169.2,-999.0,4.92
112133,CARANIA,2007,4,53.9,-999.0,4.43
112133,CARANIA,2007,5,17.6,-999.0,3.65
112133,CARANIA,2007,6,2.6,-999.0,2.82
112133,CARANIA,2007,7,0.0,-999.0,1.95
112133,CARANIA,2007,8,0.0,-999.0,2.48
112133,CARANIA,2007,9,2.2,-999.0,3.44
112133,CARANIA,2007,10,13.8,-999.0,2.64
112133,CARANIA,2007,11,28.1,-999.0,3.1
112133,CARANIA,2007,12,80.9,-999.0,2.76
112133,CARANIA,2008,1,212.6,-999.0,3.11
112133,CARANIA,2008,2,197.1,14.11,2.74
112133,CARANIA,2008,3,81.5,-999.0,2.83
112133,CARANIA,2008,4,13.8,15.83,2.64
112133,CARANIA,2008,5,0.0,-999.0,2.19
112133,CARANIA,2008,6,0.0,-999.0,2.08
112133,CARANIA,2008,7,0.0,-999.0,1.76
112133,CARANIA,2008,8,10.1,-999.0,2.28
112133,CARANIA,2008,9,0.0,-999.0,3.07
112133,CARANIA,2008,10,32.2,-999.0,3.95
112133,CARANIA,2008,11,20.4,-999.0,4.17
112133,CARANIA,2008,12,73.0,-999.0,3.04
112133,CARANIA,2009,1,119.9,-999.0,2.69
112133,CARANIA,2009,2,220.1,-999.0,2.99
112133,CARANIA,2009,3,83.8,-999.0,2.92
112133,CARANIA,2009,4,47.1,-999.0,3.05
112133,CARANIA,2009,5,11.8,-999.0,2.2
112133,CARANIA,2009,6,0.0,-999.0,2.25
112133,CARANIA,2009,7,7.2,-999.0,1.87
112133,CARANIA,2009,8,5.2,-999.0,2.06
112133,CARANIA,2009,9,1.3,18.28,2.87
112133,CARANIA,2009,10,54.8,-999.0,4.06
112133,CARANIA,2009,11,82.3,-999.0,4.03
112133,CARANIA,2009,12,116.2,-999.0,4.25
112133,CARANIA,2010,1,140.3,-999.0,4.29
112133,CARANIA,2010,2,109.2,-999.0,4.02
112133,CARANIA,2010,3,122.1,-999.0,4.09
112133,CARANIA,2010,4,51.1,-999.0,2.97
112133,CARANIA,2010,5,7.0,-999.0,2.87
112133,CARANIA,2010,6,0.0,-999.0,2.42
112133,CARANIA,2010,7,0.0,-999.0,2.12
112133,CARANIA,2010,8,0.0,-999.0,2.09
112133,CARANIA,2010,9,0.0,-999.0,3.15
112133,CARANIA,2010,10,0.0,-999.0,4.28
112133,CARANIA,2010,11,10.9,-999.0,3.46
112133,CARANIA,2010,12,182.1,-999.0,3.77
112133,CARANIA,2011,1,202.4,13.75,3.28
112133,CARANIA,2011,2,166.5,-999.0,3.06
112133,CARANIA,2011,3,164.7,-999.0,3.05
112133,CARANIA,2011,4,84.0,15.49,2.97
112133,CARANIA,2011,5,0.0,16.6,2.29
112133,CARANIA,2011,6,0.0,17.2,1.86
112133,CARANIA,2011,7,0.0,16.66,1.34
112133,CARANIA,2011,8,0.0,17.76,2.22
112133,CARANIA,2011,9,0.0,16.74,2.33
112133,CARANIA,2011,10,14.1,16.04,3.0
112133,CARANIA,2011,11,32.3,16.04,3.7
112133,CARANIA,2011,12,110.0,14.43,3.52
112133,CARANIA,2012,1,29.3,15.29,3.19
112133,CARANIA,2012,2,156.6,14.22,3.66
112133,CARANIA,2012,3,166.6,14.37,3.25
112133,CARANIA,2012,4,111.4,14.42,3.11
112133,CARANIA,2012,5,0.0,16.03,2.17
112133,CARANIA,2012,6,0.0,16.29,1.64
112133,CARANIA,2012,7,0.0,17.28,1.74
112133,CARANIA,2012,8,0.0,17.69,1.37
112133,CARANIA,2012,9,18.5,16.93,2.4
112133,CARANIA,2012,10,33.4,16.86,2.95
112133,CARANIA,2012,11,27.4,16.46,2.97
112133,CARANIA,2012,12,102.9,14.7,3.49
112133,CARANIA,2013,1,100.1,15.7,3.16
112133,CARANIA,2013,2,130.0,14.34,3.2
112133,CARANIA,2013,3,129.8,14.95,3.59
112133,CARANIA,2013,4,11.8,17.13,2.74
112133,CARANIA,2013,5,24.5,16.25,2.75
112133,CARANIA,2013,6,0.0,16.87,1.76
112133,CARANIA,2013,7,0.0,17.27,1.81
112133,CARANIA,2013,8,4.5,17.48,2.05
112133,CARANIA,2013,9,0.0,18.1,3.54
112133,CARANIA,2013,10,30.1,17.79,4.66
112133,CARANIA,2013,11,23.9,17.27,4.47
112133,CARANIA,2013,12,75.5,15.53,4.69
112133,CARANIA,2014,1,134.9,15.53,4.33
112133,CARANIA,2014,2,57.3,15.53,4.39
112133,CARANIA,2014,3,120.2,14.9,4.01
112133,CARANIA,2014,4,42.0,16.47,4.08
112133,CARANIA,2014,5,0.0,16.78,2.68
112133,CARANIA,2014,6,0.0,17.65,2.69
112133,CARANIA,2014,7,0.0,16.67,1.91
112133,CARANIA,2014,8,0.0,16.95,1.93
112133,CARANIA,2014,9,18.1,16.54,2.88
112133,CARANIA,2014,10,48.6,16.54,3.42
112133,CARANIA,2014,11,27.9,16.58,2.91
112133,CARANIA,2014,12,76.4,15.81,3.75
112133,CARANIA,2015,1,137.1,15.71,4.34
112133,CARANIA,2015,2,75.6,15.09,3.94
112133,CARANIA,2015,3,125.1,14.84,3.99
112133,CARANIA,2015,4,56.1,15.69,3.87
112133,CARANIA,2015,5,0.0,16.93,3.03
112133,CARANIA,2015,6,0.0,17.69,2.5
112133,CARANIA,2015,7,0.0,18.28,1.69
112133,CARANIA,2015,8,9.6,18.07,2.32
112133,CARANIA,2015,9,0.0,18.28,2.38
112133,CARANIA,2015,10,9.1,17.73,2.73
112133,CARANIA,2015,11,26.5,18.08,2.54
112133,CARANIA,2015,12,99.2,17.1,2.77
112133,CARANIA,2016,1,14.3,17.73,2.68
112133,CARANIA,2016,2,131.9,17.12,3.52
112133,CARANIA,2016,3,135.6,17.21,3.69
112133,CARANIA,2016,4,15.1,17.51,3.01
112133,CARANIA,2016,5,4.7,18.55,2.13
112133,CARANIA,2016,6,5.5,18.26,1.95
112133,CARANIA,2016,7,1.2,18.61,1.46
112133,CARANIA,2016,8,0.0,18.77,1.82
112133,CARANIA,2016,9,0.0,18.8,1.82
112133,CARANIA,2016,10,12.5,18.32,2.41
112133,CARANIA,2016,11,0.0,18.75,2.15
112133,CARANIA,2016,12,46.5,17.18,3.26
112133,CARANIA,2017,1,239.3,14.92,3.49
112133,CARANIA,2017,2,195.9,14.2,3.1
112133,CARANIA,2017,3,229.4,14.54,3.25
112133,CARANIA,2017,4,37.5,16.36,2.79
112133,CARANIA,2017,5,20.8,16.75,2.67
112133,CARANIA,2017,6,0.0,18.08,2.04
112133,CARANIA,2017,7,0.0,18.91,1.45
112133,CARANIA,2017,8,0.0,19.02,1.29
112133,CARANIA,2017,9,9.7,18.4,2.51
112133,CARANIA,2017,10,36.9,18.17,2.17
112133,CARANIA,2017,11,14.7,18.27,2.43
112133,CARANIA,2017,12,30.3,17.25,2.68
112133,CARANIA,2018,1,163.1,15.31,2.82
112133,CARANIA,2018,2,83.4,16.26,3.1
112133,CARANIA,2018,3,207.9,15.26,3.5
112133,CARANIA,2018,4,63.4,16.24,2.54
112133,CARANIA,2018,5,4.3,17.97,1.56
112133,CARANIA,2018,6,0.0,17.38,1.81
112133,CARANIA,2018,7,15.9,17.25,1.73
112133,CARANIA,2018,8,2.6,17.67,1.93
112133,CARANIA,2018,9,0.0,18.08,1.82
112133,CARANIA,2018,10,40.8,16.69,2.95
112133,CARANIA,2018,11,14.8,17.92,2.02
112133,CARANIA,2018,12,19.3,17.52,2.13
112133,CARANIA,2019,1,131.1,15.96,2.94
112133,CARANIA,2019,2,167.6,15.39,2.84
112133,CARANIA,2019,3,136.2,16.3,2.9
112133,CARANIA,2019,4,20.6,17.02,2.16
112133,CARANIA,2019,5,0.0,18.36,1.59
112133,CARANIA,2019,6,1.1,18.85,1.19
112133,CARANIA,2019,7,3.6,18.66,1.06
112133,CARANIA,2019,8,0.0,19.13,1.03
112133,CARANIA,2019,9,6.2,18.3,1.4
112133,CARANIA,2019,10,31.2,17.73,1.65
112133,CARANIA,2019,11,56.6,17.05,1.7
112133,CARANIA,2019,12,136.3,15.56,2.34
112133,CARANIA,2020,1,96.7,16.16,1.97
112133,CARANIA,2020,2,94.7,16.27,2.16
112133,CARANIA,2020,3,-999.0,-999.0,-999.0
112133,CARANIA,2020,4,-999.0,-999.0,-999.0
112133,CARANIA,2020,5,-999.0,-999.0,-999.0
112133,CARANIA,2020,6,-999.0,-999.0,-999.0
112133,CARANIA,2020,7,-999.0,-999.0,-999.0
112133,CARANIA,2020,8,-999.0,-999.0,-999.0
112133,CARANIA,2020,9,-999.0,-999.0,-999.0
112133,CARANIA,2020,10,-999.0,-999.0,-999.0
112133,CARANIA,2020,11,-999.0,-999.0,-999.0
112133,CARANIA,2020,12,-999.0,-999.0,-999.0
112133,CARANIA,2021,1,-999.0,-999.0,-999.0
112133,CARANIA,2021,2,-999.0,-999.0,-999.0
112133,CARANIA,2021,3,-999.0,-999.0,-999.0
112133,CARANIA,2021,4,-999.0,-999.0,-999.0
112133,CARANIA,2021,5,-999.0,-999.0,-999.0
112133,CARANIA,2021,6,-999.0,-999.0,-999.0
112133,CARANIA,2021,7,-999.0,-999.0,-999.0
112133,CARANIA,2021,8,-999.0,-999.0,-999.0
112133,CARANIA,2021,9,8.9,17.76,1.95
112133,CARANIA,2021,10,-999.0,-999.0,-999.0
112133,CARANIA,2021,11,-999.0,-999.0,-999.0
112133,CARANIA,2021,12,-999.0,-999.0,-999.0
112133,CARANIA,2022,1,-999.0,-999.0,-999.0
112133,CARANIA,2022,2,72.6,16.84,2.59
112133,CARANIA,2022,3,88.2,16.61,2.31
112133,CARANIA,2022,4,27.5,17.7,1.85
112133,CARANIA,2022,5,0.0,17.93,1.66
112133,CARANIA,2022,6,3.3,18.99,1.31
112133,CARANIA,2022,7,0.0,19.4,1.12
112133,CARANIA,2022,8,0.0,19.19,1.2
112133,CARANIA,2022,9,0.0,19.3,1.2
112133,CARANIA,2022,10,0.0,18.93,1.28
112133,CARANIA,2022,11,2.3,18.4,1.59
112133,CARANIA,2022,12,63.7,17.36,2.29
112133,CARANIA,2023,1,57.7,17.46,2.35
112133,CARANIA,2023,2,79.2,17.14,2.48
112133,CARANIA,2023,3,84.9,17.22,2.31
112133,CARANIA,2023,4,9.0,18.5,2.0
112133,CARANIA,2023,5,13.1,18.41,1.76
112133,CARANIA,2023,6,0.0,19.49,1.1
112133,CARANIA,2023,7,0.0,19.7,1.05
112133,CARANIA,2023,8,1.0,18.95,1.28
112133,CARANIA,2023,9,14.5,18.07,1.44
112133,CARANIA,2023,10,57.7,17.9,1.69
112133,CARANIA,2023,11,32.1,18.24,1.63
112133,CARANIA,2023,12,68.5,17.69,2.19
112133,CARANIA,2024,1,130.5,17.32,2.42
112133,CARANIA,2024,2,136.1,17.7,2.38
112133,CARANIA,2024,3,87.8,17.83,2.56
112133,CARANIA,2024,4,33.9,18.22,2.13
112133,CARANIA,2024,5,0.0,19.0,1.96
112133,CARANIA,2024,6,0.0,19.5,1.66
112133,CARANIA,2024,7,1.3,19.4,1.74
112133,CARANIA,2024,8,0.0,19.48,1.57
112133,CARANIA,2024,9,2.6,18.52,1.96
112133,CARANIA,2024,10,22.8,18.47,2.27
112133,CARANIA,2024,11,43.0,18.46,2.51
112133,CARANIA,2024,12,49.3,18.17,2.77
112133,CARANIA,2025,1,64.2,18.75,2.83
112133,CARANIA,2025,2,69.0,18.6,2.99
112133,CARANIA,2025,3,62.7,18.78,3.49
112133,CARANIA,2025,4,31.3,19.35,2.99
112133,CARANIA,2025,5,14.5,18.66,2.9
112133,CARANIA,2025,6,1.8,19.24,2.81
112133,CARANIA,2025,7,3.7,19.57,2.52
112133,CARANIA,2025,8,0.0,19.59,2.26
112133,CARANIA,2025,9,5.6,19.18,2.7
112133,CARANIA,2025,10,21.3,19.15,2.8
112133,CARANIA,2025,11,8.3,19.48,2.25
112133,CARANIA,2025,12,12.5,19.25,2.19
