CODIGO,ESTACION,YEAR,MONTH,PP,TMAX,TMIN
113087,TAMBO,1990,1,26.6,-999.0,-999.0
113087,TAMBO,1990,2,0.0,-999.0,-999.0
113087,TAMBO,1990,3,-999.0,-999.0,-999.0
113087,TAMBO,1990,4,16.4,-999.0,-999.0
113087,TAMBO,1990,5,4.9,-999.0,-999.0
113087,TAMBO,1990,6,0.0,-999.0,-999.0
113087,TAMBO,1990,7,0.0,-999.0,-999.0
113087,TAMBO,1990,8,2.2,-999.0,-999.0
113087,TAMBO,1990,9,0.0,-999.0,-999.0
113087,TAMBO,1990,10,0.0,-999.0,-999.0
113087,TAMBO,1990,11,-999.0,-999.0,-999.0
113087,TAMBO,1990,12,187.9,-999.0,-999.0
113087,TAMBO,1991,1,145.3,-999.0,-999.0
113087,TAMBO,1991,2,81.7,-999.0,-999.0
113087,TAMBO,1991,3,-999.0,-999.0,-999.0
113087,TAMBO,1991,4,14.4,-999.0,-999.0
113087,TAMBO,1991,5,0.0,-999.0,-999.0
113087,TAMBO,1991,6,0.0,-999.0,-999.0
113087,TAMBO,1991,7,0.0,-999.0,-999.0
113087,TAMBO,1991,8,0.0,-999.0,-999.0
113087,TAMBO,1991,9,0.0,-999.0,-999.0
113087,TAMBO,1991,10,51.4,-999.0,-999.0
113087,TAMBO,1991,11,53.7,-999.0,-999.0
113087,TAMBO,1991,12,5.4,-999.0,-999.0
113087,TAMBO,1992,1,0.0,-999.0,-999.0
113087,TAMBO,1992,2,3.2,-999.0,-999.0
113087,TAMBO,1992,3,-999.0,-999.0,-999.0
113087,TAMBO,1992,4,17.3,-999.0,-999.0
113087,TAMBO,1992,5,0.0,-999.0,-999.0
113087,TAMBO,1992,6,0.0,-999.0,-999.0
113087,TAMBO,1992,7,0.0,-999.0,-999.0
113087,TAMBO,1992,8,0.0,-999.0,-999.0
113087,TAMBO,1992,9,0.5,-999.0,-999.0
113087,TAMBO,1992,10,-999.0,-999.0,-999.0
113087,TAMBO,1992,11,-999.0,-999.0,-999.0
113087,TAMBO,1992,12,-999.0,-999.0,-999.0
113087,TAMBO,1993,1,-999.0,-999.0,-999.0
113087,TAMBO,1993,2,-999.0,-999.0,-999.0
113087,TAMBO,1993,3,333.9,-999.0,-999.0
113087,TAMBO,1993,4,-999.0,-999.0,-999.0
113087,TAMBO,1993,5,0.0,-999.0,-999.0
113087,TAMBO,1993,6,0.0,-999.0,-999.0
113087,TAMBO,1993,7,0.0,-999.0,-999.0
113087,TAMBO,1993,8,0.0,-999.0,-999.0
113087,TAMBO,1993,9,1.0,-999.0,-999.0
113087,TAMBO,1993,10,7.7,-999.0,-999.0
113087,TAMBO,1993,11,-999.0,-999.0,-999.0
113087,TAMBO,1993,12,47.0,-999.0,-999.0
113087,TAMBO,1994,1,68.2,-999.0,-999.0
113087,TAMBO,1994,2,52.0,-999.0,-999.0
113087,TAMBO,1994,3,150.1,-999.0,-999.0
113087,TAMBO,1994,4,-999.0,-999.0,-999.0
113087,TAMBO,1994,5,0.0,-999.0,-999.0
113087,TAMBO,1994,6,0.0,-999.0,-999.0
113087,TAMBO,1994,7,0.0,-999.0,-999.0
113087,TAMBO,1994,8,0.0,-999.0,-999.0
113087,TAMBO,1994,9,0.0,-999.0,-999.0
113087,TAMBO,1994,10,0.3,-999.0,-999.0
113087,TAMBO,1994,11,15.5,-999.0,-999.0
113087,TAMBO,1994,12,-999.0,-999.0,-999.0
113087,TAMBO,1995,1,109.6,-999.0,-999.0
113087,TAMBO,1995,2,63.5,-999.0,-999.0
113087,TAMBO,1995,3,273.0,-999.0,-999.0
113087,TAMBO,1995,4,20.3,-999.0,-999.0
113087,TAMBO,1995,5,0.0,-999.0,-999.0
113087,TAMBO,1995,6,0.0,-999.0,-999.0
113087,TAMBO,1995,7,0.0,-999.0,-999.0
113087,TAMBO,1995,8,0.0,-999.0,-999.0
113087,TAMBO,1995,9,3.0,-999.0,-999.0
113087,TAMBO,1995,10,10.7,-999.0,-999.0
113087,TAMBO,1995,11,40.6,-999.0,-999.0
113087,TAMBO,1995,12,28.8,-999.0,-999.0
113087,TAMBO,1996,1,103.0,-999.0,-999.0
113087,TAMBO,1996,2,236.8,-999.0,-999.0
113087,TAMBO,1996,3,116.5,-999.0,-999.0
113087,TAMBO,1996,4,55.6,-999.0,-999.0
113087,TAMBO,1996,5,0.0,-999.0,-999.0
113087,TAMBO,1996,6,0.0,-999.0,-999.0
113087,TAMBO,1996,7,0.0,-999.0,-999.0
113087,TAMBO,1996,8,0.0,-999.0,-999.0
113087,TAMBO,1996,9,0.2,-999.0,-999.0
113087,TAMBO,1996,10,0.0,-999.0,-999.0
113087,TAMBO,1996,11,0.3,-999.0,-999.0
113087,TAMBO,1996,12,-999.0,-999.0,-999.0
113087,TAMBO,1997,1,30.4,-999.0,-999.0
113087,TAMBO,1997,2,87.0,-999.0,-999.0
113087,TAMBO,1997,3,7.8,-999.0,-999.0
113087,TAMBO,1997,4,0.0,-999.0,-999.0
113087,TAMBO,1997,5,0.6,-999.0,-999.0
113087,TAMBO,1997,6,0.0,-999.0,-999.0
113087,TAMBO,1997,7,0.0,-999.0,-999.0
113087,TAMBO,1997,8,3.5,-999.0,-999.0
113087,TAMBO,1997,9,31.8,-999.0,-999.0
113087,TAMBO,1997,10,0.2,-999.0,-999.0
113087,TAMBO,1997,11,1.2,-999.0,-999.0
113087,TAMBO,1997,12,108.1,-999.0,-999.0
113087,TAMBO,1998,1,330.3,-999.0,-999.0
113087,TAMBO,1998,2,56.1,-999.0,-999.0
113087,TAMBO,1998,3,97.6,-999.0,-999.0
113087,TAMBO,1998,4,0.0,-999.0,-999.0
113087,TAMBO,1998,5,0.0,-999.0,-999.0
113087,TAMBO,1998,6,0.0,-999.0,-999.0
113087,TAMBO,1998,7,0.0,-999.0,-999.0
113087,TAMBO,1998,8,0.0,-999.0,-999.0
113087,TAMBO,1998,9,0.0,-999.0,-999.0
113087,TAMBO,1998,10,0.0,-999.0,-999.0
113087,TAMBO,1998,11,16.7,-999.0,-999.0
113087,TAMBO,1998,12,69.7,-999.0,-999.0
113087,TAMBO,1999,1,91.6,-999.0,-999.0
113087,TAMBO,1999,2,418.1,-999.0,-999.0
113087,TAMBO,1999,3,108.2,-999.0,-999.0
113087,TAMBO,1999,4,123.3,-999.0,-999.0
113087,TAMBO,1999,5,14.0,-999.0,-999.0
113087,TAMBO,1999,6,0.0,-999.0,-999.0
113087,TAMBO,1999,7,0.0,-999.0,-999.0
113087,TAMBO,1999,8,0.0,-999.0,-999.0
113087,TAMBO,1999,9,0.2,-999.0,-999.0
113087,TAMBO,1999,10,28.6,-999.0,-999.0
113087,TAMBO,1999,11,0.0,-999.0,-999.0
113087,TAMBO,1999,12,33.3,-999.0,-999.0
113087,TAMBO,2000,1,130.5,-999.0,-999.0
113087,TAMBO,2000,2,139.6,-999.0,-999.0
113087,TAMBO,2000,3,168.3,-999.0,-999.0
113087,TAMBO,2000,4,49.1,-999.0,-999.0
113087,TAMBO,2000,5,4.5,-999.0,-999.0
113087,TAMBO,2000,6,0.0,-999.0,-999.0
113087,TAMBO,2000,7,0.0,-999.0,-999.0
113087,TAMBO,2000,8,0.0,-999.0,-999.0
113087,TAMBO,2000,9,0.0,-999.0,-999.0
113087,TAMBO,2000,10,19.0,-999.0,-999.0
113087,TAMBO,2000,11,6.0,-999.0,-999.0
113087,TAMBO,2000,12,156.5,-999.0,-999.0
113087,TAMBO,2001,1,77.0,-999.0,-999.0
113087,TAMBO,2001,2,87.0,-999.0,-999.0
113087,TAMBO,2001,3,245.0,-999.0,-999.0
113087,TAMBO,2001,4,66.0,-999.0,-999.0
113087,TAMBO,2001,5,0.0,-999.0,-999.0
113087,TAMBO,2001,6,0.0,-999.0,-999.0
113087,TAMBO,2001,7,0.0,-999.0,-999.0
113087,TAMBO,2001,8,0.0,-999.0,-999.0
113087,TAMBO,2001,9,0.0,-999.0,-999.0
113087,TAMBO,2001,10,0.0,-999.0,-999.0
113087,TAMBO,2001,11,55.0,-999.0,-999.0
113087,TAMBO,2001,12,3.0,-999.0,-999.0
113087,TAMBO,2002,1,111.2,-999.0,-999.0
113087,TAMBO,2002,2,106.0,-999.0,-999.0
113087,TAMBO,2002,3,200.5,-999.0,-999.0
113087,TAMBO,2002,4,106.5,-999.0,-999.0
113087,TAMBO,2002,5,0.0,-999.0,-999.0
113087,TAMBO,2002,6,0.0,-999.0,-999.0
113087,TAMBO,2002,7,0.0,-999.0,-999.0
113087,TAMBO,2002,8,0.0,-999.0,-999.0
113087,TAMBO,2002,9,0.0,-999.0,-999.0
113087,TAMBO,2002,10,13.0,-999.0,-999.0
113087,TAMBO,2002,11,-999.0,-999.0,-999.0
113087,TAMBO,2002,12,6.3,-999.0,-999.0
113087,TAMBO,2003,1,56.8,-999.0,-999.0
113087,TAMBO,2003,2,109.5,-999.0,-999.0
113087,TAMBO,2003,3,80.0,-999.0,-999.0
113087,TAMBO,2003,4,0.0,-999.0,-999.0
113087,TAMBO,2003,5,0.0,-999.0,-999.0
113087,TAMBO,2003,6,0.0,-999.0,-999.0
113087,TAMBO,2003,7,0.0,-999.0,-999.0
113087,TAMBO,2003,8,0.0,-999.0,-999.0
113087,TAMBO,2003,9,0.0,-999.0,-999.0
113087,TAMBO,2003,10,0.0,-999.0,-999.0
113087,TAMBO,2003,11,0.0,-999.0,-999.0
113087,TAMBO,2003,12,50.9,-999.0,-999.0
113087,TAMBO,2004,1,21.0,-999.0,-999.0
113087,TAMBO,2004,2,49.0,-999.0,-999.0
113087,TAMBO,2004,3,100.0,-999.0,-999.0
113087,TAMBO,2004,4,11.0,-999.0,-999.0
113087,TAMBO,2004,5,0.0,-999.0,-999.0
113087,TAMBO,2004,6,0.0,-999.0,-999.0
113087,TAMBO,2004,7,0.0,-999.0,-999.0
113087,TAMBO,2004,8,0.0,-999.0,-999.0
113087,TAMBO,2004,9,0.0,-999.0,-999.0
113087,TAMBO,2004,10,0.0,-999.0,-999.0
113087,TAMBO,2004,11,9.0,-999.0,-999.0
113087,TAMBO,2004,12,62.0,-999.0,-999.0
113087,TAMBO,2005,1,44.0,-999.0,-999.0
113087,TAMBO,2005,2,51.0,-999.0,-999.0
113087,TAMBO,2005,3,72.0,-999.0,-999.0
113087,TAMBO,2005,4,5.0,-999.0,-999.0
113087,TAMBO,2005,5,0.0,-999.0,-999.0
113087,TAMBO,2005,6,0.0,-999.0,-999.0
113087,TAMBO,2005,7,0.0,-999.0,-999.0
113087,TAMBO,2005,8,0.0,-999.0,-999.0
113087,TAMBO,2005,9,0.0,-999.0,-999.0
113087,TAMBO,2005,10,0.0,-999.0,-999.0
113087,TAMBO,2005,11,0.0,-999.0,-999.0
113087,TAMBO,2005,12,66.0,-999.0,-999.0
113087,TAMBO,2006,1,58.0,-999.0,-999.0
113087,TAMBO,2006,2,157.0,-999.0,-999.0
113087,TAMBO,2006,3,155.0,-999.0,-999.0
113087,TAMBO,2006,4,7.0,-999.0,-999.0
113087,TAMBO,2006,5,0.0,-999.0,-999.0
113087,TAMBO,2006,6,0.0,-999.0,-999.0
113087,TAMBO,2006,7,0.0,-999.0,-999.0
113087,TAMBO,2006,8,0.0,-999.0,-999.0
113087,TAMBO,2006,9,0.0,-999.0,-999.0
113087,TAMBO,2006,10,5.0,-999.0,-999.0
113087,TAMBO,2006,11,15.0,-999.0,-999.0
113087,TAMBO,2006,12,27.0,-999.0,-999.0
113087,TAMBO,2007,1,26.0,-999.0,-999.0
113087,TAMBO,2007,2,14.5,-999.0,-999.0
113087,TAMBO,2007,3,-999.0,-999.0,-999.0
113087,TAMBO,2007,4,25.2,-999.0,-999.0
113087,TAMBO,2007,5,0.0,-999.0,-999.0
113087,TAMBO,2007,6,0.0,-999.0,-999.0
113087,TAMBO,2007,7,0.0,-999.0,-999.0
113087,TAMBO,2007,8,0.0,-999.0,-999.0
113087,TAMBO,2007,9,0.0,-999.0,-999.0
113087,TAMBO,2007,10,0.0,-999.0,-999.0
113087,TAMBO,2007,11,0.0,-999.0,-999.0
113087,TAMBO,2007,12,16.0,-999.0,-999.0
113087,TAMBO,2008,1,125.0,-999.0,-999.0
113087,TAMBO,2008,2,173.0,-999.0,-999.0
113087,TAMBO,2008,3,123.0,-999.0,-999.0
113087,TAMBO,2008,4,4.0,-999.0,-999.0
113087,TAMBO,2008,5,0.0,-999.0,-999.0
113087,TAMBO,2008,6,0.0,-999.0,-999.0
113087,TAMBO,2008,7,0.0,-999.0,-999.0
113087,TAMBO,2008,8,0.0,-999.0,-999.0
113087,TAMBO,2008,9,0.0,-999.0,-999.0
113087,TAMBO,2008,10,0.0,-999.0,-999.0
113087,TAMBO,2008,11,0.0,-999.0,-999.0
113087,TAMBO,2008,12,11.0,-999.0,-999.0
113087,TAMBO,2009,1,111.0,-999.0,-999.0
113087,TAMBO,2009,2,219.0,-999.0,-999.0
113087,TAMBO,2009,3,116.0,-999.0,-999.0
113087,TAMBO,2009,4,39.0,-999.0,-999.0
113087,TAMBO,2009,5,0.0,-999.0,-999.0
113087,TAMBO,2009,6,0.0,-999.0,-999.0
113087,TAMBO,2009,7,0.0,-999.0,-999.0
113087,TAMBO,2009,8,0.0,-999.0,-999.0
113087,TAMBO,2009,9,0.0,-999.0,-999.0
113087,TAMBO,2009,10,10.0,-999.0,-999.0
113087,TAMBO,2009,11,23.0,-999.0,-999.0
113087,TAMBO,2009,12,18.0,-999.0,-999.0
113087,TAMBO,2010,1,28.0,-999.0,-999.0
113087,TAMBO,2010,2,88.0,-999.0,-999.0
113087,TAMBO,2010,3,55.0,-999.0,-999.0
113087,TAMBO,2010,4,19.0,-999.0,-999.0
113087,TAMBO,2010,5,0.0,-999.0,-999.0
113087,TAMBO,2010,6,0.0,-999.0,-999.0
113087,TAMBO,2010,7,0.0,-999.0,-999.0
113087,TAMBO,2010,8,0.0,-999.0,-999.0
113087,TAMBO,2010,9,0.0,-999.0,-999.0
113087,TAMBO,2010,10,0.0,-999.0,-999.0
113087,TAMBO,2010,11,0.0,-999.0,-999.0
113087,TAMBO,2010,12,46.0,-999.0,-999.0
113087,TAMBO,2011,1,92.0,-999.0,-999.0
113087,TAMBO,2011,2,-999.0,-999.0,-999.0
113087,TAMBO,2011,3,58.0,-999.0,-999.0
113087,TAMBO,2011,4,36.0,-999.0,-999.0
113087,TAMBO,2011,5,0.0,-999.0,-999.0
113087,TAMBO,2011,6,0.0,-999.0,-999.0
113087,TAMBO,2011,7,0.0,-999.0,-999.0
113087,TAMBO,2011,8,0.0,-999.0,-999.0
113087,TAMBO,2011,9,0.0,-999.0,-999.0
113087,TAMBO,2011,10,0.0,-999.0,-999.0
113087,TAMBO,2011,11,7.2,-999.0,-999.0
113087,TAMBO,2011,12,42.0,-999.0,-999.0
113087,TAMBO,2012,1,27.0,-999.0,-999.0
113087,TAMBO,2012,2,150.0,-999.0,-999.0
113087,TAMBO,2012,3,86.0,-999.0,-999.0
113087,TAMBO,2012,4,48.0,-999.0,-999.0
113087,TAMBO,2012,5,0.0,-999.0,-999.0
113087,TAMBO,2012,6,0.0,-999.0,-999.0
113087,TAMBO,2012,7,0.0,-999.0,-999.0
113087,TAMBO,2012,8,0.0,-999.0,-999.0
113087,TAMBO,2012,9,0.0,-999.0,-999.0
113087,TAMBO,2012,10,16.0,-999.0,-999.0
113087,TAMBO,2012,11,0.0,-999.0,-999.0
113087,TAMBO,2012,12,24.0,-999.0,-999.0
113087,TAMBO,2013,1,34.7,-999.0,-999.0
113087,TAMBO,2013,2,101.6,-999.0,-999.0
113087,TAMBO,2013,3,67.9,-999.0,-999.0
113087,TAMBO,2013,4,0.0,-999.0,-999.0
113087,TAMBO,2013,5,0.0,-999.0,-999.0
113087,TAMBO,2013,6,0.0,-999.0,-999.0
113087,TAMBO,2013,7,0.0,-999.0,-999.0
113087,TAMBO,2013,8,0.0,-999.0,-999.0
113087,TAMBO,2013,9,0.0,-999.0,-999.0
113087,TAMBO,2013,10,7.5,-999.0,-999.0
113087,TAMBO,2013,11,4.0,-999.0,-999.0
113087,TAMBO,2013,12,20.0,-999.0,-999.0
113087,TAMBO,2014,1,86.0,-999.0,-999.0
113087,TAMBO,2014,2,36.0,-999.0,-999.0
113087,TAMBO,2014,3,168.0,-999.0,-999.0
113087,TAMBO,2014,4,25.0,-999.0,-999.0
113087,TAMBO,2014,5,0.0,-999.0,-999.0
113087,TAMBO,2014,6,0.0,-999.0,-999.0
113087,TAMBO,2014,7,0.0,-999.0,-999.0
113087,TAMBO,2014,8,0.0,-999.0,-999.0
113087,TAMBO,2014,9,0.0,-999.0,-999.0
113087,TAMBO,2014,10,2.5,-999.0,-999.0
113087,TAMBO,2014,11,12.0,-999.0,-999.0
113087,TAMBO,2014,12,58.0,-999.0,-999.0
113087,TAMBO,2015,1,140.0,-999.0,-999.0
113087,TAMBO,2015,2,78.7,-999.0,-999.0
113087,TAMBO,2015,3,144.0,-999.0,-999.0
113087,TAMBO,2015,4,22.0,-999.0,-999.0
113087,TAMBO,2015,5,0.0,-999.0,-999.0
113087,TAMBO,2015,6,0.0,-999.0,-999.0
113087,TAMBO,2015,7,0.0,-999.0,-999.0
113087,TAMBO,2015,8,0.0,-999.0,-999.0
113087,TAMBO,2015,9,0.0,-999.0,-999.0
113087,TAMBO,2015,10,1.0,-999.0,-999.0
113087,TAMBO,2015,11,3.0,-999.0,-999.0
113087,TAMBO,2015,12,20.0,-999.0,-999.0
113087,TAMBO,2016,1,13.0,-999.0,-999.0
113087,TAMBO,2016,2,76.0,-999.0,-999.0
113087,TAMBO,2016,3,66.0,-999.0,-999.0
113087,TAMBO,2016,4,57.0,-999.0,-999.0
113087,TAMBO,2016,5,0.0,-999.0,-999.0
113087,TAMBO,2016,6,0.0,-999.0,-999.0
113087,TAMBO,2016,7,0.0,-999.0,-999.0
113087,TAMBO,2016,8,0.0,-999.0,-999.0
113087,TAMBO,2016,9,0.0,-999.0,-999.0
113087,TAMBO,2016,10,0.0,-999.0,-999.0
113087,TAMBO,2016,11,0.0,-999.0,-999.0
113087,TAMBO,2016,12,26.0,-999.0,-999.0
113087,TAMBO,2017,1,355.0,-999.0,-999.0
113087,TAMBO,2017,2,138.0,-999.0,-999.0
113087,TAMBO,2017,3,168.0,-999.0,-999.0
113087,TAMBO,2017,4,6.0,-999.0,-999.0
113087,TAMBO,2017,5,4.0,-999.0,-999.0
113087,TAMBO,2017,6,0.0,-999.0,-999.0
113087,TAMBO,2017,7,0.0,-999.0,-999.0
113087,TAMBO,2017,8,0.0,-999.0,-999.0
113087,TAMBO,2017,9,0.0,-999.0,-999.0
113087,TAMBO,2017,10,18.0,-999.0,-999.0
113087,TAMBO,2017,11,0.0,-999.0,-999.0
113087,TAMBO,2017,12,21.0,-999.0,-999.0
113087,TAMBO,2018,1,116.0,-999.0,-999.0
113087,TAMBO,2018,2,33.0,-999.0,-999.0
113087,TAMBO,2018,3,169.0,-999.0,-999.0
113087,TAMBO,2018,4,52.0,-999.0,-999.0
113087,TAMBO,2018,5,8.0,-999.0,-999.0
113087,TAMBO,2018,6,9.0,-999.0,-999.0
113087,TAMBO,2018,7,0.0,-999.0,-999.0
113087,TAMBO,2018,8,0.0,-999.0,-999.0
113087,TAMBO,2018,9,0.0,-999.0,-999.0
113087,TAMBO,2018,10,0.0,-999.0,-999.0
113087,TAMBO,2018,11,8.0,-999.0,-999.0
113087,TAMBO,2018,12,8.0,-999.0,-999.0
113087,TAMBO,2019,1,92.0,-999.0,-999.0
113087,TAMBO,2019,2,179.0,-999.0,-999.0
113087,TAMBO,2019,3,123.0,-999.0,-999.0
113087,TAMBO,2019,4,7.0,-999.0,-999.0
113087,TAMBO,2019,5,15.0,-999.0,-999.0
113087,TAMBO,2019,6,0.0,-999.0,-999.0
113087,TAMBO,2019,7,0.0,-999.0,-999.0
113087,TAMBO,2019,8,0.0,-999.0,-999.0
113087,TAMBO,2019,9,5.0,-999.0,-999.0
113087,TAMBO,2019,10,0.0,-999.0,-999.0
113087,TAMBO,2019,11,7.0,-999.0,-999.0
113087,TAMBO,2019,12,59.0,-999.0,-999.0
113087,TAMBO,2020,1,141.0,-999.0,-999.0
113087,TAMBO,2020,2,100.0,-999.0,-999.0
113087,TAMBO,2020,3,-999.0,-999.0,-999.0
113087,TAMBO,2020,4,-999.0,-999.0,-999.0
113087,TAMBO,2020,5,-999.0,-999.0,-999.0
113087,TAMBO,2020,6,-999.0,-999.0,-999.0
113087,TAMBO,2020,7,-999.0,-999.0,-999.0
113087,TAMBO,2020,8,0.0,18.31,6.4
113087,TAMBO,2020,9,0.0,18.41,-999.0
113087,TAMBO,2020,10,30.0,17.92,-999.0
113087,TAMBO,2020,11,13.0,18.49,-999.0
113087,TAMBO,2020,12,176.5,17.03,-999.0
113087,TAMBO,2021,1,124.0,16.92,5.56
113087,TAMBO,2021,2,-999.0,-999.0,-999.0
113087,TAMBO,2021,3,204.5,16.02,5.33
113087,TAMBO,2021,4,56.0,17.26,6.14
113087,TAMBO,2021,5,6.0,17.87,5.85
113087,TAMBO,2021,6,0.0,17.58,5.02
113087,TAMBO,2021,7,0.0,18.29,6.01
113087,TAMBO,2021,8,0.0,17.83,5.66
113087,TAMBO,2021,9,15.0,17.74,-999.0
113087,TAMBO,2021,10,14.0,17.99,7.02
113087,TAMBO,2021,11,8.0,17.65,5.81
113087,TAMBO,2021,12,41.0,17.24,5.54
113087,TAMBO,2022,1,74.0,17.06,5.31
113087,TAMBO,2022,2,148.7,17.14,5.01
113087,TAMBO,2022,3,243.5,16.87,5.55
113087,TAMBO,2022,4,42.2,17.8,6.13
113087,TAMBO,2022,5,0.0,18.44,6.1
113087,TAMBO,2022,6,0.0,17.64,4.02
113087,TAMBO,2022,7,0.0,18.1,5.88
113087,TAMBO,2022,8,0.0,18.2,5.84
113087,TAMBO,2022,9,0.0,18.36,6.55
113087,TAMBO,2022,10,2.0,17.75,5.93
113087,TAMBO,2022,11,6.0,17.71,5.78
113087,TAMBO,2022,12,83.0,16.75,5.27
113087,TAMBO,2023,1,153.2,16.85,5.24
113087,TAMBO,2023,2,237.0,16.3,5.07
113087,TAMBO,2023,3,299.8,15.77,5.03
113087,TAMBO,2023,4,23.5,16.88,5.86
113087,TAMBO,2023,5,0.0,17.51,4.68
113087,TAMBO,2023,6,0.0,18.16,4.73
113087,TAMBO,2023,7,0.0,17.93,4.82
113087,TAMBO,2023,8,-999.0,-999.0,-999.0
113087,TAMBO,2023,9,-999.0,-999.0,-999.0
113087,TAMBO,2023,10,-999.0,-999.0,-999.0
113087,TAMBO,2023,11,-999.0,-999.0,-999.0
113087,TAMBO,2023,12,-999.0,-999.0,-999.0
113087,TAMBO,2024,1,194.0,15.79,4.92
113087,TAMBO,2024,2,140.5,16.93,5.52
113087,TAMBO,2024,3,90.5,16.93,5.17
113087,TAMBO,2024,4,36.8,17.26,5.16
113087,TAMBO,2024,5,5.0,18.26,6.83
113087,TAMBO,2024,6,0.0,17.22,4.35
113087,TAMBO,2024,7,0.0,18.36,4.69
113087,TAMBO,2024,8,0.0,18.47,5.39
113087,TAMBO,2024,9,0.0,19.04,6.03
113087,TAMBO,2024,10,5.0,18.46,6.27
113087,TAMBO,2024,11,10.1,18.41,6.07
113087,TAMBO,2024,12,-999.0,-999.0,-999.0
113087,TAMBO,2025,1,-999.0,-999.0,-999.0
113087,TAMBO,2025,2,340.0,16.38,4.78
113087,TAMBO,2025,3,-999.0,-999.0,-999.0
113087,TAMBO,2025,4,-999.0,-999.0,-999.0
113087,TAMBO,2025,5,-999.0,-999.0,-999.0
113087,TAMBO,2025,6,-999.0,-999.0,-999.0
113087,TAMBO,2025,7,0.0,18.42,4.9
113087,TAMBO,2025,8,-999.0,-999.0,-999.0
113087,TAMBO,2025,9,-999.0,-999.0,-999.0
113087,TAMBO,2025,10,-999.0,-999.0,-999.0
113087,TAMBO,2025,11,-999.0,-999.0,-999.0
113087,TAMBO,2025,12,-999.0,-999.0,-999.0
