CODIGO,ESTACION,YEAR,MONTH,PP,TMAX,TMIN
113041,CCATCCA,1990,1,115.7,14.41,-999.0
113041,CCATCCA,1990,2,68.7,15.31,-999.0
113041,CCATCCA,1990,3,55.2,15.02,-999.0
113041,CCATCCA,1990,4,24.2,15.32,-999.0
113041,CCATCCA,1990,5,1.3,15.45,-999.0
113041,CCATCCA,1990,6,37.9,12.9,-999.0
113041,CCATCCA,1990,7,0.0,14.38,-999.0
113041,CCATCCA,1990,8,8.0,15.12,-999.0
113041,CCATCCA,1990,9,1.3,16.07,-999.0
113041,CCATCCA,1990,10,36.9,15.02,-999.0
113041,CCATCCA,1990,11,-999.0,-999.0,-999.0
113041,CCATCCA,1990,12,117.5,14.55,-999.0
113041,CCATCCA,1991,1,70.7,15.62,-999.0
113041,CCATCCA,1991,2,146.1,14.45,-999.0
113041,CCATCCA,1991,3,54.4,14.03,-999.0
113041,CCATCCA,1991,4,31.0,14.66,-999.0
113041,CCATCCA,1991,5,3.9,15.76,-999.0
113041,CCATCCA,1991,6,23.4,15.02,-999.0
113041,CCATCCA,1991,7,0.0,15.06,-999.0
113041,CCATCCA,1991,8,0.0,15.32,-999.0
113041,CCATCCA,1991,9,16.3,15.1,-999.0
113041,CCATCCA,1991,10,26.3,15.7,-999.0
113041,CCATCCA,1991,11,69.9,15.37,-999.0
113041,CCATCCA,1991,12,109.9,16.01,-999.0
113041,CCATCCA,1992,1,144.2,15.01,-999.0
113041,CCATCCA,1992,2,92.7,14.78,-999.0
113041,CCATCCA,1992,3,49.1,15.56,-999.0
113041,CCATCCA,1992,4,14.9,16.18,-999.0
113041,CCATCCA,1992,5,3.7,16.85,-999.0
113041,CCATCCA,1992,6,33.6,13.91,-999.0
113041,CCATCCA,1992,7,0.0,13.8,-999.0
113041,CCATCCA,1992,8,25.9,13.87,-999.0
113041,CCATCCA,1992,9,0.0,15.41,-999.0
113041,CCATCCA,1992,10,43.0,15.47,-999.0
113041,CCATCCA,1992,11,87.9,16.02,-999.0
113041,CCATCCA,1992,12,43.3,15.72,-999.0
113041,CCATCCA,1993,1,158.2,14.29,-999.0
113041,CCATCCA,1993,2,102.8,14.21,-999.0
113041,CCATCCA,1993,3,77.8,13.59,-999.0
113041,CCATCCA,1993,4,16.4,14.79,-999.0
113041,CCATCCA,1993,5,2.3,16.21,-999.0
113041,CCATCCA,1993,6,2.1,15.82,-999.0
113041,CCATCCA,1993,7,0.0,15.55,-999.0
113041,CCATCCA,1993,8,49.1,14.88,-999.0
113041,CCATCCA,1993,9,11.2,14.75,-999.0
113041,CCATCCA,1993,10,31.2,15.59,-999.0
113041,CCATCCA,1993,11,57.9,15.54,-999.0
113041,CCATCCA,1993,12,177.2,15.07,-999.0
113041,CCATCCA,1994,1,104.9,14.27,-999.0
113041,CCATCCA,1994,2,143.7,13.98,-999.0
113041,CCATCCA,1994,3,110.7,13.71,-999.0
113041,CCATCCA,1994,4,41.6,13.81,-999.0
113041,CCATCCA,1994,5,8.2,15.37,-999.0
113041,CCATCCA,1994,6,0.0,14.65,-999.0
113041,CCATCCA,1994,7,0.0,15.4,-999.0
113041,CCATCCA,1994,8,2.5,16.02,-999.0
113041,CCATCCA,1994,9,29.0,14.92,-999.0
113041,CCATCCA,1994,10,47.4,15.84,-999.0
113041,CCATCCA,1994,11,35.6,15.52,-999.0
113041,CCATCCA,1994,12,161.7,15.53,-999.0
113041,CCATCCA,1995,1,100.7,15.55,-999.0
113041,CCATCCA,1995,2,66.5,15.14,-999.0
113041,CCATCCA,1995,3,156.6,14.56,-999.0
113041,CCATCCA,1995,4,31.9,16.07,-999.0
113041,CCATCCA,1995,5,9.6,16.19,-999.0
113041,CCATCCA,1995,6,0.0,15.3,-999.0
113041,CCATCCA,1995,7,0.0,16.1,-999.0
113041,CCATCCA,1995,8,0.0,17.0,-999.0
113041,CCATCCA,1995,9,9.9,15.54,-999.0
113041,CCATCCA,1995,10,10.1,16.95,-999.0
113041,CCATCCA,1995,11,75.6,16.42,-999.0
113041,CCATCCA,1995,12,77.0,15.57,-999.0
113041,CCATCCA,1996,1,118.9,14.37,-999.0
113041,CCATCCA,1996,2,125.6,13.86,-999.0
113041,CCATCCA,1996,3,64.8,14.8,-999.0
113041,CCATCCA,1996,4,25.8,14.6,-999.0
113041,CCATCCA,1996,5,1.2,15.39,-999.0
113041,CCATCCA,1996,6,0.0,15.55,-999.0
113041,CCATCCA,1996,7,0.0,14.69,-999.0
113041,CCATCCA,1996,8,22.4,14.37,-999.0
113041,CCATCCA,1996,9,16.5,15.19,-999.0
113041,CCATCCA,1996,10,29.6,16.06,-999.0
113041,CCATCCA,1996,11,40.4,15.93,-999.0
113041,CCATCCA,1996,12,112.1,15.22,-999.0
113041,CCATCCA,1997,1,115.3,14.1,-999.0
113041,CCATCCA,1997,2,132.6,13.65,-999.0
113041,CCATCCA,1997,3,121.9,14.65,-999.0
113041,CCATCCA,1997,4,11.3,15.23,-999.0
113041,CCATCCA,1997,5,5.1,15.21,-999.0
113041,CCATCCA,1997,6,0.0,16.01,-999.0
113041,CCATCCA,1997,7,0.0,15.5,-999.0
113041,CCATCCA,1997,8,4.0,13.66,-999.0
113041,CCATCCA,1997,9,8.8,15.7,-999.0
113041,CCATCCA,1997,10,22.4,17.01,-999.0
113041,CCATCCA,1997,11,84.6,16.54,-999.0
113041,CCATCCA,1997,12,63.5,16.24,-999.0
113041,CCATCCA,1998,1,73.8,16.58,-999.0
113041,CCATCCA,1998,2,129.4,16.6,-999.0
113041,CCATCCA,1998,3,62.7,15.93,-999.0
113041,CCATCCA,1998,4,10.7,17.6,-999.0
113041,CCATCCA,1998,5,0.0,17.65,-999.0
113041,CCATCCA,1998,6,15.2,15.58,-999.0
113041,CCATCCA,1998,7,0.0,16.38,-999.0
113041,CCATCCA,1998,8,0.0,16.86,-999.0
113041,CCATCCA,1998,9,0.0,17.31,-999.0
113041,CCATCCA,1998,10,31.9,16.54,-999.0
113041,CCATCCA,1998,11,58.8,16.37,-999.0
113041,CCATCCA,1998,12,61.1,15.8,-999.0
113041,CCATCCA,1999,1,124.3,14.26,-999.0
113041,CCATCCA,1999,2,120.4,13.31,-999.0
113041,CCATCCA,1999,3,102.2,13.58,-999.0
113041,CCATCCA,1999,4,40.0,14.11,-999.0
113041,CCATCCA,1999,5,0.0,14.98,-999.0
113041,CCATCCA,1999,6,0.0,15.68,-999.0
113041,CCATCCA,1999,7,3.2,14.32,-999.0
113041,CCATCCA,1999,8,0.0,15.5,-999.0
113041,CCATCCA,1999,9,33.8,15.23,-999.0
113041,CCATCCA,1999,10,14.0,15.37,-999.0
113041,CCATCCA,1999,11,26.2,17.03,-999.0
113041,CCATCCA,1999,12,127.4,15.48,-999.0
113041,CCATCCA,2000,1,169.3,13.71,-999.0
113041,CCATCCA,2000,2,110.5,13.57,-999.0
113041,CCATCCA,2000,3,107.7,13.38,-999.0
113041,CCATCCA,2000,4,20.1,14.91,-999.0
113041,CCATCCA,2000,5,2.0,16.06,-999.0
113041,CCATCCA,2000,6,1.8,15.18,-2.09
113041,CCATCCA,2000,7,6.4,14.33,-2.18
113041,CCATCCA,2000,8,6.6,15.23,-0.15
113041,CCATCCA,2000,9,23.7,16.48,1.27
113041,CCATCCA,2000,10,56.3,15.18,2.83
113041,CCATCCA,2000,11,14.9,17.19,3.31
113041,CCATCCA,2000,12,57.2,15.89,3.7
113041,CCATCCA,2001,1,265.3,12.96,4.55
113041,CCATCCA,2001,2,153.9,13.06,4.79
113041,CCATCCA,2001,3,126.9,13.53,4.5
113041,CCATCCA,2001,4,62.1,14.18,2.44
113041,CCATCCA,2001,5,22.6,14.74,0.85
113041,CCATCCA,2001,6,0.0,14.83,-0.89
113041,CCATCCA,2001,7,18.0,14.62,-1.39
113041,CCATCCA,2001,8,24.9,14.21,-2.15
113041,CCATCCA,2001,9,17.0,15.02,1.38
113041,CCATCCA,2001,10,98.4,15.75,3.51
113041,CCATCCA,2001,11,67.8,15.75,4.57
113041,CCATCCA,2001,12,74.3,15.48,4.6
113041,CCATCCA,2002,1,102.5,14.75,4.65
113041,CCATCCA,2002,2,176.9,13.76,5.09
113041,CCATCCA,2002,3,144.8,14.27,4.87
113041,CCATCCA,2002,4,62.0,14.2,3.59
113041,CCATCCA,2002,5,8.3,15.65,0.35
113041,CCATCCA,2002,6,13.0,15.2,-0.08
113041,CCATCCA,2002,7,34.8,12.7,-0.32
113041,CCATCCA,2002,8,9.1,14.88,-0.99
113041,CCATCCA,2002,9,25.4,14.91,1.54
113041,CCATCCA,2002,10,67.3,15.29,3.15
113041,CCATCCA,2002,11,92.8,15.73,3.51
113041,CCATCCA,2002,12,149.4,14.94,4.48
113041,CCATCCA,2003,1,120.4,14.73,4.86
113041,CCATCCA,2003,2,142.6,14.96,5.14
113041,CCATCCA,2003,3,133.4,14.3,4.96
113041,CCATCCA,2003,4,15.7,15.39,2.45
113041,CCATCCA,2003,5,10.3,15.7,0.11
113041,CCATCCA,2003,6,9.2,16.03,-1.68
113041,CCATCCA,2003,7,2.5,15.46,-2.82
113041,CCATCCA,2003,8,25.5,15.17,-1.6
113041,CCATCCA,2003,9,4.8,15.7,0.58
113041,CCATCCA,2003,10,15.7,17.06,1.7
113041,CCATCCA,2003,11,17.8,17.55,2.49
113041,CCATCCA,2003,12,123.5,15.74,4.41
113041,CCATCCA,2004,1,169.7,13.94,4.97
113041,CCATCCA,2004,2,106.5,14.34,4.06
113041,CCATCCA,2004,3,91.6,14.97,3.61
113041,CCATCCA,2004,4,28.5,16.28,1.65
113041,CCATCCA,2004,5,17.2,17.21,-0.91
113041,CCATCCA,2004,6,28.2,15.16,-2.7
113041,CCATCCA,2004,7,27.9,14.43,-2.5
113041,CCATCCA,2004,8,14.7,13.62,-1.98
113041,CCATCCA,2004,9,48.0,14.65,1.18
113041,CCATCCA,2004,10,55.4,15.67,3.54
113041,CCATCCA,2004,11,69.9,16.28,3.71
113041,CCATCCA,2004,12,91.3,15.33,3.63
113041,CCATCCA,2005,1,60.2,15.91,4.69
113041,CCATCCA,2005,2,147.4,14.76,4.45
113041,CCATCCA,2005,3,109.8,15.51,4.09
113041,CCATCCA,2005,4,30.0,-999.0,-999.0
113041,CCATCCA,2005,5,2.8,18.15,-1.54
113041,CCATCCA,2005,6,0.0,17.01,-3.03
113041,CCATCCA,2005,7,1.5,16.46,-2.86
113041,CCATCCA,2005,8,5.6,16.86,-2.19
113041,CCATCCA,2005,9,9.9,15.55,1.02
113041,CCATCCA,2005,10,27.5,15.83,3.61
113041,CCATCCA,2005,11,77.7,16.27,3.65
113041,CCATCCA,2005,12,98.7,15.05,4.95
113041,CCATCCA,2006,1,104.3,13.87,4.76
113041,CCATCCA,2006,2,108.0,14.86,4.69
113041,CCATCCA,2006,3,161.5,14.42,4.16
113041,CCATCCA,2006,4,70.3,14.84,2.92
113041,CCATCCA,2006,5,0.4,16.22,-1.95
113041,CCATCCA,2006,6,3.3,15.53,-0.87
113041,CCATCCA,2006,7,0.0,16.1,-3.92
113041,CCATCCA,2006,8,14.1,15.79,-0.03
113041,CCATCCA,2006,9,6.6,16.55,0.69
113041,CCATCCA,2006,10,84.6,15.65,3.32
113041,CCATCCA,2006,11,85.4,14.84,3.55
113041,CCATCCA,2006,12,118.6,14.99,3.94
113041,CCATCCA,2007,1,129.5,15.34,5.23
113041,CCATCCA,2007,2,83.6,14.48,5.12
113041,CCATCCA,2007,3,107.6,13.97,4.65
113041,CCATCCA,2007,4,31.9,14.88,3.06
113041,CCATCCA,2007,5,9.9,16.21,0.66
113041,CCATCCA,2007,6,0.0,16.52,-2.85
113041,CCATCCA,2007,7,5.1,15.11,-1.81
113041,CCATCCA,2007,8,1.9,16.25,-1.29
113041,CCATCCA,2007,9,2.5,14.65,1.05
113041,CCATCCA,2007,10,53.7,15.77,2.93
113041,CCATCCA,2007,11,50.7,16.44,3.95
113041,CCATCCA,2007,12,75.3,15.71,4.48
113041,CCATCCA,2008,1,151.6,13.93,5.72
113041,CCATCCA,2008,2,114.7,14.02,4.53
113041,CCATCCA,2008,3,62.6,13.7,4.57
113041,CCATCCA,2008,4,24.0,14.97,2.85
113041,CCATCCA,2008,5,8.4,15.53,-0.45
113041,CCATCCA,2008,6,6.2,16.26,-1.55
113041,CCATCCA,2008,7,0.0,15.88,-2.26
113041,CCATCCA,2008,8,13.7,16.3,0.15
113041,CCATCCA,2008,9,6.4,15.89,1.41
113041,CCATCCA,2008,10,54.8,15.65,4.03
113041,CCATCCA,2008,11,87.1,16.39,4.02
113041,CCATCCA,2008,12,185.2,14.49,5.32
113041,CCATCCA,2009,1,112.6,13.88,5.27
113041,CCATCCA,2009,2,106.6,14.22,5.2
113041,CCATCCA,2009,3,80.3,14.35,4.86
113041,CCATCCA,2009,4,31.3,14.74,4.26
113041,CCATCCA,2009,5,2.4,15.88,0.45
113041,CCATCCA,2009,6,0.0,16.75,-1.77
113041,CCATCCA,2009,7,14.9,15.27,-0.66
113041,CCATCCA,2009,8,4.0,16.72,-0.41
113041,CCATCCA,2009,9,17.3,17.06,1.51
113041,CCATCCA,2009,10,14.6,17.66,2.6
113041,CCATCCA,2009,11,141.6,16.49,5.92
113041,CCATCCA,2009,12,104.7,15.06,5.34
113041,CCATCCA,2010,1,206.3,14.85,5.56
113041,CCATCCA,2010,2,91.0,15.61,5.58
113041,CCATCCA,2010,3,148.5,15.24,5.64
113041,CCATCCA,2010,4,9.8,16.54,3.61
113041,CCATCCA,2010,5,0.0,16.73,1.52
113041,CCATCCA,2010,6,1.7,16.83,-0.89
113041,CCATCCA,2010,7,6.1,17.3,-1.8
113041,CCATCCA,2010,8,4.7,17.06,-2.03
113041,CCATCCA,2010,9,3.6,16.55,1.33
113041,CCATCCA,2010,10,57.9,16.85,3.44
113041,CCATCCA,2010,11,30.6,16.16,3.87
113041,CCATCCA,2010,12,143.4,15.09,5.09
113041,CCATCCA,2011,1,133.3,14.05,4.52
113041,CCATCCA,2011,2,223.4,13.18,5.01
113041,CCATCCA,2011,3,147.4,13.52,5.12
113041,CCATCCA,2011,4,62.1,14.84,3.82
113041,CCATCCA,2011,5,6.9,15.87,0.06
113041,CCATCCA,2011,6,4.5,15.87,-1.99
113041,CCATCCA,2011,7,12.7,14.69,-1.45
113041,CCATCCA,2011,8,1.2,16.24,-0.13
113041,CCATCCA,2011,9,36.3,14.96,2.57
113041,CCATCCA,2011,10,40.1,15.47,4.01
113041,CCATCCA,2011,11,31.5,16.93,4.02
113041,CCATCCA,2011,12,130.8,14.46,4.95
113041,CCATCCA,2012,1,116.2,13.93,4.85
113041,CCATCCA,2012,2,168.1,13.26,5.16
113041,CCATCCA,2012,3,60.9,13.67,4.22
113041,CCATCCA,2012,4,38.6,14.35,3.65
113041,CCATCCA,2012,5,10.2,15.38,-0.05
113041,CCATCCA,2012,6,6.9,15.35,-1.72
113041,CCATCCA,2012,7,3.8,15.8,-2.91
113041,CCATCCA,2012,8,3.0,16.16,-2.58
113041,CCATCCA,2012,9,17.8,15.72,1.17
113041,CCATCCA,2012,10,18.0,16.79,3.06
113041,CCATCCA,2012,11,86.2,16.83,4.82
113041,CCATCCA,2012,12,183.6,14.45,5.23
113041,CCATCCA,2013,1,160.7,14.34,4.34
113041,CCATCCA,2013,2,173.5,14.1,5.31
113041,CCATCCA,2013,3,124.0,15.1,5.32
113041,CCATCCA,2013,4,29.4,16.43,1.67
113041,CCATCCA,2013,5,8.6,16.42,0.4
113041,CCATCCA,2013,6,0.9,15.0,-1.08
113041,CCATCCA,2013,7,12.3,14.85,-2.95
113041,CCATCCA,2013,8,18.1,16.13,-1.29
113041,CCATCCA,2013,9,6.7,16.93,0.15
113041,CCATCCA,2013,10,94.5,15.95,3.98
113041,CCATCCA,2013,11,80.1,15.95,4.6
113041,CCATCCA,2013,12,173.6,15.24,4.68
113041,CCATCCA,2014,1,160.2,14.66,5.1
113041,CCATCCA,2014,2,120.3,15.05,4.25
113041,CCATCCA,2014,3,69.6,15.52,4.14
113041,CCATCCA,2014,4,38.2,-999.0,2.86
113041,CCATCCA,2014,5,16.8,16.06,0.97
113041,CCATCCA,2014,6,-999.0,17.52,-1.46
113041,CCATCCA,2014,7,0.0,15.89,-1.7
113041,CCATCCA,2014,8,5.9,15.82,-1.66
113041,CCATCCA,2014,9,4.5,15.62,1.94
113041,CCATCCA,2014,10,33.2,15.9,2.67
113041,CCATCCA,2014,11,42.5,17.28,3.06
113041,CCATCCA,2014,12,133.6,15.85,5.04
113041,CCATCCA,2015,1,166.8,14.18,-999.0
113041,CCATCCA,2015,2,159.8,14.89,4.76
113041,CCATCCA,2015,3,83.8,14.84,5.33
113041,CCATCCA,2015,4,111.6,14.45,4.25
113041,CCATCCA,2015,5,13.9,15.77,2.52
113041,CCATCCA,2015,6,0.0,16.87,-0.73
113041,CCATCCA,2015,7,14.0,16.63,-2.87
113041,CCATCCA,2015,8,12.3,16.45,-0.85
113041,CCATCCA,2015,9,9.3,17.0,2.55
113041,CCATCCA,2015,10,23.7,16.58,3.15
113041,CCATCCA,2015,11,52.1,17.22,5.19
113041,CCATCCA,2015,12,118.1,-999.0,4.44
113041,CCATCCA,2016,1,110.4,17.36,5.15
113041,CCATCCA,2016,2,113.1,16.25,6.22
113041,CCATCCA,2016,3,41.8,17.36,4.56
113041,CCATCCA,2016,4,30.3,17.8,2.69
113041,CCATCCA,2016,5,12.7,18.1,-0.97
113041,CCATCCA,2016,6,3.5,17.11,-2.67
113041,CCATCCA,2016,7,13.3,16.9,-3.56
113041,CCATCCA,2016,8,0.5,17.09,-1.91
113041,CCATCCA,2016,9,12.6,17.05,0.4
113041,CCATCCA,2016,10,39.9,16.32,4.22
113041,CCATCCA,2016,11,19.0,18.04,3.23
113041,CCATCCA,2016,12,51.5,16.09,4.69
113041,CCATCCA,2017,1,126.1,14.72,5.77
113041,CCATCCA,2017,2,109.5,15.08,5.55
113041,CCATCCA,2017,3,133.7,14.38,5.4
113041,CCATCCA,2017,4,88.4,15.44,4.71
113041,CCATCCA,2017,5,25.2,15.78,2.8
113041,CCATCCA,2017,6,8.4,17.37,0.16
113041,CCATCCA,2017,7,0.0,17.59,-2.01
113041,CCATCCA,2017,8,3.2,17.43,-0.38
113041,CCATCCA,2017,9,16.4,15.98,3.2
113041,CCATCCA,2017,10,27.9,17.5,2.72
113041,CCATCCA,2017,11,75.3,16.64,4.58
113041,CCATCCA,2017,12,89.0,15.62,5.56
113041,CCATCCA,2018,1,115.8,14.4,5.16
113041,CCATCCA,2018,2,185.8,14.68,5.88
113041,CCATCCA,2018,3,208.7,15.33,5.12
113041,CCATCCA,2018,4,26.9,15.9,3.6
113041,CCATCCA,2018,5,0.0,16.93,-0.01
113041,CCATCCA,2018,6,34.2,14.78,-1.06
113041,CCATCCA,2018,7,20.4,15.63,-2.72
113041,CCATCCA,2018,8,11.2,15.14,0.24
113041,CCATCCA,2018,9,4.5,16.85,1.33
113041,CCATCCA,2018,10,131.5,15.28,4.62
113041,CCATCCA,2018,11,69.9,16.58,5.58
113041,CCATCCA,2018,12,70.1,16.3,4.04
113041,CCATCCA,2019,1,137.2,15.16,5.34
113041,CCATCCA,2019,2,227.6,15.1,5.68
113041,CCATCCA,2019,3,112.9,15.0,5.76
113041,CCATCCA,2019,4,24.6,16.02,3.58
113041,CCATCCA,2019,5,18.4,17.21,0.59
113041,CCATCCA,2019,6,0.0,16.94,-1.23
113041,CCATCCA,2019,7,0.0,16.82,-1.84
113041,CCATCCA,2019,8,0.0,16.58,-2.71
113041,CCATCCA,2019,9,6.5,16.64,1.61
113041,CCATCCA,2019,10,59.8,15.98,3.51
113041,CCATCCA,2019,11,114.3,15.71,5.3
113041,CCATCCA,2019,12,213.6,15.58,5.56
113041,CCATCCA,2020,1,144.0,15.73,5.4
113041,CCATCCA,2020,2,161.7,15.34,6.54
113041,CCATCCA,2020,3,121.1,15.41,5.76
113041,CCATCCA,2020,4,10.6,16.37,3.4
113041,CCATCCA,2020,5,7.4,17.15,0.06
113041,CCATCCA,2020,6,3.5,17.54,-0.35
113041,CCATCCA,2020,7,0.0,17.43,-2.53
113041,CCATCCA,2020,8,0.0,17.93,-2.37
113041,CCATCCA,2020,9,0.0,16.47,1.7
113041,CCATCCA,2020,10,32.5,16.31,2.61
113041,CCATCCA,2020,11,45.4,17.65,3.68
113041,CCATCCA,2020,12,131.2,15.18,5.34
113041,CCATCCA,2021,1,105.3,14.87,-999.0
113041,CCATCCA,2021,2,92.2,15.36,5.61
113041,CCATCCA,2021,3,81.3,14.19,4.93
113041,CCATCCA,2021,4,51.5,15.58,2.92
113041,CCATCCA,2021,5,0.0,16.64,-0.55
113041,CCATCCA,2021,6,1.6,-999.0,-0.38
113041,CCATCCA,2021,7,0.0,17.77,-3.27
113041,CCATCCA,2021,8,0.0,17.65,-1.27
113041,CCATCCA,2021,9,16.0,17.28,1.6
113041,CCATCCA,2021,10,16.4,18.53,3.23
113041,CCATCCA,2021,11,103.8,17.34,5.21
113041,CCATCCA,2021,12,122.6,16.76,5.61
113041,CCATCCA,2022,1,195.3,15.02,3.79
113041,CCATCCA,2022,2,136.7,15.16,-999.0
113041,CCATCCA,2022,3,143.4,15.39,4.98
113041,CCATCCA,2022,4,2.0,17.16,2.78
113041,CCATCCA,2022,5,3.0,17.58,0.61
113041,CCATCCA,2022,6,0.0,17.1,-999.0
113041,CCATCCA,2022,7,0.0,18.21,-2.73
113041,CCATCCA,2022,8,13.2,17.74,-1.05
113041,CCATCCA,2022,9,26.2,18.86,1.18
113041,CCATCCA,2022,10,6.1,18.56,2.85
113041,CCATCCA,2022,11,20.8,18.75,2.63
113041,CCATCCA,2022,12,106.3,16.52,3.87
113041,CCATCCA,2023,1,94.6,16.12,3.13
113041,CCATCCA,2023,2,102.0,15.72,-999.0
113041,CCATCCA,2023,3,69.2,15.64,-999.0
113041,CCATCCA,2023,4,49.2,17.25,3.52
113041,CCATCCA,2023,5,45.4,17.2,1.0
113041,CCATCCA,2023,6,0.0,18.28,-3.55
113041,CCATCCA,2023,7,5.0,19.36,-2.4
113041,CCATCCA,2023,8,0.0,19.09,-0.75
113041,CCATCCA,2023,9,18.3,17.82,2.57
113041,CCATCCA,2023,10,46.8,18.79,-999.0
113041,CCATCCA,2023,11,68.4,17.71,5.7
113041,CCATCCA,2023,12,124.4,16.92,6.48
113041,CCATCCA,2024,1,102.5,17.21,6.58
113041,CCATCCA,2024,2,128.3,16.47,6.63
113041,CCATCCA,2024,3,161.2,16.85,6.26
113041,CCATCCA,2024,4,51.1,17.93,4.45
113041,CCATCCA,2024,5,19.9,18.61,2.7
113041,CCATCCA,2024,6,6.0,18.51,-2.01
113041,CCATCCA,2024,7,0.0,18.26,-2.27
113041,CCATCCA,2024,8,0.0,18.76,-0.48
113041,CCATCCA,2024,9,23.7,18.18,1.92
113041,CCATCCA,2024,10,34.3,18.14,3.77
113041,CCATCCA,2024,11,144.8,17.29,5.97
113041,CCATCCA,2024,12,59.2,17.14,5.08
113041,CCATCCA,2025,1,166.2,16.8,5.27
113041,CCATCCA,2025,2,170.2,16.19,5.55
113041,CCATCCA,2025,3,124.4,15.99,5.39
113041,CCATCCA,2025,4,75.0,16.62,4.76
113041,CCATCCA,2025,5,7.0,17.36,2.69
113041,CCATCCA,2025,6,8.7,16.91,-0.6
113041,CCATCCA,2025,7,3.0,17.52,-4.78
113041,CCATCCA,2025,8,0.0,17.84,-0.61
113041,CCATCCA,2025,9,6.0,16.9,2.28
113041,CCATCCA,2025,10,59.7,16.59,4.32
113041,CCATCCA,2025,11,42.9,17.87,3.93
113041,CCATCCA,2025,12,75.3,17.42,4.94
