CODIGO,ESTACION,YEAR,MONTH,PP,TMAX,TMIN
113034,URUBAMBA,1990,1,-999.0,22.68,9.46
113034,URUBAMBA,1990,2,-999.0,23.1,8.54
113034,URUBAMBA,1990,3,-999.0,22.78,7.61
113034,URUBAMBA,1990,4,-999.0,22.88,6.88
113034,URUBAMBA,1990,5,-999.0,21.87,4.03
113034,URUBAMBA,1990,6,-999.0,19.47,3.83
113034,URUBAMBA,1990,7,-999.0,21.26,1.8
113034,URUBAMBA,1990,8,-999.0,22.25,2.82
113034,URUBAMBA,1990,9,-999.0,23.25,5.69
113034,URUBAMBA,1990,10,-999.0,22.54,7.53
113034,URUBAMBA,1990,11,-999.0,22.1,8.82
113034,URUBAMBA,1990,12,-999.0,22.54,9.3
113034,URUBAMBA,1991,1,-999.0,23.02,9.74
113034,URUBAMBA,1991,2,-999.0,22.36,9.4
113034,URUBAMBA,1991,3,-999.0,21.62,9.61
113034,URUBAMBA,1991,4,-999.0,22.43,7.01
113034,URUBAMBA,1991,5,-999.0,23.75,5.01
113034,URUBAMBA,1991,6,-999.0,22.73,2.96
113034,URUBAMBA,1991,7,-999.0,23.13,-0.23
113034,URUBAMBA,1991,8,-999.0,22.78,1.39
113034,URUBAMBA,1991,9,-999.0,22.23,4.41
113034,URUBAMBA,1991,10,-999.0,22.2,7.44
113034,URUBAMBA,1991,11,-999.0,21.72,8.23
113034,URUBAMBA,1991,12,-999.0,22.66,8.07
113034,URUBAMBA,1992,1,-999.0,22.42,8.88
113034,URUBAMBA,1992,2,-999.0,22.27,-999.0
113034,URUBAMBA,1992,3,-999.0,22.94,8.33
113034,URUBAMBA,1992,4,-999.0,23.65,6.57
113034,URUBAMBA,1992,5,-999.0,24.13,4.85
113034,URUBAMBA,1992,6,-999.0,20.73,3.01
113034,URUBAMBA,1992,7,-999.0,20.32,0.46
113034,URUBAMBA,1992,8,-999.0,20.99,3.23
113034,URUBAMBA,1992,9,-999.0,22.02,5.51
113034,URUBAMBA,1992,10,-999.0,22.55,7.3
113034,URUBAMBA,1992,11,-999.0,22.91,8.04
113034,URUBAMBA,1992,12,-999.0,22.74,8.48
113034,URUBAMBA,1993,1,-999.0,21.2,8.96
113034,URUBAMBA,1993,2,-999.0,21.82,8.91
113034,URUBAMBA,1993,3,-999.0,21.7,8.45
113034,URUBAMBA,1993,4,-999.0,21.81,7.76
113034,URUBAMBA,1993,5,-999.0,23.35,4.76
113034,URUBAMBA,1993,6,-999.0,23.24,1.2
113034,URUBAMBA,1993,7,-999.0,22.05,2.14
113034,URUBAMBA,1993,8,-999.0,21.39,3.13
113034,URUBAMBA,1993,9,-999.0,22.11,5.07
113034,URUBAMBA,1993,10,-999.0,22.91,7.77
113034,URUBAMBA,1993,11,-999.0,22.66,9.74
113034,URUBAMBA,1993,12,-999.0,22.07,9.37
113034,URUBAMBA,1994,1,-999.0,21.32,9.61
113034,URUBAMBA,1994,2,-999.0,21.26,9.5
113034,URUBAMBA,1994,3,-999.0,21.39,9.07
113034,URUBAMBA,1994,4,-999.0,21.49,8.21
113034,URUBAMBA,1994,5,-999.0,22.81,4.9
113034,URUBAMBA,1994,6,-999.0,21.87,1.94
113034,URUBAMBA,1994,7,-999.0,21.94,0.95
113034,URUBAMBA,1994,8,-999.0,22.77,2.29
113034,URUBAMBA,1994,9,-999.0,22.46,6.02
113034,URUBAMBA,1994,10,-999.0,22.66,7.61
113034,URUBAMBA,1994,11,-999.0,22.97,8.93
113034,URUBAMBA,1994,12,-999.0,22.52,9.4
113034,URUBAMBA,1995,1,72.2,22.1,9.55
113034,URUBAMBA,1995,2,42.1,22.17,9.51
113034,URUBAMBA,1995,3,81.3,21.4,9.23
113034,URUBAMBA,1995,4,10.9,23.31,7.05
113034,URUBAMBA,1995,5,2.2,23.92,4.02
113034,URUBAMBA,1995,6,1.0,22.7,2.5
113034,URUBAMBA,1995,7,0.3,22.81,3.34
113034,URUBAMBA,1995,8,0.0,23.86,4.24
113034,URUBAMBA,1995,9,14.5,22.56,5.53
113034,URUBAMBA,1995,10,35.1,23.9,7.76
113034,URUBAMBA,1995,11,55.0,22.83,8.57
113034,URUBAMBA,1995,12,95.5,22.48,8.58
113034,URUBAMBA,1996,1,88.4,20.9,9.28
113034,URUBAMBA,1996,2,77.5,21.37,9.79
113034,URUBAMBA,1996,3,50.6,21.75,9.28
113034,URUBAMBA,1996,4,53.6,21.41,8.32
113034,URUBAMBA,1996,5,13.2,22.65,5.7
113034,URUBAMBA,1996,6,0.4,22.09,1.75
113034,URUBAMBA,1996,7,0.1,21.72,1.07
113034,URUBAMBA,1996,8,11.6,21.38,3.94
113034,URUBAMBA,1996,9,5.0,22.74,6.09
113034,URUBAMBA,1996,10,35.1,23.23,7.59
113034,URUBAMBA,1996,11,55.8,22.51,8.24
113034,URUBAMBA,1996,12,73.8,21.5,9.09
113034,URUBAMBA,1997,1,88.6,21.57,9.7
113034,URUBAMBA,1997,2,124.7,20.44,8.96
113034,URUBAMBA,1997,3,98.5,21.38,8.58
113034,URUBAMBA,1997,4,-999.0,22.24,6.78
113034,URUBAMBA,1997,5,2.3,22.26,4.35
113034,URUBAMBA,1997,6,-999.0,22.81,1.4
113034,URUBAMBA,1997,7,0.0,22.75,1.43
113034,URUBAMBA,1997,8,-999.0,20.95,4.02
113034,URUBAMBA,1997,9,-999.0,22.91,6.13
113034,URUBAMBA,1997,10,-999.0,24.12,8.17
113034,URUBAMBA,1997,11,73.0,23.5,9.61
113034,URUBAMBA,1997,12,84.9,23.04,10.09
113034,URUBAMBA,1998,1,-999.0,23.0,10.34
113034,URUBAMBA,1998,2,-999.0,23.36,10.66
113034,URUBAMBA,1998,3,26.7,23.6,9.83
113034,URUBAMBA,1998,4,10.4,24.48,8.21
113034,URUBAMBA,1998,5,4.0,24.54,2.97
113034,URUBAMBA,1998,6,0.7,22.33,2.78
113034,URUBAMBA,1998,7,0.0,23.55,1.25
113034,URUBAMBA,1998,8,0.4,23.71,3.3
113034,URUBAMBA,1998,9,1.7,24.08,5.12
113034,URUBAMBA,1998,10,22.2,23.31,8.0
113034,URUBAMBA,1998,11,49.7,23.19,8.59
113034,URUBAMBA,1998,12,-999.0,22.12,8.42
113034,URUBAMBA,1999,1,-999.0,21.8,8.58
113034,URUBAMBA,1999,2,122.3,20.86,7.87
113034,URUBAMBA,1999,3,66.1,20.15,8.23
113034,URUBAMBA,1999,4,-999.0,21.32,7.53
113034,URUBAMBA,1999,5,17.5,22.26,5.34
113034,URUBAMBA,1999,6,0.8,22.65,3.23
113034,URUBAMBA,1999,7,0.1,21.29,1.09
113034,URUBAMBA,1999,8,0.0,22.85,2.74
113034,URUBAMBA,1999,9,-999.0,22.49,6.34
113034,URUBAMBA,1999,10,-999.0,22.12,7.03
113034,URUBAMBA,1999,11,46.4,24.21,7.8
113034,URUBAMBA,1999,12,125.3,22.5,8.91
113034,URUBAMBA,2000,1,172.0,21.17,9.01
113034,URUBAMBA,2000,2,92.9,21.55,9.18
113034,URUBAMBA,2000,3,87.3,21.76,8.89
113034,URUBAMBA,2000,4,6.5,23.6,7.37
113034,URUBAMBA,2000,5,6.4,24.03,5.62
113034,URUBAMBA,2000,6,8.8,22.67,3.29
113034,URUBAMBA,2000,7,0.8,22.41,2.43
113034,URUBAMBA,2000,8,0.1,23.03,3.79
113034,URUBAMBA,2000,9,15.6,24.18,6.17
113034,URUBAMBA,2000,10,63.9,22.83,8.28
113034,URUBAMBA,2000,11,18.7,25.35,7.91
113034,URUBAMBA,2000,12,76.0,23.34,8.5
113034,URUBAMBA,2001,1,167.2,20.93,9.55
113034,URUBAMBA,2001,2,86.9,20.82,9.45
113034,URUBAMBA,2001,3,102.2,21.39,9.37
113034,URUBAMBA,2001,4,7.2,22.33,6.83
113034,URUBAMBA,2001,5,8.4,23.05,5.41
113034,URUBAMBA,2001,6,0.0,22.51,2.97
113034,URUBAMBA,2001,7,16.9,22.04,3.43
113034,URUBAMBA,2001,8,11.6,22.77,2.52
113034,URUBAMBA,2001,9,10.0,24.18,6.28
113034,URUBAMBA,2001,10,72.9,24.63,8.6
113034,URUBAMBA,2001,11,64.2,24.03,9.52
113034,URUBAMBA,2001,12,62.1,24.12,9.59
113034,URUBAMBA,2002,1,126.3,23.4,9.55
113034,URUBAMBA,2002,2,117.8,21.85,10.28
113034,URUBAMBA,2002,3,78.3,22.71,9.66
113034,URUBAMBA,2002,4,50.1,22.86,8.79
113034,URUBAMBA,2002,5,5.8,23.06,5.14
113034,URUBAMBA,2002,6,5.0,23.11,4.36
113034,URUBAMBA,2002,7,62.7,20.3,3.97
113034,URUBAMBA,2002,8,-999.0,23.11,2.55
113034,URUBAMBA,2002,9,-999.0,23.29,6.42
113034,URUBAMBA,2002,10,64.5,23.22,8.52
113034,URUBAMBA,2002,11,52.1,23.3,9.05
113034,URUBAMBA,2002,12,135.5,23.04,9.55
113034,URUBAMBA,2003,1,96.9,22.64,10.01
113034,URUBAMBA,2003,2,74.3,23.26,10.08
113034,URUBAMBA,2003,3,124.3,22.65,9.83
113034,URUBAMBA,2003,4,12.9,23.48,7.58
113034,URUBAMBA,2003,5,4.3,23.14,5.57
113034,URUBAMBA,2003,6,8.4,23.14,4.63
113034,URUBAMBA,2003,7,1.2,22.32,1.86
113034,URUBAMBA,2003,8,18.0,22.08,3.97
113034,URUBAMBA,2003,9,1.0,23.37,5.11
113034,URUBAMBA,2003,10,31.7,24.77,7.46
113034,URUBAMBA,2003,11,32.5,24.59,8.68
113034,URUBAMBA,2003,12,94.4,22.42,9.56
113034,URUBAMBA,2004,1,123.9,21.87,10.01
113034,URUBAMBA,2004,2,87.2,21.64,9.18
113034,URUBAMBA,2004,3,75.3,22.64,9.34
113034,URUBAMBA,2004,4,15.2,23.6,7.91
113034,URUBAMBA,2004,5,0.8,23.5,5.38
113034,URUBAMBA,2004,6,30.6,20.9,2.67
113034,URUBAMBA,2004,7,21.5,20.32,2.21
113034,URUBAMBA,2004,8,10.3,20.84,3.24
113034,URUBAMBA,2004,9,6.2,22.53,6.48
113034,URUBAMBA,2004,10,39.9,23.02,8.17
113034,URUBAMBA,2004,11,34.5,23.23,9.2
113034,URUBAMBA,2004,12,78.7,23.0,9.52
113034,URUBAMBA,2005,1,47.6,22.8,10.0
113034,URUBAMBA,2005,2,97.0,21.96,10.31
113034,URUBAMBA,2005,3,62.7,22.43,9.99
113034,URUBAMBA,2005,4,20.8,23.25,8.27
113034,URUBAMBA,2005,5,-999.0,-999.0,-999.0
113034,URUBAMBA,2005,6,0.0,22.89,2.61
113034,URUBAMBA,2005,7,1.6,22.31,1.61
113034,URUBAMBA,2005,8,1.9,23.54,3.57
113034,URUBAMBA,2005,9,11.7,22.09,5.87
113034,URUBAMBA,2005,10,10.9,22.57,8.78
113034,URUBAMBA,2005,11,51.1,23.34,9.05
113034,URUBAMBA,2005,12,82.0,22.35,10.32
113034,URUBAMBA,2006,1,111.8,20.94,9.66
113034,URUBAMBA,2006,2,92.8,22.19,9.76
113034,URUBAMBA,2006,3,68.9,21.43,9.69
113034,URUBAMBA,2006,4,33.5,22.15,7.97
113034,URUBAMBA,2006,5,1.9,22.98,3.65
113034,URUBAMBA,2006,6,1.9,21.99,4.64
113034,URUBAMBA,2006,7,0.0,22.91,0.75
113034,URUBAMBA,2006,8,4.0,22.68,4.37
113034,URUBAMBA,2006,9,9.6,23.54,6.73
113034,URUBAMBA,2006,10,50.1,23.56,8.64
113034,URUBAMBA,2006,11,64.6,22.09,9.28
113034,URUBAMBA,2006,12,82.0,21.93,9.7
113034,URUBAMBA,2007,1,56.8,22.54,10.51
113034,URUBAMBA,2007,2,77.1,21.89,9.79
113034,URUBAMBA,2007,3,82.6,21.43,9.77
113034,URUBAMBA,2007,4,42.4,21.91,8.55
113034,URUBAMBA,2007,5,4.6,22.58,5.96
113034,URUBAMBA,2007,6,0.0,23.27,2.59
113034,URUBAMBA,2007,7,1.9,21.26,3.07
113034,URUBAMBA,2007,8,0.1,23.08,2.9
113034,URUBAMBA,2007,9,0.0,22.07,5.57
113034,URUBAMBA,2007,10,57.4,22.97,7.58
113034,URUBAMBA,2007,11,61.0,23.24,8.81
113034,URUBAMBA,2007,12,74.3,22.53,9.37
113034,URUBAMBA,2008,1,98.3,20.31,9.26
113034,URUBAMBA,2008,2,83.2,21.74,8.51
113034,URUBAMBA,2008,3,72.2,21.08,7.95
113034,URUBAMBA,2008,4,4.6,22.66,6.65
113034,URUBAMBA,2008,5,7.1,22.75,3.73
113034,URUBAMBA,2008,6,2.8,22.77,1.83
113034,URUBAMBA,2008,7,0.6,22.68,2.12
113034,URUBAMBA,2008,8,3.1,23.65,4.72
113034,URUBAMBA,2008,9,3.9,23.57,5.67
113034,URUBAMBA,2008,10,35.5,23.02,8.5
113034,URUBAMBA,2008,11,104.2,23.99,8.86
113034,URUBAMBA,2008,12,121.4,21.43,9.11
113034,URUBAMBA,2009,1,152.0,21.09,8.55
113034,URUBAMBA,2009,2,114.1,21.2,8.39
113034,URUBAMBA,2009,3,63.7,21.59,8.03
113034,URUBAMBA,2009,4,10.9,22.88,7.95
113034,URUBAMBA,2009,5,6.3,23.11,4.26
113034,URUBAMBA,2009,6,0.1,23.39,2.35
113034,URUBAMBA,2009,7,2.7,22.01,2.74
113034,URUBAMBA,2009,8,1.6,23.74,3.66
113034,URUBAMBA,2009,9,8.9,24.23,6.37
113034,URUBAMBA,2009,10,4.6,24.67,7.57
113034,URUBAMBA,2009,11,128.4,22.97,9.48
113034,URUBAMBA,2009,12,76.9,21.65,9.24
113034,URUBAMBA,2010,1,188.2,21.6,8.65
113034,URUBAMBA,2010,2,129.7,22.29,9.55
113034,URUBAMBA,2010,3,101.3,22.38,8.61
113034,URUBAMBA,2010,4,13.2,23.76,4.98
113034,URUBAMBA,2010,5,2.2,23.41,2.83
113034,URUBAMBA,2010,6,0.0,23.27,2.77
113034,URUBAMBA,2010,7,2.5,-999.0,-999.0
113034,URUBAMBA,2010,8,8.2,26.16,4.17
113034,URUBAMBA,2010,9,5.0,26.02,6.62
113034,URUBAMBA,2010,10,46.6,25.81,8.4
113034,URUBAMBA,2010,11,23.9,25.8,9.3
113034,URUBAMBA,2010,12,114.6,24.22,9.36
113034,URUBAMBA,2011,1,100.4,23.84,9.3
113034,URUBAMBA,2011,2,149.9,22.24,8.49
113034,URUBAMBA,2011,3,81.4,22.83,8.31
113034,URUBAMBA,2011,4,44.7,23.9,7.47
113034,URUBAMBA,2011,5,12.6,24.91,4.43
113034,URUBAMBA,2011,6,17.9,24.36,2.7
113034,URUBAMBA,2011,7,15.7,23.11,2.01
113034,URUBAMBA,2011,8,4.8,24.54,3.54
113034,URUBAMBA,2011,9,28.2,23.95,5.73
113034,URUBAMBA,2011,10,38.9,24.93,7.74
113034,URUBAMBA,2011,11,31.9,26.04,8.2
113034,URUBAMBA,2011,12,112.5,22.96,8.08
113034,URUBAMBA,2012,1,69.0,23.65,8.35
113034,URUBAMBA,2012,2,124.4,22.32,8.92
113034,URUBAMBA,2012,3,57.4,23.58,7.9
113034,URUBAMBA,2012,4,18.0,23.89,7.29
113034,URUBAMBA,2012,5,0.3,24.66,4.43
113034,URUBAMBA,2012,6,0.6,24.21,2.25
113034,URUBAMBA,2012,7,1.8,24.72,1.37
113034,URUBAMBA,2012,8,0.3,25.16,3.21
113034,URUBAMBA,2012,9,17.2,24.84,5.66
113034,URUBAMBA,2012,10,8.1,25.65,8.46
113034,URUBAMBA,2012,11,66.5,24.88,9.52
113034,URUBAMBA,2012,12,134.0,22.59,10.12
113034,URUBAMBA,2013,1,127.5,22.76,9.05
113034,URUBAMBA,2013,2,129.5,22.54,9.97
113034,URUBAMBA,2013,3,88.7,23.19,9.81
113034,URUBAMBA,2013,4,3.5,24.55,7.11
113034,URUBAMBA,2013,5,1.4,24.27,6.47
113034,URUBAMBA,2013,6,4.4,22.2,4.11
113034,URUBAMBA,2013,7,0.0,22.72,2.66
113034,URUBAMBA,2013,8,20.6,23.87,4.05
113034,URUBAMBA,2013,9,3.2,25.61,6.11
113034,URUBAMBA,2013,10,71.8,23.92,8.85
113034,URUBAMBA,2013,11,113.4,24.24,8.98
113034,URUBAMBA,2013,12,136.0,22.54,9.93
113034,URUBAMBA,2014,1,124.0,23.04,10.31
113034,URUBAMBA,2014,2,69.9,23.33,9.86
113034,URUBAMBA,2014,3,52.4,23.68,8.7
113034,URUBAMBA,2014,4,32.5,23.48,7.33
113034,URUBAMBA,2014,5,10.2,23.06,6.12
113034,URUBAMBA,2014,6,0.0,-999.0,4.73
113034,URUBAMBA,2014,7,0.1,23.73,2.43
113034,URUBAMBA,2014,8,0.5,24.19,2.74
113034,URUBAMBA,2014,9,6.2,24.2,6.6
113034,URUBAMBA,2014,10,56.7,24.66,8.55
113034,URUBAMBA,2014,11,30.6,25.27,8.67
113034,URUBAMBA,2014,12,105.7,23.77,9.8
113034,URUBAMBA,2015,1,131.2,22.36,8.61
113034,URUBAMBA,2015,2,91.7,23.1,9.62
113034,URUBAMBA,2015,3,42.2,23.91,9.38
113034,URUBAMBA,2015,4,28.4,22.43,8.54
113034,URUBAMBA,2015,5,4.6,23.0,6.91
113034,URUBAMBA,2015,6,0.0,23.71,4.96
113034,URUBAMBA,2015,7,7.8,23.78,2.55
113034,URUBAMBA,2015,8,5.6,24.44,3.58
113034,URUBAMBA,2015,9,3.4,25.17,6.77
113034,URUBAMBA,2015,10,15.2,24.96,8.14
113034,URUBAMBA,2015,11,29.5,25.02,9.27
113034,URUBAMBA,2015,12,116.9,23.13,9.84
113034,URUBAMBA,2016,1,69.4,24.42,10.72
113034,URUBAMBA,2016,2,119.0,23.01,11.21
113034,URUBAMBA,2016,3,57.1,25.35,10.11
113034,URUBAMBA,2016,4,22.9,24.67,9.1
113034,URUBAMBA,2016,5,1.8,25.25,4.64
113034,URUBAMBA,2016,6,0.3,23.71,3.6
113034,URUBAMBA,2016,7,5.2,23.62,1.45
113034,URUBAMBA,2016,8,0.0,24.35,4.28
113034,URUBAMBA,2016,9,3.2,25.23,6.12
113034,URUBAMBA,2016,10,54.9,23.38,8.23
113034,URUBAMBA,2016,11,58.5,24.77,7.89
113034,URUBAMBA,2016,12,113.9,22.6,8.67
113034,URUBAMBA,2017,1,77.9,22.37,9.46
113034,URUBAMBA,2017,2,81.8,22.52,9.36
113034,URUBAMBA,2017,3,60.1,21.92,9.73
113034,URUBAMBA,2017,4,43.3,22.39,8.69
113034,URUBAMBA,2017,5,1.7,22.46,6.34
113034,URUBAMBA,2017,6,0.0,23.19,4.04
113034,URUBAMBA,2017,7,0.0,23.36,3.1
113034,URUBAMBA,2017,8,11.0,24.28,4.73
113034,URUBAMBA,2017,9,0.6,23.91,6.48
113034,URUBAMBA,2017,10,38.7,24.42,7.93
113034,URUBAMBA,2017,11,69.9,24.15,9.34
113034,URUBAMBA,2017,12,55.1,23.05,9.64
113034,URUBAMBA,2018,1,88.7,22.21,9.31
113034,URUBAMBA,2018,2,135.2,22.56,9.94
113034,URUBAMBA,2018,3,85.3,22.21,9.93
113034,URUBAMBA,2018,4,9.2,23.33,8.37
113034,URUBAMBA,2018,5,0.0,23.85,6.04
113034,URUBAMBA,2018,6,26.8,21.08,3.9
113034,URUBAMBA,2018,7,16.7,21.68,3.33
113034,URUBAMBA,2018,8,17.9,22.17,5.09
113034,URUBAMBA,2018,9,3.1,24.53,6.72
113034,URUBAMBA,2018,10,67.9,22.01,9.01
113034,URUBAMBA,2018,11,50.1,23.64,10.16
113034,URUBAMBA,2018,12,64.8,24.03,8.85
113034,URUBAMBA,2019,1,92.8,22.72,9.77
113034,URUBAMBA,2019,2,95.6,21.73,10.27
113034,URUBAMBA,2019,3,104.1,22.51,9.84
113034,URUBAMBA,2019,4,19.4,23.5,8.41
113034,URUBAMBA,2019,5,9.3,23.95,5.95
113034,URUBAMBA,2019,6,1.8,23.67,3.85
113034,URUBAMBA,2019,7,3.0,23.02,3.85
113034,URUBAMBA,2019,8,0.0,24.15,3.42
113034,URUBAMBA,2019,9,2.8,23.22,6.66
113034,URUBAMBA,2019,10,54.7,23.97,8.24
113034,URUBAMBA,2019,11,90.0,22.87,9.69
113034,URUBAMBA,2019,12,160.9,22.9,10.11
113034,URUBAMBA,2020,1,116.9,23.01,10.1
113034,URUBAMBA,2020,2,166.9,21.79,11.09
113034,URUBAMBA,2020,3,-999.0,-999.0,-999.0
113034,URUBAMBA,2020,4,-999.0,-999.0,-999.0
113034,URUBAMBA,2020,5,-999.0,-999.0,-999.0
113034,URUBAMBA,2020,6,-999.0,-999.0,-999.0
113034,URUBAMBA,2020,7,0.0,24.09,4.36
113034,URUBAMBA,2020,8,0.0,24.81,4.7
113034,URUBAMBA,2020,9,0.0,23.92,6.56
113034,URUBAMBA,2020,10,20.2,24.12,7.29
113034,URUBAMBA,2020,11,31.6,25.52,8.76
113034,URUBAMBA,2020,12,137.6,22.99,9.87
113034,URUBAMBA,2021,1,74.5,22.42,9.71
113034,URUBAMBA,2021,2,70.9,22.64,10.28
113034,URUBAMBA,2021,3,64.3,22.92,10.12
113034,URUBAMBA,2021,4,26.4,22.99,8.2
113034,URUBAMBA,2021,5,7.7,23.7,5.32
113034,URUBAMBA,2021,6,1.5,24.0,5.45
113034,URUBAMBA,2021,7,0.0,24.08,3.16
113034,URUBAMBA,2021,8,0.0,25.09,4.17
113034,URUBAMBA,2021,9,5.1,24.23,6.83
113034,URUBAMBA,2021,10,30.9,25.12,8.84
113034,URUBAMBA,2021,11,79.8,23.52,10.11
113034,URUBAMBA,2021,12,51.1,23.82,10.59
113034,URUBAMBA,2022,1,128.3,22.8,9.4
113034,URUBAMBA,2022,2,99.0,22.33,10.09
113034,URUBAMBA,2022,3,82.0,22.71,9.82
113034,URUBAMBA,2022,4,15.8,24.61,8.49
113034,URUBAMBA,2022,5,0.0,24.4,6.58
113034,URUBAMBA,2022,6,0.0,23.69,2.31
113034,URUBAMBA,2022,7,0.0,24.24,3.27
113034,URUBAMBA,2022,8,3.8,24.71,5.14
113034,URUBAMBA,2022,9,5.4,25.26,6.98
113034,URUBAMBA,2022,10,1.0,25.69,8.33
113034,URUBAMBA,2022,11,32.7,25.78,8.55
113034,URUBAMBA,2022,12,49.0,23.22,8.95
113034,URUBAMBA,2023,1,60.4,23.26,8.84
113034,URUBAMBA,2023,2,58.4,23.4,10.15
113034,URUBAMBA,2023,3,63.8,22.62,9.19
113034,URUBAMBA,2023,4,37.5,24.04,7.77
113034,URUBAMBA,2023,5,56.4,22.76,6.48
113034,URUBAMBA,2023,6,0.0,25.18,2.23
113034,URUBAMBA,2023,7,0.4,26.33,4.37
113034,URUBAMBA,2023,8,0.0,24.51,5.11
113034,URUBAMBA,2023,9,9.8,24.44,8.06
113034,URUBAMBA,2023,10,26.0,25.57,9.99
113034,URUBAMBA,2023,11,65.1,24.19,10.41
113034,URUBAMBA,2023,12,125.0,23.95,10.68
113034,URUBAMBA,2024,1,86.3,23.91,11.08
113034,URUBAMBA,2024,2,78.3,23.26,10.89
113034,URUBAMBA,2024,3,82.5,23.9,10.88
113034,URUBAMBA,2024,4,14.0,25.0,9.66
113034,URUBAMBA,2024,5,13.6,25.04,8.05
113034,URUBAMBA,2024,6,1.8,24.08,4.73
113034,URUBAMBA,2024,7,0.0,24.79,3.77
113034,URUBAMBA,2024,8,0.3,24.86,5.75
113034,URUBAMBA,2024,9,0.0,25.69,7.46
113034,URUBAMBA,2024,10,20.8,25.26,9.15
113034,URUBAMBA,2024,11,98.9,23.8,10.82
113034,URUBAMBA,2024,12,71.1,23.38,10.0
113034,URUBAMBA,2025,1,149.0,22.27,10.37
113034,URUBAMBA,2025,2,85.3,22.78,10.62
113034,URUBAMBA,2025,3,95.3,21.9,10.7
113034,URUBAMBA,2025,4,23.7,22.98,9.15
113034,URUBAMBA,2025,5,3.3,23.31,8.1
113034,URUBAMBA,2025,6,6.4,22.38,5.42
113034,URUBAMBA,2025,7,2.0,23.61,2.5
113034,URUBAMBA,2025,8,3.8,23.25,5.58
113034,URUBAMBA,2025,9,6.9,24.13,7.91
113034,URUBAMBA,2025,10,68.2,23.59,9.55
113034,URUBAMBA,2025,11,20.9,24.87,9.26
113034,URUBAMBA,2025,12,125.1,24.83,10.44
