CODIGO,ESTACION,YEAR,MONTH,PP,TMAX,TMIN
113010,HUAMANI,1990,1,-999.0,30.96,16.72
113010,HUAMANI,1990,2,-999.0,30.45,17.34
113010,HUAMANI,1990,3,0.0,29.27,16.09
113010,HUAMANI,1990,4,-999.0,27.54,14.68
113010,HUAMANI,1990,5,-999.0,26.0,12.68
113010,HUAMANI,1990,6,-999.0,25.31,11.6
113010,HUAMANI,1990,7,0.0,24.3,11.18
113010,HUAMANI,1990,8,0.0,24.23,-999.0
113010,HUAMANI,1990,9,0.0,25.52,-999.0
113010,HUAMANI,1990,10,0.0,26.76,-999.0
113010,HUAMANI,1990,11,0.0,29.54,-999.0
113010,HUAMANI,1990,12,0.0,29.98,-999.0
113010,HUAMANI,1991,1,0.0,29.9,-999.0
113010,HUAMANI,1991,2,0.0,29.78,-999.0
113010,HUAMANI,1991,3,0.0,29.02,-999.0
113010,HUAMANI,1991,4,0.0,27.24,-999.0
113010,HUAMANI,1991,5,0.0,25.46,-999.0
113010,HUAMANI,1991,6,0.0,26.14,-999.0
113010,HUAMANI,1991,7,0.0,25.89,-999.0
113010,HUAMANI,1991,8,-999.0,26.48,-999.0
113010,HUAMANI,1991,9,0.0,26.47,-999.0
113010,HUAMANI,1991,10,0.0,26.32,-999.0
113010,HUAMANI,1991,11,0.0,26.38,-999.0
113010,HUAMANI,1991,12,0.0,27.64,-999.0
113010,HUAMANI,1992,1,0.0,28.88,-999.0
113010,HUAMANI,1992,2,0.0,28.99,-999.0
113010,HUAMANI,1992,3,0.0,27.84,-999.0
113010,HUAMANI,1992,4,0.0,26.33,-999.0
113010,HUAMANI,1992,5,0.0,25.58,-999.0
113010,HUAMANI,1992,6,0.0,24.01,-999.0
113010,HUAMANI,1992,7,0.0,24.9,10.33
113010,HUAMANI,1992,8,0.0,25.49,11.36
113010,HUAMANI,1992,9,-999.0,-999.0,-999.0
113010,HUAMANI,1992,10,-999.0,-999.0,-999.0
113010,HUAMANI,1992,11,-999.0,-999.0,-999.0
113010,HUAMANI,1992,12,-999.0,-999.0,-999.0
113010,HUAMANI,1993,1,-999.0,-999.0,-999.0
113010,HUAMANI,1993,2,-999.0,29.48,17.2
113010,HUAMANI,1993,3,0.0,30.04,18.17
113010,HUAMANI,1993,4,0.0,29.11,17.37
113010,HUAMANI,1993,5,0.0,26.96,14.29
113010,HUAMANI,1993,6,0.0,26.15,12.01
113010,HUAMANI,1993,7,0.0,25.39,11.58
113010,HUAMANI,1993,8,0.0,25.98,12.14
113010,HUAMANI,1993,9,0.0,26.33,11.96
113010,HUAMANI,1993,10,0.0,27.66,14.35
113010,HUAMANI,1993,11,-999.0,28.59,15.04
113010,HUAMANI,1993,12,0.0,28.52,15.58
113010,HUAMANI,1994,1,0.0,27.99,16.72
113010,HUAMANI,1994,2,0.0,30.86,18.44
113010,HUAMANI,1994,3,-999.0,30.27,18.55
113010,HUAMANI,1994,4,-999.0,28.36,15.97
113010,HUAMANI,1994,5,0.0,26.73,13.03
113010,HUAMANI,1994,6,0.0,26.59,12.56
113010,HUAMANI,1994,7,0.0,24.35,10.53
113010,HUAMANI,1994,8,0.0,25.48,11.74
113010,HUAMANI,1994,9,0.0,-999.0,13.62
113010,HUAMANI,1994,10,0.0,27.95,13.27
113010,HUAMANI,1994,11,0.0,28.72,14.44
113010,HUAMANI,1994,12,0.0,29.58,15.42
113010,HUAMANI,1995,1,0.0,29.68,16.5
113010,HUAMANI,1995,2,0.0,30.15,17.41
113010,HUAMANI,1995,3,0.0,30.17,17.8
113010,HUAMANI,1995,4,0.0,28.72,15.61
113010,HUAMANI,1995,5,0.0,28.09,14.54
113010,HUAMANI,1995,6,-999.0,26.92,12.21
113010,HUAMANI,1995,7,-999.0,23.99,9.98
113010,HUAMANI,1995,8,-999.0,23.5,10.49
113010,HUAMANI,1995,9,-999.0,26.34,11.21
113010,HUAMANI,1995,10,-999.0,27.3,12.46
113010,HUAMANI,1995,11,-999.0,28.14,14.17
113010,HUAMANI,1995,12,-999.0,28.74,15.65
113010,HUAMANI,1996,1,-999.0,28.86,16.59
113010,HUAMANI,1996,2,-999.0,30.11,18.0
113010,HUAMANI,1996,3,-999.0,29.8,18.05
113010,HUAMANI,1996,4,-999.0,28.21,16.86
113010,HUAMANI,1996,5,-999.0,26.68,13.96
113010,HUAMANI,1996,6,-999.0,22.88,10.09
113010,HUAMANI,1996,7,-999.0,23.87,9.99
113010,HUAMANI,1996,8,-999.0,24.35,9.75
113010,HUAMANI,1996,9,-999.0,26.08,11.18
113010,HUAMANI,1996,10,-999.0,27.58,12.23
113010,HUAMANI,1996,11,-999.0,27.42,12.81
113010,HUAMANI,1996,12,-999.0,27.98,15.32
113010,HUAMANI,1997,1,-999.0,27.9,16.55
113010,HUAMANI,1997,2,-999.0,29.89,17.66
113010,HUAMANI,1997,3,-999.0,30.53,17.42
113010,HUAMANI,1997,4,-999.0,28.9,16.21
113010,HUAMANI,1997,5,-999.0,26.77,13.82
113010,HUAMANI,1997,6,-999.0,24.9,11.98
113010,HUAMANI,1997,7,-999.0,23.77,11.47
113010,HUAMANI,1997,8,-999.0,25.33,12.13
113010,HUAMANI,1997,9,-999.0,26.3,13.25
113010,HUAMANI,1997,10,-999.0,26.85,12.9
113010,HUAMANI,1997,11,-999.0,27.88,14.06
113010,HUAMANI,1997,12,-999.0,28.61,16.42
113010,HUAMANI,1998,1,-999.0,28.88,18.97
113010,HUAMANI,1998,2,-999.0,30.95,19.55
113010,HUAMANI,1998,3,-999.0,31.7,19.14
113010,HUAMANI,1998,4,-999.0,31.32,17.32
113010,HUAMANI,1998,5,-999.0,27.49,13.75
113010,HUAMANI,1998,6,-999.0,25.58,12.96
113010,HUAMANI,1998,7,-999.0,24.46,11.76
113010,HUAMANI,1998,8,-999.0,24.92,11.53
113010,HUAMANI,1998,9,-999.0,26.26,11.68
113010,HUAMANI,1998,10,-999.0,26.79,12.2
113010,HUAMANI,1998,11,-999.0,27.32,13.77
113010,HUAMANI,1998,12,-999.0,27.31,15.18
113010,HUAMANI,1999,1,-999.0,29.73,16.61
113010,HUAMANI,1999,2,4.2,28.01,17.65
113010,HUAMANI,1999,3,8.4,29.25,17.74
113010,HUAMANI,1999,4,-999.0,28.3,16.78
113010,HUAMANI,1999,5,0.0,26.75,14.99
113010,HUAMANI,1999,6,0.0,23.27,11.61
113010,HUAMANI,1999,7,0.0,22.97,9.74
113010,HUAMANI,1999,8,0.0,23.83,9.72
113010,HUAMANI,1999,9,0.0,26.09,11.0
113010,HUAMANI,1999,10,0.0,26.93,13.06
113010,HUAMANI,1999,11,0.0,27.11,13.26
113010,HUAMANI,1999,12,1.5,27.61,15.48
113010,HUAMANI,2000,1,3.8,26.4,16.59
113010,HUAMANI,2000,2,0.0,29.59,17.41
113010,HUAMANI,2000,3,0.0,30.01,17.74
113010,HUAMANI,2000,4,0.0,29.36,17.45
113010,HUAMANI,2000,5,0.0,26.59,14.28
113010,HUAMANI,2000,6,0.0,23.54,9.9
113010,HUAMANI,2000,7,0.0,22.55,8.71
113010,HUAMANI,2000,8,0.0,23.65,9.07
113010,HUAMANI,2000,9,0.0,25.89,9.47
113010,HUAMANI,2000,10,0.0,26.67,12.23
113010,HUAMANI,2000,11,0.0,27.87,11.9
113010,HUAMANI,2000,12,0.0,27.35,14.34
113010,HUAMANI,2001,1,0.0,28.16,15.65
113010,HUAMANI,2001,2,2.7,30.12,16.57
113010,HUAMANI,2001,3,0.0,-999.0,17.45
113010,HUAMANI,2001,4,0.0,29.11,15.8
113010,HUAMANI,2001,5,0.0,26.39,12.34
113010,HUAMANI,2001,6,0.0,23.13,9.12
113010,HUAMANI,2001,7,0.0,23.02,8.26
113010,HUAMANI,2001,8,0.0,23.88,7.66
113010,HUAMANI,2001,9,0.0,25.86,10.76
113010,HUAMANI,2001,10,0.0,26.86,13.22
113010,HUAMANI,2001,11,0.0,28.08,14.44
113010,HUAMANI,2001,12,0.0,28.48,15.01
113010,HUAMANI,2002,1,0.0,29.03,16.01
113010,HUAMANI,2002,2,6.7,28.99,-999.0
113010,HUAMANI,2002,3,2.8,30.17,-999.0
113010,HUAMANI,2002,4,0.0,27.93,16.99
113010,HUAMANI,2002,5,0.0,26.85,14.94
113010,HUAMANI,2002,6,0.0,23.94,11.39
113010,HUAMANI,2002,7,0.0,22.5,-999.0
113010,HUAMANI,2002,8,0.0,23.49,9.67
113010,HUAMANI,2002,9,0.0,25.59,9.49
113010,HUAMANI,2002,10,0.0,27.87,12.36
113010,HUAMANI,2002,11,0.0,28.73,14.45
113010,HUAMANI,2002,12,0.0,29.01,15.51
113010,HUAMANI,2003,1,2.7,28.15,16.85
113010,HUAMANI,2003,2,2.3,28.33,17.94
113010,HUAMANI,2003,3,0.0,29.96,18.23
113010,HUAMANI,2003,4,0.0,28.7,15.97
113010,HUAMANI,2003,5,0.0,26.79,14.13
113010,HUAMANI,2003,6,0.0,24.09,11.31
113010,HUAMANI,2003,7,0.0,23.68,9.21
113010,HUAMANI,2003,8,0.0,24.68,7.42
113010,HUAMANI,2003,9,0.0,25.51,10.03
113010,HUAMANI,2003,10,0.0,27.43,11.68
113010,HUAMANI,2003,11,0.0,27.04,12.44
113010,HUAMANI,2003,12,0.0,27.52,14.84
113010,HUAMANI,2004,1,0.0,28.45,16.23
113010,HUAMANI,2004,2,0.0,28.99,16.85
113010,HUAMANI,2004,3,0.0,29.7,17.31
113010,HUAMANI,2004,4,0.0,28.66,15.75
113010,HUAMANI,2004,5,0.0,26.41,12.22
113010,HUAMANI,2004,6,0.0,23.23,9.44
113010,HUAMANI,2004,7,0.0,22.6,8.41
113010,HUAMANI,2004,8,0.0,23.51,8.74
113010,HUAMANI,2004,9,0.0,26.23,11.53
113010,HUAMANI,2004,10,0.0,27.03,12.01
113010,HUAMANI,2004,11,0.0,27.43,13.02
113010,HUAMANI,2004,12,0.0,28.01,15.61
113010,HUAMANI,2005,1,0.0,28.79,15.82
113010,HUAMANI,2005,2,13.0,28.46,16.64
113010,HUAMANI,2005,3,0.0,29.54,16.64
113010,HUAMANI,2005,4,0.0,29.37,16.73
113010,HUAMANI,2005,5,0.0,25.43,13.1
113010,HUAMANI,2005,6,0.0,23.78,10.92
113010,HUAMANI,2005,7,-999.0,22.73,10.03
113010,HUAMANI,2005,8,-999.0,23.88,10.37
113010,HUAMANI,2005,9,0.0,25.49,10.78
113010,HUAMANI,2005,10,0.0,27.1,12.03
113010,HUAMANI,2005,11,0.0,27.41,13.54
113010,HUAMANI,2005,12,0.0,27.66,15.52
113010,HUAMANI,2006,1,0.0,28.16,16.92
113010,HUAMANI,2006,2,5.6,28.82,18.89
113010,HUAMANI,2006,3,0.0,29.63,18.41
113010,HUAMANI,2006,4,0.0,28.87,16.95
113010,HUAMANI,2006,5,0.0,26.9,14.23
113010,HUAMANI,2006,6,0.0,23.54,11.49
113010,HUAMANI,2006,7,0.0,21.3,9.32
113010,HUAMANI,2006,8,0.0,23.79,10.8
113010,HUAMANI,2006,9,0.0,26.27,11.58
113010,HUAMANI,2006,10,0.0,26.62,12.76
113010,HUAMANI,2006,11,0.0,27.62,14.08
113010,HUAMANI,2006,12,0.0,27.99,15.78
113010,HUAMANI,2007,1,0.0,28.2,17.5
113010,HUAMANI,2007,2,0.0,29.6,18.12
113010,HUAMANI,2007,3,0.0,29.65,17.8
113010,HUAMANI,2007,4,0.0,29.19,16.91
113010,HUAMANI,2007,5,0.0,27.26,14.25
113010,HUAMANI,2007,6,0.0,24.42,11.81
113010,HUAMANI,2007,7,0.0,23.49,9.46
113010,HUAMANI,2007,8,0.0,23.23,8.91
113010,HUAMANI,2007,9,0.0,24.91,9.71
113010,HUAMANI,2007,10,0.0,25.84,11.75
113010,HUAMANI,2007,11,0.0,26.84,13.48
113010,HUAMANI,2007,12,0.0,27.26,14.26
113010,HUAMANI,2008,1,11.6,26.45,17.1
113010,HUAMANI,2008,2,6.3,28.39,17.85
113010,HUAMANI,2008,3,3.4,29.81,18.41
113010,HUAMANI,2008,4,0.0,29.15,17.17
113010,HUAMANI,2008,5,0.0,26.58,13.12
113010,HUAMANI,2008,6,0.0,22.59,9.85
113010,HUAMANI,2008,7,-999.0,22.15,8.05
113010,HUAMANI,2008,8,0.0,23.64,9.78
113010,HUAMANI,2008,9,0.0,25.53,10.26
113010,HUAMANI,2008,10,0.0,26.52,12.02
113010,HUAMANI,2008,11,0.0,27.59,13.63
113010,HUAMANI,2008,12,0.0,27.7,15.55
113010,HUAMANI,2009,1,-999.0,28.57,16.88
113010,HUAMANI,2009,2,13.7,28.32,17.65
113010,HUAMANI,2009,3,2.8,28.86,17.8
113010,HUAMANI,2009,4,0.0,29.53,16.49
113010,HUAMANI,2009,5,0.0,27.02,15.14
113010,HUAMANI,2009,6,-999.0,22.74,10.85
113010,HUAMANI,2009,7,-999.0,22.98,10.52
113010,HUAMANI,2009,8,0.0,-999.0,-999.0
113010,HUAMANI,2009,9,0.0,25.78,10.63
113010,HUAMANI,2009,10,0.0,26.98,12.59
113010,HUAMANI,2009,11,0.0,28.14,13.83
113010,HUAMANI,2009,12,0.0,27.57,15.12
113010,HUAMANI,2010,1,0.0,28.03,16.66
113010,HUAMANI,2010,2,0.0,28.44,18.16
113010,HUAMANI,2010,3,0.0,29.94,17.52
113010,HUAMANI,2010,4,0.0,29.28,16.74
113010,HUAMANI,2010,5,0.0,26.05,13.9
113010,HUAMANI,2010,6,0.0,23.72,10.93
113010,HUAMANI,2010,7,0.0,23.05,9.29
113010,HUAMANI,2010,8,0.0,23.79,9.78
113010,HUAMANI,2010,9,0.0,26.23,11.63
113010,HUAMANI,2010,10,0.0,26.99,12.26
113010,HUAMANI,2010,11,0.0,28.15,13.64
113010,HUAMANI,2010,12,0.0,28.17,16.14
113010,HUAMANI,2011,1,8.0,28.95,17.71
113010,HUAMANI,2011,2,17.8,28.81,18.71
113010,HUAMANI,2011,3,0.0,29.86,18.32
113010,HUAMANI,2011,4,0.0,28.42,17.79
113010,HUAMANI,2011,5,0.0,25.15,13.08
113010,HUAMANI,2011,6,0.0,22.92,11.75
113010,HUAMANI,2011,7,0.5,22.89,10.74
113010,HUAMANI,2011,8,0.0,23.24,9.7
113010,HUAMANI,2011,9,0.0,26.07,11.4
113010,HUAMANI,2011,10,0.0,27.01,12.23
113010,HUAMANI,2011,11,0.0,26.85,13.97
113010,HUAMANI,2011,12,1.0,27.39,15.97
113010,HUAMANI,2012,1,2.4,28.5,17.59
113010,HUAMANI,2012,2,17.6,28.53,18.47
113010,HUAMANI,2012,3,0.0,29.24,18.75
113010,HUAMANI,2012,4,0.0,28.59,17.29
113010,HUAMANI,2012,5,0.0,26.24,14.41
113010,HUAMANI,2012,6,0.5,23.1,11.75
113010,HUAMANI,2012,7,0.0,21.89,-999.0
113010,HUAMANI,2012,8,0.0,22.86,9.33
113010,HUAMANI,2012,9,0.0,25.97,10.92
113010,HUAMANI,2012,10,0.0,27.04,11.89
113010,HUAMANI,2012,11,0.0,27.71,13.52
113010,HUAMANI,2012,12,0.0,28.34,15.53
113010,HUAMANI,2013,1,1.0,29.49,16.81
113010,HUAMANI,2013,2,19.1,29.29,18.22
113010,HUAMANI,2013,3,0.9,30.07,18.16
113010,HUAMANI,2013,4,0.0,29.19,16.01
113010,HUAMANI,2013,5,-999.0,25.74,13.83
113010,HUAMANI,2013,6,0.0,23.15,11.37
113010,HUAMANI,2013,7,-999.0,22.15,10.06
113010,HUAMANI,2013,8,0.0,24.06,9.67
113010,HUAMANI,2013,9,-999.0,26.13,11.4
113010,HUAMANI,2013,10,0.0,27.13,12.87
113010,HUAMANI,2013,11,-999.0,27.34,13.6
113010,HUAMANI,2013,12,-999.0,27.87,15.88
113010,HUAMANI,2014,1,-999.0,28.2,18.09
113010,HUAMANI,2014,2,3.1,29.73,18.32
113010,HUAMANI,2014,3,6.1,28.68,18.27
113010,HUAMANI,2014,4,-999.0,27.87,15.97
113010,HUAMANI,2014,5,-999.0,23.92,12.48
113010,HUAMANI,2014,6,-999.0,22.58,10.68
113010,HUAMANI,2014,7,0.0,23.16,9.62
113010,HUAMANI,2014,8,0.0,24.88,10.63
113010,HUAMANI,2014,9,0.0,26.15,10.92
113010,HUAMANI,2014,10,0.0,27.82,13.21
113010,HUAMANI,2014,11,1.0,28.09,13.45
113010,HUAMANI,2014,12,0.0,28.4,14.43
113010,HUAMANI,2015,1,0.2,28.87,15.89
113010,HUAMANI,2015,2,8.9,27.32,17.5
113010,HUAMANI,2015,3,8.3,28.46,17.54
113010,HUAMANI,2015,4,0.0,28.87,16.67
113010,HUAMANI,2015,5,0.0,25.8,13.46
113010,HUAMANI,2015,6,0.0,23.53,10.71
113010,HUAMANI,2015,7,0.0,22.49,9.02
113010,HUAMANI,2015,8,0.0,23.47,8.97
113010,HUAMANI,2015,9,0.0,26.15,10.65
113010,HUAMANI,2015,10,0.0,27.63,11.94
113010,HUAMANI,2015,11,0.0,27.52,12.64
113010,HUAMANI,2015,12,0.0,28.11,14.08
113010,HUAMANI,2016,1,-999.0,28.85,14.97
113010,HUAMANI,2016,2,0.0,30.08,17.28
113010,HUAMANI,2016,3,1.3,30.83,17.57
113010,HUAMANI,2016,4,1.4,30.09,15.49
113010,HUAMANI,2016,5,0.0,28.61,12.88
113010,HUAMANI,2016,6,0.0,25.46,11.37
113010,HUAMANI,2016,7,0.0,24.12,10.39
113010,HUAMANI,2016,8,0.0,24.3,10.35
113010,HUAMANI,2016,9,0.0,26.69,11.35
113010,HUAMANI,2016,10,0.0,27.21,10.73
113010,HUAMANI,2016,11,0.0,29.14,12.42
113010,HUAMANI,2016,12,0.0,28.88,14.57
113010,HUAMANI,2017,1,88.2,27.19,18.83
113010,HUAMANI,2017,2,9.7,28.89,19.29
113010,HUAMANI,2017,3,22.3,29.31,19.27
113010,HUAMANI,2017,4,3.6,29.07,16.97
113010,HUAMANI,2017,5,0.0,25.75,14.64
113010,HUAMANI,2017,6,0.0,23.17,11.52
113010,HUAMANI,2017,7,0.0,22.25,10.13
113010,HUAMANI,2017,8,0.0,23.12,9.54
113010,HUAMANI,2017,9,0.0,24.97,11.3
113010,HUAMANI,2017,10,0.0,28.37,13.53
113010,HUAMANI,2017,11,0.0,27.51,12.98
113010,HUAMANI,2017,12,0.0,28.44,15.48
113010,HUAMANI,2018,1,-999.0,28.63,16.95
113010,HUAMANI,2018,2,-999.0,27.99,17.36
113010,HUAMANI,2018,3,0.5,29.36,18.03
113010,HUAMANI,2018,4,0.6,29.23,16.85
113010,HUAMANI,2018,5,0.0,27.31,14.53
113010,HUAMANI,2018,6,0.6,22.96,10.97
113010,HUAMANI,2018,7,0.0,22.97,10.58
113010,HUAMANI,2018,8,0.0,23.47,10.0
113010,HUAMANI,2018,9,0.0,24.97,11.13
113010,HUAMANI,2018,10,0.0,27.11,12.61
113010,HUAMANI,2018,11,-999.0,-999.0,-999.0
113010,HUAMANI,2018,12,-999.0,-999.0,-999.0
113010,HUAMANI,2019,1,2.2,29.32,17.32
113010,HUAMANI,2019,2,19.0,29.21,19.34
113010,HUAMANI,2019,3,10.9,30.42,18.35
113010,HUAMANI,2019,4,0.0,28.87,16.8
113010,HUAMANI,2019,5,0.0,26.52,14.06
113010,HUAMANI,2019,6,0.0,24.36,11.33
113010,HUAMANI,2019,7,0.0,22.99,10.03
113010,HUAMANI,2019,8,0.0,23.98,9.61
113010,HUAMANI,2019,9,0.6,25.07,11.55
113010,HUAMANI,2019,10,0.0,27.25,-999.0
113010,HUAMANI,2019,11,0.0,28.71,-999.0
113010,HUAMANI,2019,12,0.0,28.42,-999.0
113010,HUAMANI,2020,1,-999.0,27.77,-999.0
113010,HUAMANI,2020,2,1.3,29.11,-999.0
113010,HUAMANI,2020,3,-999.0,-999.0,-999.0
113010,HUAMANI,2020,4,-999.0,-999.0,-999.0
113010,HUAMANI,2020,5,-999.0,-999.0,-999.0
113010,HUAMANI,2020,6,-999.0,-999.0,-999.0
113010,HUAMANI,2020,7,-999.0,-999.0,-999.0
113010,HUAMANI,2020,8,0.0,24.26,10.06
113010,HUAMANI,2020,9,-999.0,-999.0,-999.0
113010,HUAMANI,2020,10,0.0,28.77,13.73
113010,HUAMANI,2020,11,0.0,28.53,13.03
113010,HUAMANI,2020,12,12.8,29.03,14.81
113010,HUAMANI,2021,1,0.3,29.26,16.56
113010,HUAMANI,2021,2,0.0,29.66,17.82
113010,HUAMANI,2021,3,3.5,29.79,18.06
113010,HUAMANI,2021,4,0.0,29.88,16.91
113010,HUAMANI,2021,5,0.0,26.94,14.49
113010,HUAMANI,2021,6,0.0,24.14,11.03
113010,HUAMANI,2021,7,0.0,23.74,10.42
113010,HUAMANI,2021,8,0.0,24.63,10.41
113010,HUAMANI,2021,9,0.0,27.5,12.31
113010,HUAMANI,2021,10,0.0,29.24,12.77
113010,HUAMANI,2021,11,0.0,27.77,13.44
113010,HUAMANI,2021,12,0.0,28.19,14.59
113010,HUAMANI,2022,1,0.0,28.88,16.85
113010,HUAMANI,2022,2,3.2,28.96,17.31
113010,HUAMANI,2022,3,0.7,30.39,17.83
113010,HUAMANI,2022,4,0.0,29.99,15.89
113010,HUAMANI,2022,5,0.0,27.51,13.3
113010,HUAMANI,2022,6,0.0,25.3,11.14
113010,HUAMANI,2022,7,0.0,25.1,10.93
113010,HUAMANI,2022,8,0.0,26.14,10.68
113010,HUAMANI,2022,9,0.0,27.16,10.89
113010,HUAMANI,2022,10,0.0,29.19,11.85
113010,HUAMANI,2022,11,0.0,28.97,13.69
113010,HUAMANI,2022,12,0.0,29.77,15.89
113010,HUAMANI,2023,1,0.4,30.7,17.88
113010,HUAMANI,2023,2,-999.0,30.94,19.26
113010,HUAMANI,2023,3,41.9,30.06,19.01
113010,HUAMANI,2023,4,2.3,29.91,18.17
113010,HUAMANI,2023,5,0.0,26.46,14.52
113010,HUAMANI,2023,6,0.0,23.47,11.45
113010,HUAMANI,2023,7,0.0,24.12,11.69
113010,HUAMANI,2023,8,0.0,23.95,11.72
113010,HUAMANI,2023,9,0.0,25.93,12.38
113010,HUAMANI,2023,10,0.3,29.16,14.94
113010,HUAMANI,2023,11,0.0,28.39,14.42
113010,HUAMANI,2023,12,1.0,29.14,16.02
113010,HUAMANI,2024,1,0.4,30.06,17.66
113010,HUAMANI,2024,2,9.1,30.17,19.28
113010,HUAMANI,2024,3,0.2,31.08,19.12
113010,HUAMANI,2024,4,0.7,29.84,17.51
113010,HUAMANI,2024,5,0.0,28.22,14.8
113010,HUAMANI,2024,6,0.0,27.07,12.83
113010,HUAMANI,2024,7,0.0,25.07,10.53
113010,HUAMANI,2024,8,0.0,25.64,10.45
113010,HUAMANI,2024,9,0.0,26.51,11.91
113010,HUAMANI,2024,10,0.0,29.79,13.34
113010,HUAMANI,2024,11,0.0,28.86,13.1
113010,HUAMANI,2024,12,0.0,30.22,14.63
113010,HUAMANI,2025,1,0.6,29.87,15.37
113010,HUAMANI,2025,2,42.3,28.59,17.34
113010,HUAMANI,2025,3,0.2,29.73,17.11
113010,HUAMANI,2025,4,0.0,29.56,15.49
113010,HUAMANI,2025,5,0.0,27.23,12.63
113010,HUAMANI,2025,6,0.0,24.37,10.31
113010,HUAMANI,2025,7,0.0,25.17,10.14
113010,HUAMANI,2025,8,0.0,25.04,9.78
113010,HUAMANI,2025,9,0.0,26.96,11.27
113010,HUAMANI,2025,10,0.3,28.9,12.68
113010,HUAMANI,2025,11,0.0,29.61,13.22
113010,HUAMANI,2025,12,-999.0,-999.0,-999.0
