CODIGO,ESTACION,YEAR,MONTH,PP,TMAX,TMIN
113140,SOCSI CAÑETE,1990,1,-999.0,-999.0,-999.0
113140,SOCSI CAÑETE,1990,2,-999.0,-999.0,-999.0
113140,SOCSI CAÑETE,1990,3,-999.0,-999.0,-999.0
113140,SOCSI CAÑETE,1990,4,-999.0,-999.0,-999.0
113140,SOCSI CAÑETE,1990,5,-999.0,-999.0,-999.0
113140,SOCSI CAÑETE,1990,6,-999.0,-999.0,-999.0
113140,SOCSI CAÑETE,1990,7,-999.0,-999.0,-999.0
113140,SOCSI CAÑETE,1990,8,-999.0,-999.0,-999.0
113140,SOCSI CAÑETE,1990,9,-999.0,-999.0,-999.0
113140,SOCSI CAÑETE,1990,10,-999.0,-999.0,-999.0
113140,SOCSI CAÑETE,1990,11,-999.0,-999.0,-999.0
113140,SOCSI CAÑETE,1990,12,-999.0,-999.0,-999.0
113140,SOCSI CAÑETE,1991,1,-999.0,-999.0,-999.0
113140,SOCSI CAÑETE,1991,2,-999.0,-999.0,-999.0
113140,SOCSI CAÑETE,1991,3,-999.0,-999.0,-999.0
113140,SOCSI CAÑETE,1991,4,-999.0,-999.0,-999.0
113140,SOCSI CAÑETE,1991,5,-999.0,-999.0,-999.0
113140,SOCSI CAÑETE,1991,6,-999.0,-999.0,-999.0
113140,SOCSI CAÑETE,1991,7,-999.0,-999.0,-999.0
113140,SOCSI CAÑETE,1991,8,-999.0,-999.0,-999.0
113140,SOCSI CAÑETE,1991,9,-999.0,-999.0,-999.0
113140,SOCSI CAÑETE,1991,10,-999.0,-999.0,-999.0
113140,SOCSI CAÑETE,1991,11,-999.0,-999.0,-999.0
113140,SOCSI CAÑETE,1991,12,-999.0,-999.0,-999.0
113140,SOCSI CAÑETE,1992,1,-999.0,-999.0,-999.0
113140,SOCSI CAÑETE,1992,2,-999.0,-999.0,-999.0
113140,SOCSI CAÑETE,1992,3,-999.0,-999.0,-999.0
113140,SOCSI CAÑETE,1992,4,-999.0,-999.0,-999.0
113140,SOCSI CAÑETE,1992,5,-999.0,-999.0,-999.0
113140,SOCSI CAÑETE,1992,6,-999.0,-999.0,-999.0
113140,SOCSI CAÑETE,1992,7,-999.0,-999.0,-999.0
113140,SOCSI CAÑETE,1992,8,-999.0,-999.0,-999.0
113140,SOCSI CAÑETE,1992,9,-999.0,-999.0,-999.0
113140,SOCSI CAÑETE,1992,10,-999.0,-999.0,-999.0
113140,SOCSI CAÑETE,1992,11,-999.0,-999.0,-999.0
113140,SOCSI CAÑETE,1992,12,-999.0,-999.0,-999.0
113140,SOCSI CAÑETE,1993,1,-999.0,-999.0,-999.0
113140,SOCSI CAÑETE,1993,2,-999.0,-999.0,-999.0
113140,SOCSI CAÑETE,1993,3,-999.0,-999.0,-999.0
113140,SOCSI CAÑETE,1993,4,-999.0,-999.0,-999.0
113140,SOCSI CAÑETE,1993,5,-999.0,-999.0,-999.0
113140,SOCSI CAÑETE,1993,6,-999.0,-999.0,-999.0
113140,SOCSI CAÑETE,1993,7,-999.0,-999.0,-999.0
113140,SOCSI CAÑETE,1993,8,-999.0,-999.0,-999.0
113140,SOCSI CAÑETE,1993,9,-999.0,-999.0,-999.0
113140,SOCSI CAÑETE,1993,10,-999.0,-999.0,-999.0
113140,SOCSI CAÑETE,1993,11,-999.0,-999.0,-999.0
113140,SOCSI CAÑETE,1993,12,-999.0,-999.0,-999.0
113140,SOCSI CAÑETE,1994,1,-999.0,-999.0,-999.0
113140,SOCSI CAÑETE,1994,2,-999.0,-999.0,-999.0
113140,SOCSI CAÑETE,1994,3,-999.0,-999.0,-999.0
113140,SOCSI CAÑETE,1994,4,-999.0,-999.0,-999.0
113140,SOCSI CAÑETE,1994,5,-999.0,-999.0,-999.0
113140,SOCSI CAÑETE,1994,6,-999.0,-999.0,-999.0
113140,SOCSI CAÑETE,1994,7,-999.0,-999.0,-999.0
113140,SOCSI CAÑETE,1994,8,-999.0,-999.0,-999.0
113140,SOCSI CAÑETE,1994,9,-999.0,-999.0,-999.0
113140,SOCSI CAÑETE,1994,10,-999.0,-999.0,-999.0
113140,SOCSI CAÑETE,1994,11,-999.0,-999.0,-999.0
113140,SOCSI CAÑETE,1994,12,-999.0,-999.0,-999.0
113140,SOCSI CAÑETE,1995,1,-999.0,-999.0,-999.0
113140,SOCSI CAÑETE,1995,2,-999.0,-999.0,-999.0
113140,SOCSI CAÑETE,1995,3,-999.0,-999.0,-999.0
113140,SOCSI CAÑETE,1995,4,-999.0,-999.0,-999.0
113140,SOCSI CAÑETE,1995,5,-999.0,-999.0,-999.0
113140,SOCSI CAÑETE,1995,6,-999.0,-999.0,-999.0
113140,SOCSI CAÑETE,1995,7,-999.0,-999.0,-999.0
113140,SOCSI CAÑETE,1995,8,-999.0,-999.0,-999.0
113140,SOCSI CAÑETE,1995,9,-999.0,-999.0,-999.0
113140,SOCSI CAÑETE,1995,10,-999.0,-999.0,-999.0
113140,SOCSI CAÑETE,1995,11,-999.0,-999.0,-999.0
113140,SOCSI CAÑETE,1995,12,-999.0,-999.0,-999.0
113140,SOCSI CAÑETE,1996,1,-999.0,-999.0,-999.0
113140,SOCSI CAÑETE,1996,2,-999.0,-999.0,-999.0
113140,SOCSI CAÑETE,1996,3,-999.0,-999.0,-999.0
113140,SOCSI CAÑETE,1996,4,-999.0,-999.0,-999.0
113140,SOCSI CAÑETE,1996,5,-999.0,-999.0,-999.0
113140,SOCSI CAÑETE,1996,6,-999.0,-999.0,-999.0
113140,SOCSI CAÑETE,1996,7,-999.0,-999.0,-999.0
113140,SOCSI CAÑETE,1996,8,-999.0,-999.0,-999.0
113140,SOCSI CAÑETE,1996,9,-999.0,-999.0,-999.0
113140,SOCSI CAÑETE,1996,10,-999.0,-999.0,-999.0
113140,SOCSI CAÑETE,1996,11,-999.0,-999.0,-999.0
113140,SOCSI CAÑETE,1996,12,-999.0,-999.0,-999.0
113140,SOCSI CAÑETE,1997,1,-999.0,-999.0,-999.0
113140,SOCSI CAÑETE,1997,2,-999.0,-999.0,-999.0
113140,SOCSI CAÑETE,1997,3,-999.0,-999.0,-999.0
113140,SOCSI CAÑETE,1997,4,-999.0,-999.0,-999.0
113140,SOCSI CAÑETE,1997,5,-999.0,-999.0,-999.0
113140,SOCSI CAÑETE,1997,6,-999.0,-999.0,-999.0
113140,SOCSI CAÑETE,1997,7,-999.0,-999.0,-999.0
113140,SOCSI CAÑETE,1997,8,-999.0,-999.0,-999.0
113140,SOCSI CAÑETE,1997,9,-999.0,-999.0,-999.0
113140,SOCSI CAÑETE,1997,10,-999.0,-999.0,-999.0
113140,SOCSI CAÑETE,1997,11,-999.0,-999.0,-999.0
113140,SOCSI CAÑETE,1997,12,-999.0,-999.0,-999.0
113140,SOCSI CAÑETE,1998,1,-999.0,-999.0,-999.0
113140,SOCSI CAÑETE,1998,2,-999.0,-999.0,-999.0
113140,SOCSI CAÑETE,1998,3,-999.0,-999.0,-999.0
113140,SOCSI CAÑETE,1998,4,-999.0,-999.0,-999.0
113140,SOCSI CAÑETE,1998,5,-999.0,-999.0,-999.0
113140,SOCSI CAÑETE,1998,6,-999.0,-999.0,-999.0
113140,SOCSI CAÑETE,1998,7,-999.0,-999.0,-999.0
113140,SOCSI CAÑETE,1998,8,-999.0,-999.0,-999.0
113140,SOCSI CAÑETE,1998,9,-999.0,-999.0,-999.0
113140,SOCSI CAÑETE,1998,10,-999.0,-999.0,-999.0
113140,SOCSI CAÑETE,1998,11,-999.0,-999.0,-999.0
113140,SOCSI CAÑETE,1998,12,-999.0,-999.0,-999.0
113140,SOCSI CAÑETE,1999,1,-999.0,-999.0,-999.0
113140,SOCSI CAÑETE,1999,2,-999.0,-999.0,-999.0
113140,SOCSI CAÑETE,1999,3,-999.0,-999.0,-999.0
113140,SOCSI CAÑETE,1999,4,-999.0,-999.0,-999.0
113140,SOCSI CAÑETE,1999,5,-999.0,-999.0,-999.0
113140,SOCSI CAÑETE,1999,6,-999.0,-999.0,-999.0
113140,SOCSI CAÑETE,1999,7,-999.0,-999.0,-999.0
113140,SOCSI CAÑETE,1999,8,-999.0,-999.0,-999.0
113140,SOCSI CAÑETE,1999,9,-999.0,-999.0,-999.0
113140,SOCSI CAÑETE,1999,10,-999.0,-999.0,-999.0
113140,SOCSI CAÑETE,1999,11,-999.0,-999.0,-999.0
113140,SOCSI CAÑETE,1999,12,-999.0,-999.0,-999.0
113140,SOCSI CAÑETE,2000,1,-999.0,-999.0,-999.0
113140,SOCSI CAÑETE,2000,2,-999.0,-999.0,-999.0
113140,SOCSI CAÑETE,2000,3,-999.0,-999.0,-999.0
113140,SOCSI CAÑETE,2000,4,-999.0,-999.0,-999.0
113140,SOCSI CAÑETE,2000,5,-999.0,-999.0,-999.0
113140,SOCSI CAÑETE,2000,6,-999.0,-999.0,-999.0
113140,SOCSI CAÑETE,2000,7,-999.0,-999.0,-999.0
113140,SOCSI CAÑETE,2000,8,-999.0,-999.0,-999.0
113140,SOCSI CAÑETE,2000,9,-999.0,-999.0,-999.0
113140,SOCSI CAÑETE,2000,10,-999.0,-999.0,-999.0
113140,SOCSI CAÑETE,2000,11,-999.0,-999.0,-999.0
113140,SOCSI CAÑETE,2000,12,-999.0,-999.0,-999.0
113140,SOCSI CAÑETE,2001,1,-999.0,-999.0,-999.0
113140,SOCSI CAÑETE,2001,2,-999.0,-999.0,-999.0
113140,SOCSI CAÑETE,2001,3,-999.0,-999.0,-999.0
113140,SOCSI CAÑETE,2001,4,-999.0,-999.0,-999.0
113140,SOCSI CAÑETE,2001,5,-999.0,-999.0,-999.0
113140,SOCSI CAÑETE,2001,6,-999.0,-999.0,-999.0
113140,SOCSI CAÑETE,2001,7,-999.0,-999.0,-999.0
113140,SOCSI CAÑETE,2001,8,-999.0,-999.0,-999.0
113140,SOCSI CAÑETE,2001,9,-999.0,-999.0,-999.0
113140,SOCSI CAÑETE,2001,10,-999.0,-999.0,-999.0
113140,SOCSI CAÑETE,2001,11,-999.0,-999.0,-999.0
113140,SOCSI CAÑETE,2001,12,-999.0,-999.0,-999.0
113140,SOCSI CAÑETE,2002,1,-999.0,-999.0,-999.0
113140,SOCSI CAÑETE,2002,2,-999.0,-999.0,-999.0
113140,SOCSI CAÑETE,2002,3,-999.0,-999.0,-999.0
113140,SOCSI CAÑETE,2002,4,-999.0,-999.0,-999.0
113140,SOCSI CAÑETE,2002,5,-999.0,-999.0,-999.0
113140,SOCSI CAÑETE,2002,6,-999.0,-999.0,-999.0
113140,SOCSI CAÑETE,2002,7,-999.0,-999.0,-999.0
113140,SOCSI CAÑETE,2002,8,-999.0,-999.0,-999.0
113140,SOCSI CAÑETE,2002,9,-999.0,-999.0,-999.0
113140,SOCSI CAÑETE,2002,10,-999.0,-999.0,-999.0
113140,SOCSI CAÑETE,2002,11,-999.0,-999.0,-999.0
113140,SOCSI CAÑETE,2002,12,-999.0,-999.0,-999.0
113140,SOCSI CAÑETE,2003,1,-999.0,-999.0,-999.0
113140,SOCSI CAÑETE,2003,2,-999.0,-999.0,-999.0
113140,SOCSI CAÑETE,2003,3,-999.0,-999.0,-999.0
113140,SOCSI CAÑETE,2003,4,-999.0,-999.0,-999.0
113140,SOCSI CAÑETE,2003,5,-999.0,-999.0,-999.0
113140,SOCSI CAÑETE,2003,6,-999.0,-999.0,-999.0
113140,SOCSI CAÑETE,2003,7,-999.0,-999.0,-999.0
113140,SOCSI CAÑETE,2003,8,-999.0,-999.0,-999.0
113140,SOCSI CAÑETE,2003,9,-999.0,-999.0,-999.0
113140,SOCSI CAÑETE,2003,10,-999.0,-999.0,-999.0
113140,SOCSI CAÑETE,2003,11,-999.0,-999.0,-999.0
113140,SOCSI CAÑETE,2003,12,-999.0,27.06,17.85
113140,SOCSI CAÑETE,2004,1,-999.0,28.48,18.87
113140,SOCSI CAÑETE,2004,2,-999.0,30.12,19.91
113140,SOCSI CAÑETE,2004,3,-999.0,30.12,19.71
113140,SOCSI CAÑETE,2004,4,-999.0,28.87,18.38
113140,SOCSI CAÑETE,2004,5,-999.0,25.94,14.49
113140,SOCSI CAÑETE,2004,6,-999.0,21.43,13.19
113140,SOCSI CAÑETE,2004,7,-999.0,20.43,13.16
113140,SOCSI CAÑETE,2004,8,-999.0,20.11,13.34
113140,SOCSI CAÑETE,2004,9,-999.0,22.74,14.26
113140,SOCSI CAÑETE,2004,10,-999.0,24.26,14.1
113140,SOCSI CAÑETE,2004,11,-999.0,24.02,15.39
113140,SOCSI CAÑETE,2004,12,-999.0,26.43,17.31
113140,SOCSI CAÑETE,2005,1,-999.0,28.15,19.09
113140,SOCSI CAÑETE,2005,2,-999.0,29.24,18.97
113140,SOCSI CAÑETE,2005,3,-999.0,29.95,19.09
113140,SOCSI CAÑETE,2005,4,-999.0,28.48,18.0
113140,SOCSI CAÑETE,2005,5,-999.0,24.73,14.27
113140,SOCSI CAÑETE,2005,6,-999.0,22.57,13.21
113140,SOCSI CAÑETE,2005,7,-999.0,19.81,12.99
113140,SOCSI CAÑETE,2005,8,-999.0,20.85,13.45
113140,SOCSI CAÑETE,2005,9,-999.0,20.67,13.71
113140,SOCSI CAÑETE,2005,10,-999.0,21.91,13.66
113140,SOCSI CAÑETE,2005,11,-999.0,24.14,14.25
113140,SOCSI CAÑETE,2005,12,-999.0,26.74,16.12
113140,SOCSI CAÑETE,2006,1,-999.0,28.96,18.84
113140,SOCSI CAÑETE,2006,2,-999.0,30.1,20.35
113140,SOCSI CAÑETE,2006,3,-999.0,30.21,19.34
113140,SOCSI CAÑETE,2006,4,-999.0,28.7,17.49
113140,SOCSI CAÑETE,2006,5,-999.0,25.59,14.65
113140,SOCSI CAÑETE,2006,6,-999.0,23.43,13.65
113140,SOCSI CAÑETE,2006,7,-999.0,20.34,14.11
113140,SOCSI CAÑETE,2006,8,-999.0,22.19,14.25
113140,SOCSI CAÑETE,2006,9,-999.0,22.87,14.22
113140,SOCSI CAÑETE,2006,10,-999.0,25.08,14.57
113140,SOCSI CAÑETE,2006,11,-999.0,26.06,15.31
113140,SOCSI CAÑETE,2006,12,-999.0,26.45,16.61
113140,SOCSI CAÑETE,2007,1,-999.0,27.92,-999.0
113140,SOCSI CAÑETE,2007,2,-999.0,30.93,19.54
113140,SOCSI CAÑETE,2007,3,-999.0,30.2,18.74
113140,SOCSI CAÑETE,2007,4,-999.0,28.98,18.27
113140,SOCSI CAÑETE,2007,5,-999.0,26.18,14.96
113140,SOCSI CAÑETE,2007,6,-999.0,22.79,12.92
113140,SOCSI CAÑETE,2007,7,-999.0,19.29,12.41
113140,SOCSI CAÑETE,2007,8,-999.0,19.24,11.8
113140,SOCSI CAÑETE,2007,9,-999.0,20.24,12.79
113140,SOCSI CAÑETE,2007,10,-999.0,21.53,13.28
113140,SOCSI CAÑETE,2007,11,-999.0,24.03,14.35
113140,SOCSI CAÑETE,2007,12,-999.0,24.92,15.44
113140,SOCSI CAÑETE,2008,1,-999.0,27.51,18.75
113140,SOCSI CAÑETE,2008,2,-999.0,29.58,19.53
113140,SOCSI CAÑETE,2008,3,-999.0,30.01,19.27
113140,SOCSI CAÑETE,2008,4,-999.0,29.21,17.51
113140,SOCSI CAÑETE,2008,5,-999.0,24.06,14.39
113140,SOCSI CAÑETE,2008,6,-999.0,21.27,12.86
113140,SOCSI CAÑETE,2008,7,-999.0,23.51,13.95
113140,SOCSI CAÑETE,2008,8,-999.0,22.94,14.67
113140,SOCSI CAÑETE,2008,9,-999.0,22.72,14.79
113140,SOCSI CAÑETE,2008,10,-999.0,24.67,15.38
113140,SOCSI CAÑETE,2008,11,-999.0,26.04,15.35
113140,SOCSI CAÑETE,2008,12,-999.0,27.19,16.35
113140,SOCSI CAÑETE,2009,1,-999.0,29.04,18.47
113140,SOCSI CAÑETE,2009,2,-999.0,29.75,19.36
113140,SOCSI CAÑETE,2009,3,-999.0,29.39,19.22
113140,SOCSI CAÑETE,2009,4,-999.0,28.91,17.75
113140,SOCSI CAÑETE,2009,5,-999.0,26.97,15.55
113140,SOCSI CAÑETE,2009,6,-999.0,23.05,13.69
113140,SOCSI CAÑETE,2009,7,-999.0,21.45,13.84
113140,SOCSI CAÑETE,2009,8,-999.0,21.98,13.05
113140,SOCSI CAÑETE,2009,9,-999.0,23.42,13.9
113140,SOCSI CAÑETE,2009,10,-999.0,24.77,14.69
113140,SOCSI CAÑETE,2009,11,-999.0,25.21,15.4
113140,SOCSI CAÑETE,2009,12,-999.0,25.61,16.34
113140,SOCSI CAÑETE,2010,1,-999.0,27.61,18.3
113140,SOCSI CAÑETE,2010,2,-999.0,29.22,20.01
113140,SOCSI CAÑETE,2010,3,-999.0,-999.0,20.02
113140,SOCSI CAÑETE,2010,4,-999.0,-999.0,18.55
113140,SOCSI CAÑETE,2010,5,-999.0,-999.0,16.56
113140,SOCSI CAÑETE,2010,6,-999.0,-999.0,13.83
113140,SOCSI CAÑETE,2010,7,-999.0,-999.0,-999.0
113140,SOCSI CAÑETE,2010,8,-999.0,-999.0,-999.0
113140,SOCSI CAÑETE,2010,9,-999.0,-999.0,12.2
113140,SOCSI CAÑETE,2010,10,-999.0,-999.0,12.81
113140,SOCSI CAÑETE,2010,11,-999.0,-999.0,14.25
113140,SOCSI CAÑETE,2010,12,-999.0,-999.0,14.72
113140,SOCSI CAÑETE,2011,1,-999.0,-999.0,-999.0
113140,SOCSI CAÑETE,2011,2,-999.0,-999.0,-999.0
113140,SOCSI CAÑETE,2011,3,-999.0,-999.0,-999.0
113140,SOCSI CAÑETE,2011,4,-999.0,-999.0,-999.0
113140,SOCSI CAÑETE,2011,5,-999.0,-999.0,-999.0
113140,SOCSI CAÑETE,2011,6,-999.0,-999.0,-999.0
113140,SOCSI CAÑETE,2011,7,-999.0,-999.0,-999.0
113140,SOCSI CAÑETE,2011,8,-999.0,-999.0,-999.0
113140,SOCSI CAÑETE,2011,9,-999.0,-999.0,-999.0
113140,SOCSI CAÑETE,2011,10,-999.0,-999.0,-999.0
113140,SOCSI CAÑETE,2011,11,-999.0,-999.0,-999.0
113140,SOCSI CAÑETE,2011,12,-999.0,-999.0,-999.0
113140,SOCSI CAÑETE,2012,1,-999.0,-999.0,-999.0
113140,SOCSI CAÑETE,2012,2,-999.0,-999.0,-999.0
113140,SOCSI CAÑETE,2012,3,-999.0,-999.0,-999.0
113140,SOCSI CAÑETE,2012,4,-999.0,-999.0,-999.0
113140,SOCSI CAÑETE,2012,5,-999.0,-999.0,-999.0
113140,SOCSI CAÑETE,2012,6,-999.0,-999.0,-999.0
113140,SOCSI CAÑETE,2012,7,-999.0,-999.0,-999.0
113140,SOCSI CAÑETE,2012,8,-999.0,-999.0,-999.0
113140,SOCSI CAÑETE,2012,9,-999.0,-999.0,-999.0
113140,SOCSI CAÑETE,2012,10,-999.0,-999.0,-999.0
113140,SOCSI CAÑETE,2012,11,-999.0,-999.0,-999.0
113140,SOCSI CAÑETE,2012,12,-999.0,-999.0,-999.0
113140,SOCSI CAÑETE,2013,1,-999.0,-999.0,-999.0
113140,SOCSI CAÑETE,2013,2,-999.0,-999.0,-999.0
113140,SOCSI CAÑETE,2013,3,-999.0,-999.0,-999.0
113140,SOCSI CAÑETE,2013,4,-999.0,-999.0,-999.0
113140,SOCSI CAÑETE,2013,5,-999.0,-999.0,-999.0
113140,SOCSI CAÑETE,2013,6,-999.0,-999.0,-999.0
113140,SOCSI CAÑETE,2013,7,-999.0,-999.0,-999.0
113140,SOCSI CAÑETE,2013,8,-999.0,-999.0,-999.0
113140,SOCSI CAÑETE,2013,9,-999.0,-999.0,-999.0
113140,SOCSI CAÑETE,2013,10,-999.0,-999.0,-999.0
113140,SOCSI CAÑETE,2013,11,-999.0,-999.0,-999.0
113140,SOCSI CAÑETE,2013,12,-999.0,-999.0,-999.0
113140,SOCSI CAÑETE,2014,1,-999.0,-999.0,-999.0
113140,SOCSI CAÑETE,2014,2,-999.0,-999.0,-999.0
113140,SOCSI CAÑETE,2014,3,-999.0,-999.0,-999.0
113140,SOCSI CAÑETE,2014,4,-999.0,-999.0,-999.0
113140,SOCSI CAÑETE,2014,5,-999.0,-999.0,-999.0
113140,SOCSI CAÑETE,2014,6,-999.0,-999.0,-999.0
113140,SOCSI CAÑETE,2014,7,-999.0,-999.0,-999.0
113140,SOCSI CAÑETE,2014,8,-999.0,-999.0,-999.0
113140,SOCSI CAÑETE,2014,9,-999.0,-999.0,-999.0
113140,SOCSI CAÑETE,2014,10,-999.0,-999.0,-999.0
113140,SOCSI CAÑETE,2014,11,-999.0,-999.0,-999.0
113140,SOCSI CAÑETE,2014,12,-999.0,-999.0,-999.0
113140,SOCSI CAÑETE,2015,1,-999.0,-999.0,-999.0
113140,SOCSI CAÑETE,2015,2,-999.0,-999.0,-999.0
113140,SOCSI CAÑETE,2015,3,-999.0,-999.0,-999.0
113140,SOCSI CAÑETE,2015,4,-999.0,-999.0,-999.0
113140,SOCSI CAÑETE,2015,5,-999.0,-999.0,-999.0
113140,SOCSI CAÑETE,2015,6,-999.0,-999.0,-999.0
113140,SOCSI CAÑETE,2015,7,-999.0,-999.0,-999.0
113140,SOCSI CAÑETE,2015,8,-999.0,-999.0,-999.0
113140,SOCSI CAÑETE,2015,9,-999.0,-999.0,-999.0
113140,SOCSI CAÑETE,2015,10,-999.0,-999.0,-999.0
113140,SOCSI CAÑETE,2015,11,-999.0,-999.0,-999.0
113140,SOCSI CAÑETE,2015,12,-999.0,-999.0,-999.0
113140,SOCSI CAÑETE,2016,1,-999.0,27.84,-999.0
113140,SOCSI CAÑETE,2016,2,-999.0,30.56,-999.0
113140,SOCSI CAÑETE,2016,3,-999.0,30.05,-999.0
113140,SOCSI CAÑETE,2016,4,-999.0,28.14,-999.0
113140,SOCSI CAÑETE,2016,5,-999.0,22.9,-999.0
113140,SOCSI CAÑETE,2016,6,-999.0,19.18,-999.0
113140,SOCSI CAÑETE,2016,7,-999.0,19.96,-999.0
113140,SOCSI CAÑETE,2016,8,-999.0,22.95,-999.0
113140,SOCSI CAÑETE,2016,9,-999.0,24.26,-999.0
113140,SOCSI CAÑETE,2016,10,-999.0,23.85,-999.0
113140,SOCSI CAÑETE,2016,11,-999.0,25.08,-999.0
113140,SOCSI CAÑETE,2016,12,-999.0,26.22,-999.0
113140,SOCSI CAÑETE,2017,1,-999.0,28.04,-999.0
113140,SOCSI CAÑETE,2017,2,-999.0,30.76,21.04
113140,SOCSI CAÑETE,2017,3,-999.0,30.28,21.39
113140,SOCSI CAÑETE,2017,4,-999.0,29.15,19.46
113140,SOCSI CAÑETE,2017,5,-999.0,25.08,17.76
113140,SOCSI CAÑETE,2017,6,-999.0,21.63,15.43
113140,SOCSI CAÑETE,2017,7,-999.0,20.35,13.73
113140,SOCSI CAÑETE,2017,8,-999.0,20.72,13.29
113140,SOCSI CAÑETE,2017,9,-999.0,20.14,13.67
113140,SOCSI CAÑETE,2017,10,-999.0,24.2,13.95
113140,SOCSI CAÑETE,2017,11,-999.0,23.62,14.72
113140,SOCSI CAÑETE,2017,12,-999.0,24.98,15.68
113140,SOCSI CAÑETE,2018,1,-999.0,27.49,18.79
113140,SOCSI CAÑETE,2018,2,-999.0,28.75,20.24
113140,SOCSI CAÑETE,2018,3,-999.0,30.13,20.05
113140,SOCSI CAÑETE,2018,4,-999.0,29.16,18.43
113140,SOCSI CAÑETE,2018,5,-999.0,26.64,16.61
113140,SOCSI CAÑETE,2018,6,-999.0,19.17,14.47
113140,SOCSI CAÑETE,2018,7,-999.0,19.98,14.2
113140,SOCSI CAÑETE,2018,8,-999.0,20.34,13.63
113140,SOCSI CAÑETE,2018,9,-999.0,21.4,13.93
113140,SOCSI CAÑETE,2018,10,-999.0,23.68,14.98
113140,SOCSI CAÑETE,2018,11,-999.0,25.59,15.77
113140,SOCSI CAÑETE,2018,12,-999.0,27.5,17.71
113140,SOCSI CAÑETE,2019,1,-999.0,29.35,20.16
113140,SOCSI CAÑETE,2019,2,-999.0,30.73,21.52
113140,SOCSI CAÑETE,2019,3,-999.0,30.54,20.33
113140,SOCSI CAÑETE,2019,4,-999.0,28.49,17.61
113140,SOCSI CAÑETE,2019,5,-999.0,25.74,15.57
113140,SOCSI CAÑETE,2019,6,-999.0,20.93,14.68
113140,SOCSI CAÑETE,2019,7,-999.0,20.69,13.58
113140,SOCSI CAÑETE,2019,8,-999.0,20.98,12.91
113140,SOCSI CAÑETE,2019,9,-999.0,21.69,13.13
113140,SOCSI CAÑETE,2019,10,-999.0,23.92,13.87
113140,SOCSI CAÑETE,2019,11,-999.0,25.71,15.96
113140,SOCSI CAÑETE,2019,12,-999.0,27.46,18.0
113140,SOCSI CAÑETE,2020,1,-999.0,27.97,19.65
113140,SOCSI CAÑETE,2020,2,-999.0,29.5,20.31
113140,SOCSI CAÑETE,2020,3,-999.0,-999.0,-999.0
113140,SOCSI CAÑETE,2020,4,-999.0,-999.0,-999.0
113140,SOCSI CAÑETE,2020,5,-999.0,-999.0,-999.0
113140,SOCSI CAÑETE,2020,6,-999.0,-999.0,-999.0
113140,SOCSI CAÑETE,2020,7,-999.0,-999.0,-999.0
113140,SOCSI CAÑETE,2020,8,-999.0,-999.0,-999.0
113140,SOCSI CAÑETE,2020,9,-999.0,-999.0,-999.0
113140,SOCSI CAÑETE,2020,10,-999.0,23.96,15.02
113140,SOCSI CAÑETE,2020,11,0.0,24.94,15.2
113140,SOCSI CAÑETE,2020,12,0.0,26.61,17.92
113140,SOCSI CAÑETE,2021,1,-999.0,28.37,18.99
113140,SOCSI CAÑETE,2021,2,-999.0,29.66,19.14
113140,SOCSI CAÑETE,2021,3,-999.0,29.9,19.34
113140,SOCSI CAÑETE,2021,4,-999.0,28.85,18.01
113140,SOCSI CAÑETE,2021,5,-999.0,25.03,15.58
113140,SOCSI CAÑETE,2021,6,-999.0,20.86,14.62
113140,SOCSI CAÑETE,2021,7,-999.0,20.42,13.75
113140,SOCSI CAÑETE,2021,8,-999.0,21.96,13.55
113140,SOCSI CAÑETE,2021,9,-999.0,23.47,13.74
113140,SOCSI CAÑETE,2021,10,-999.0,25.17,13.97
113140,SOCSI CAÑETE,2021,11,-999.0,24.85,14.11
113140,SOCSI CAÑETE,2021,12,-999.0,26.7,15.42
113140,SOCSI CAÑETE,2022,1,-999.0,27.8,16.19
113140,SOCSI CAÑETE,2022,2,-999.0,29.14,17.0
113140,SOCSI CAÑETE,2022,3,-999.0,29.89,18.05
113140,SOCSI CAÑETE,2022,4,-999.0,28.46,16.29
113140,SOCSI CAÑETE,2022,5,-999.0,25.45,14.08
113140,SOCSI CAÑETE,2022,6,-999.0,22.07,12.6
113140,SOCSI CAÑETE,2022,7,-999.0,20.12,12.98
113140,SOCSI CAÑETE,2022,8,-999.0,20.85,12.65
113140,SOCSI CAÑETE,2022,9,-999.0,21.19,12.39
113140,SOCSI CAÑETE,2022,10,-999.0,23.26,12.75
113140,SOCSI CAÑETE,2022,11,0.0,25.67,14.27
113140,SOCSI CAÑETE,2022,12,-999.0,28.23,17.88
113140,SOCSI CAÑETE,2023,1,-999.0,29.6,19.0
113140,SOCSI CAÑETE,2023,2,-999.0,31.2,20.78
113140,SOCSI CAÑETE,2023,3,-999.0,30.54,20.97
113140,SOCSI CAÑETE,2023,4,-999.0,30.32,20.69
113140,SOCSI CAÑETE,2023,5,-999.0,25.9,17.76
113140,SOCSI CAÑETE,2023,6,-999.0,23.99,16.6
113140,SOCSI CAÑETE,2023,7,-999.0,24.25,16.45
113140,SOCSI CAÑETE,2023,8,-999.0,23.88,15.87
113140,SOCSI CAÑETE,2023,9,-999.0,24.91,15.47
113140,SOCSI CAÑETE,2023,10,-999.0,25.78,15.96
113140,SOCSI CAÑETE,2023,11,-999.0,26.58,16.13
113140,SOCSI CAÑETE,2023,12,-999.0,27.81,18.35
113140,SOCSI CAÑETE,2024,1,-999.0,30.3,20.28
113140,SOCSI CAÑETE,2024,2,-999.0,31.73,21.88
113140,SOCSI CAÑETE,2024,3,-999.0,30.91,20.39
113140,SOCSI CAÑETE,2024,4,-999.0,29.13,18.77
113140,SOCSI CAÑETE,2024,5,-999.0,26.42,16.0
113140,SOCSI CAÑETE,2024,6,-999.0,22.37,13.85
113140,SOCSI CAÑETE,2024,7,-999.0,19.65,13.08
113140,SOCSI CAÑETE,2024,8,-999.0,20.42,12.81
113140,SOCSI CAÑETE,2024,9,-999.0,23.28,13.64
113140,SOCSI CAÑETE,2024,10,-999.0,25.15,15.11
113140,SOCSI CAÑETE,2024,11,-999.0,24.93,15.25
113140,SOCSI CAÑETE,2024,12,-999.0,27.52,16.78
113140,SOCSI CAÑETE,2025,1,-999.0,29.43,18.53
113140,SOCSI CAÑETE,2025,2,-999.0,30.96,20.32
113140,SOCSI CAÑETE,2025,3,-999.0,31.47,19.65
113140,SOCSI CAÑETE,2025,4,-999.0,28.98,17.58
113140,SOCSI CAÑETE,2025,5,-999.0,26.06,15.57
113140,SOCSI CAÑETE,2025,6,-999.0,20.98,14.93
113140,SOCSI CAÑETE,2025,7,-999.0,21.33,14.26
113140,SOCSI CAÑETE,2025,8,-999.0,21.63,13.62
113140,SOCSI CAÑETE,2025,9,-999.0,23.98,13.36
113140,SOCSI CAÑETE,2025,10,-999.0,25.57,15.01
113140,SOCSI CAÑETE,2025,11,0.0,26.71,15.88
113140,SOCSI CAÑETE,2025,12,0.0,27.79,17.17
