CODIGO,ESTACION,YEAR,MONTH,PP,TMAX,TMIN
113153,LETRAYOC,1990,1,-999.0,-999.0,-999.0
113153,LETRAYOC,1990,2,-999.0,-999.0,-999.0
113153,LETRAYOC,1990,3,-999.0,-999.0,-999.0
113153,LETRAYOC,1990,4,-999.0,-999.0,-999.0
113153,LETRAYOC,1990,5,-999.0,-999.0,-999.0
113153,LETRAYOC,1990,6,-999.0,-999.0,-999.0
113153,LETRAYOC,1990,7,-999.0,-999.0,-999.0
113153,LETRAYOC,1990,8,-999.0,-999.0,-999.0
113153,LETRAYOC,1990,9,-999.0,-999.0,-999.0
113153,LETRAYOC,1990,10,-999.0,-999.0,-999.0
113153,LETRAYOC,1990,11,-999.0,-999.0,-999.0
113153,LETRAYOC,1990,12,-999.0,-999.0,-999.0
113153,LETRAYOC,1991,1,-999.0,-999.0,-999.0
113153,LETRAYOC,1991,2,-999.0,-999.0,-999.0
113153,LETRAYOC,1991,3,-999.0,-999.0,-999.0
113153,LETRAYOC,1991,4,-999.0,-999.0,-999.0
113153,LETRAYOC,1991,5,-999.0,-999.0,-999.0
113153,LETRAYOC,1991,6,-999.0,-999.0,-999.0
113153,LETRAYOC,1991,7,-999.0,-999.0,-999.0
113153,LETRAYOC,1991,8,-999.0,-999.0,-999.0
113153,LETRAYOC,1991,9,-999.0,-999.0,-999.0
113153,LETRAYOC,1991,10,-999.0,-999.0,-999.0
113153,LETRAYOC,1991,11,-999.0,-999.0,-999.0
113153,LETRAYOC,1991,12,-999.0,-999.0,-999.0
113153,LETRAYOC,1992,1,-999.0,-999.0,-999.0
113153,LETRAYOC,1992,2,-999.0,-999.0,-999.0
113153,LETRAYOC,1992,3,-999.0,-999.0,-999.0
113153,LETRAYOC,1992,4,-999.0,-999.0,-999.0
113153,LETRAYOC,1992,5,-999.0,-999.0,-999.0
113153,LETRAYOC,1992,6,-999.0,-999.0,-999.0
113153,LETRAYOC,1992,7,-999.0,-999.0,-999.0
113153,LETRAYOC,1992,8,-999.0,-999.0,-999.0
113153,LETRAYOC,1992,9,-999.0,-999.0,-999.0
113153,LETRAYOC,1992,10,-999.0,-999.0,-999.0
113153,LETRAYOC,1992,11,-999.0,-999.0,-999.0
113153,LETRAYOC,1992,12,-999.0,-999.0,-999.0
113153,LETRAYOC,1993,1,-999.0,-999.0,-999.0
113153,LETRAYOC,1993,2,-999.0,-999.0,-999.0
113153,LETRAYOC,1993,3,-999.0,-999.0,-999.0
113153,LETRAYOC,1993,4,-999.0,-999.0,-999.0
113153,LETRAYOC,1993,5,-999.0,-999.0,-999.0
113153,LETRAYOC,1993,6,-999.0,-999.0,-999.0
113153,LETRAYOC,1993,7,-999.0,-999.0,-999.0
113153,LETRAYOC,1993,8,-999.0,-999.0,-999.0
113153,LETRAYOC,1993,9,-999.0,-999.0,-999.0
113153,LETRAYOC,1993,10,-999.0,-999.0,-999.0
113153,LETRAYOC,1993,11,-999.0,-999.0,-999.0
113153,LETRAYOC,1993,12,-999.0,-999.0,-999.0
113153,LETRAYOC,1994,1,-999.0,-999.0,-999.0
113153,LETRAYOC,1994,2,-999.0,-999.0,-999.0
113153,LETRAYOC,1994,3,-999.0,-999.0,-999.0
113153,LETRAYOC,1994,4,-999.0,-999.0,-999.0
113153,LETRAYOC,1994,5,-999.0,-999.0,-999.0
113153,LETRAYOC,1994,6,-999.0,-999.0,-999.0
113153,LETRAYOC,1994,7,-999.0,-999.0,-999.0
113153,LETRAYOC,1994,8,-999.0,-999.0,-999.0
113153,LETRAYOC,1994,9,-999.0,-999.0,-999.0
113153,LETRAYOC,1994,10,-999.0,-999.0,-999.0
113153,LETRAYOC,1994,11,-999.0,-999.0,-999.0
113153,LETRAYOC,1994,12,-999.0,-999.0,-999.0
113153,LETRAYOC,1995,1,-999.0,-999.0,-999.0
113153,LETRAYOC,1995,2,-999.0,-999.0,-999.0
113153,LETRAYOC,1995,3,-999.0,-999.0,-999.0
113153,LETRAYOC,1995,4,-999.0,-999.0,-999.0
113153,LETRAYOC,1995,5,-999.0,-999.0,-999.0
113153,LETRAYOC,1995,6,-999.0,-999.0,-999.0
113153,LETRAYOC,1995,7,-999.0,-999.0,-999.0
113153,LETRAYOC,1995,8,-999.0,-999.0,-999.0
113153,LETRAYOC,1995,9,-999.0,-999.0,-999.0
113153,LETRAYOC,1995,10,-999.0,-999.0,-999.0
113153,LETRAYOC,1995,11,-999.0,-999.0,-999.0
113153,LETRAYOC,1995,12,-999.0,-999.0,-999.0
113153,LETRAYOC,1996,1,-999.0,-999.0,-999.0
113153,LETRAYOC,1996,2,-999.0,-999.0,-999.0
113153,LETRAYOC,1996,3,-999.0,-999.0,-999.0
113153,LETRAYOC,1996,4,-999.0,-999.0,-999.0
113153,LETRAYOC,1996,5,-999.0,-999.0,-999.0
113153,LETRAYOC,1996,6,-999.0,-999.0,-999.0
113153,LETRAYOC,1996,7,-999.0,-999.0,-999.0
113153,LETRAYOC,1996,8,-999.0,-999.0,-999.0
113153,LETRAYOC,1996,9,-999.0,-999.0,-999.0
113153,LETRAYOC,1996,10,-999.0,-999.0,-999.0
113153,LETRAYOC,1996,11,-999.0,-999.0,-999.0
113153,LETRAYOC,1996,12,-999.0,-999.0,-999.0
113153,LETRAYOC,1997,1,-999.0,-999.0,-999.0
113153,LETRAYOC,1997,2,-999.0,-999.0,-999.0
113153,LETRAYOC,1997,3,-999.0,-999.0,-999.0
113153,LETRAYOC,1997,4,-999.0,-999.0,-999.0
113153,LETRAYOC,1997,5,-999.0,-999.0,-999.0
113153,LETRAYOC,1997,6,-999.0,-999.0,-999.0
113153,LETRAYOC,1997,7,-999.0,-999.0,-999.0
113153,LETRAYOC,1997,8,-999.0,-999.0,-999.0
113153,LETRAYOC,1997,9,-999.0,-999.0,-999.0
113153,LETRAYOC,1997,10,-999.0,-999.0,-999.0
113153,LETRAYOC,1997,11,-999.0,-999.0,-999.0
113153,LETRAYOC,1997,12,-999.0,-999.0,-999.0
113153,LETRAYOC,1998,1,-999.0,-999.0,-999.0
113153,LETRAYOC,1998,2,-999.0,-999.0,-999.0
113153,LETRAYOC,1998,3,-999.0,-999.0,-999.0
113153,LETRAYOC,1998,4,-999.0,-999.0,-999.0
113153,LETRAYOC,1998,5,-999.0,-999.0,-999.0
113153,LETRAYOC,1998,6,-999.0,-999.0,-999.0
113153,LETRAYOC,1998,7,-999.0,-999.0,-999.0
113153,LETRAYOC,1998,8,-999.0,-999.0,-999.0
113153,LETRAYOC,1998,9,-999.0,-999.0,-999.0
113153,LETRAYOC,1998,10,-999.0,-999.0,-999.0
113153,LETRAYOC,1998,11,-999.0,-999.0,-999.0
113153,LETRAYOC,1998,12,-999.0,-999.0,-999.0
113153,LETRAYOC,1999,1,-999.0,-999.0,-999.0
113153,LETRAYOC,1999,2,-999.0,-999.0,-999.0
113153,LETRAYOC,1999,3,-999.0,-999.0,-999.0
113153,LETRAYOC,1999,4,-999.0,-999.0,-999.0
113153,LETRAYOC,1999,5,-999.0,-999.0,-999.0
113153,LETRAYOC,1999,6,-999.0,-999.0,-999.0
113153,LETRAYOC,1999,7,-999.0,-999.0,-999.0
113153,LETRAYOC,1999,8,-999.0,-999.0,-999.0
113153,LETRAYOC,1999,9,-999.0,-999.0,-999.0
113153,LETRAYOC,1999,10,-999.0,-999.0,-999.0
113153,LETRAYOC,1999,11,-999.0,-999.0,-999.0
113153,LETRAYOC,1999,12,0.5,-999.0,-999.0
113153,LETRAYOC,2000,1,3.3,-999.0,-999.0
113153,LETRAYOC,2000,2,0.7,-999.0,-999.0
113153,LETRAYOC,2000,3,2.8,-999.0,-999.0
113153,LETRAYOC,2000,4,0.0,-999.0,-999.0
113153,LETRAYOC,2000,5,-999.0,-999.0,-999.0
113153,LETRAYOC,2000,6,0.0,-999.0,-999.0
113153,LETRAYOC,2000,7,0.0,-999.0,-999.0
113153,LETRAYOC,2000,8,0.0,-999.0,-999.0
113153,LETRAYOC,2000,9,0.0,-999.0,-999.0
113153,LETRAYOC,2000,10,0.0,-999.0,-999.0
113153,LETRAYOC,2000,11,0.0,-999.0,-999.0
113153,LETRAYOC,2000,12,0.0,-999.0,-999.0
113153,LETRAYOC,2001,1,0.8,-999.0,-999.0
113153,LETRAYOC,2001,2,0.3,-999.0,-999.0
113153,LETRAYOC,2001,3,3.0,-999.0,-999.0
113153,LETRAYOC,2001,4,0.0,-999.0,-999.0
113153,LETRAYOC,2001,5,0.0,-999.0,-999.0
113153,LETRAYOC,2001,6,0.0,-999.0,-999.0
113153,LETRAYOC,2001,7,0.0,-999.0,-999.0
113153,LETRAYOC,2001,8,0.0,-999.0,-999.0
113153,LETRAYOC,2001,9,0.0,-999.0,-999.0
113153,LETRAYOC,2001,10,0.0,-999.0,-999.0
113153,LETRAYOC,2001,11,0.0,-999.0,-999.0
113153,LETRAYOC,2001,12,0.0,-999.0,-999.0
113153,LETRAYOC,2002,1,0.0,-999.0,-999.0
113153,LETRAYOC,2002,2,6.9,-999.0,-999.0
113153,LETRAYOC,2002,3,10.2,-999.0,-999.0
113153,LETRAYOC,2002,4,0.0,-999.0,-999.0
113153,LETRAYOC,2002,5,0.0,-999.0,-999.0
113153,LETRAYOC,2002,6,0.0,-999.0,-999.0
113153,LETRAYOC,2002,7,0.0,-999.0,-999.0
113153,LETRAYOC,2002,8,0.0,-999.0,-999.0
113153,LETRAYOC,2002,9,0.0,-999.0,-999.0
113153,LETRAYOC,2002,10,0.0,-999.0,-999.0
113153,LETRAYOC,2002,11,0.0,-999.0,-999.0
113153,LETRAYOC,2002,12,0.0,-999.0,-999.0
113153,LETRAYOC,2003,1,1.9,-999.0,-999.0
113153,LETRAYOC,2003,2,1.0,-999.0,-999.0
113153,LETRAYOC,2003,3,0.0,-999.0,-999.0
113153,LETRAYOC,2003,4,0.0,-999.0,-999.0
113153,LETRAYOC,2003,5,0.0,-999.0,-999.0
113153,LETRAYOC,2003,6,0.0,-999.0,-999.0
113153,LETRAYOC,2003,7,0.0,-999.0,-999.0
113153,LETRAYOC,2003,8,0.0,-999.0,-999.0
113153,LETRAYOC,2003,9,0.0,-999.0,-999.0
113153,LETRAYOC,2003,10,0.0,-999.0,-999.0
113153,LETRAYOC,2003,11,0.0,-999.0,-999.0
113153,LETRAYOC,2003,12,0.0,-999.0,-999.0
113153,LETRAYOC,2004,1,0.0,-999.0,-999.0
113153,LETRAYOC,2004,2,0.0,-999.0,-999.0
113153,LETRAYOC,2004,3,0.3,-999.0,-999.0
113153,LETRAYOC,2004,4,0.0,-999.0,-999.0
113153,LETRAYOC,2004,5,0.0,-999.0,-999.0
113153,LETRAYOC,2004,6,0.0,-999.0,-999.0
113153,LETRAYOC,2004,7,0.0,-999.0,-999.0
113153,LETRAYOC,2004,8,0.0,-999.0,-999.0
113153,LETRAYOC,2004,9,0.0,-999.0,-999.0
113153,LETRAYOC,2004,10,0.0,-999.0,-999.0
113153,LETRAYOC,2004,11,0.0,-999.0,-999.0
113153,LETRAYOC,2004,12,0.0,-999.0,-999.0
113153,LETRAYOC,2005,1,0.0,-999.0,-999.0
113153,LETRAYOC,2005,2,3.5,-999.0,-999.0
113153,LETRAYOC,2005,3,0.0,-999.0,-999.0
113153,LETRAYOC,2005,4,0.0,-999.0,-999.0
113153,LETRAYOC,2005,5,0.0,-999.0,-999.0
113153,LETRAYOC,2005,6,-999.0,-999.0,-999.0
113153,LETRAYOC,2005,7,-999.0,-999.0,-999.0
113153,LETRAYOC,2005,8,0.0,-999.0,-999.0
113153,LETRAYOC,2005,9,-999.0,-999.0,-999.0
113153,LETRAYOC,2005,10,-999.0,-999.0,-999.0
113153,LETRAYOC,2005,11,-999.0,-999.0,-999.0
113153,LETRAYOC,2005,12,4.5,-999.0,-999.0
113153,LETRAYOC,2006,1,-999.0,-999.0,-999.0
113153,LETRAYOC,2006,2,6.4,-999.0,-999.0
113153,LETRAYOC,2006,3,3.2,-999.0,-999.0
113153,LETRAYOC,2006,4,0.0,-999.0,-999.0
113153,LETRAYOC,2006,5,-999.0,-999.0,-999.0
113153,LETRAYOC,2006,6,-999.0,-999.0,-999.0
113153,LETRAYOC,2006,7,-999.0,-999.0,-999.0
113153,LETRAYOC,2006,8,-999.0,-999.0,-999.0
113153,LETRAYOC,2006,9,-999.0,-999.0,-999.0
113153,LETRAYOC,2006,10,-999.0,-999.0,-999.0
113153,LETRAYOC,2006,11,-999.0,-999.0,-999.0
113153,LETRAYOC,2006,12,-999.0,-999.0,-999.0
113153,LETRAYOC,2007,1,-999.0,-999.0,-999.0
113153,LETRAYOC,2007,2,0.7,-999.0,-999.0
113153,LETRAYOC,2007,3,1.0,-999.0,-999.0
113153,LETRAYOC,2007,4,0.3,-999.0,-999.0
113153,LETRAYOC,2007,5,-999.0,-999.0,-999.0
113153,LETRAYOC,2007,6,-999.0,-999.0,-999.0
113153,LETRAYOC,2007,7,-999.0,-999.0,-999.0
113153,LETRAYOC,2007,8,-999.0,-999.0,-999.0
113153,LETRAYOC,2007,9,-999.0,-999.0,-999.0
113153,LETRAYOC,2007,10,-999.0,-999.0,-999.0
113153,LETRAYOC,2007,11,0.0,-999.0,-999.0
113153,LETRAYOC,2007,12,0.0,-999.0,-999.0
113153,LETRAYOC,2008,1,-999.0,-999.0,-999.0
113153,LETRAYOC,2008,2,-999.0,-999.0,-999.0
113153,LETRAYOC,2008,3,7.1,-999.0,-999.0
113153,LETRAYOC,2008,4,0.0,-999.0,-999.0
113153,LETRAYOC,2008,5,-999.0,-999.0,-999.0
113153,LETRAYOC,2008,6,-999.0,-999.0,-999.0
113153,LETRAYOC,2008,7,-999.0,-999.0,-999.0
113153,LETRAYOC,2008,8,-999.0,-999.0,-999.0
113153,LETRAYOC,2008,9,-999.0,-999.0,-999.0
113153,LETRAYOC,2008,10,0.0,-999.0,-999.0
113153,LETRAYOC,2008,11,0.0,-999.0,-999.0
113153,LETRAYOC,2008,12,1.2,-999.0,-999.0
113153,LETRAYOC,2009,1,0.7,-999.0,-999.0
113153,LETRAYOC,2009,2,-999.0,-999.0,-999.0
113153,LETRAYOC,2009,3,1.0,-999.0,-999.0
113153,LETRAYOC,2009,4,0.0,-999.0,-999.0
113153,LETRAYOC,2009,5,0.0,-999.0,-999.0
113153,LETRAYOC,2009,6,-999.0,-999.0,-999.0
113153,LETRAYOC,2009,7,-999.0,-999.0,-999.0
113153,LETRAYOC,2009,8,-999.0,-999.0,-999.0
113153,LETRAYOC,2009,9,-999.0,-999.0,-999.0
113153,LETRAYOC,2009,10,0.0,-999.0,-999.0
113153,LETRAYOC,2009,11,-999.0,-999.0,-999.0
113153,LETRAYOC,2009,12,-999.0,-999.0,-999.0
113153,LETRAYOC,2010,1,-999.0,-999.0,-999.0
113153,LETRAYOC,2010,2,1.0,-999.0,-999.0
113153,LETRAYOC,2010,3,0.2,-999.0,-999.0
113153,LETRAYOC,2010,4,0.0,-999.0,-999.0
113153,LETRAYOC,2010,5,-999.0,-999.0,-999.0
113153,LETRAYOC,2010,6,-999.0,-999.0,-999.0
113153,LETRAYOC,2010,7,-999.0,-999.0,-999.0
113153,LETRAYOC,2010,8,-999.0,-999.0,-999.0
113153,LETRAYOC,2010,9,-999.0,-999.0,-999.0
113153,LETRAYOC,2010,10,-999.0,-999.0,-999.0
113153,LETRAYOC,2010,11,-999.0,-999.0,-999.0
113153,LETRAYOC,2010,12,-999.0,-999.0,-999.0
113153,LETRAYOC,2011,1,-999.0,-999.0,-999.0
113153,LETRAYOC,2011,2,6.1,-999.0,-999.0
113153,LETRAYOC,2011,3,0.0,-999.0,-999.0
113153,LETRAYOC,2011,4,0.0,-999.0,-999.0
113153,LETRAYOC,2011,5,-999.0,-999.0,-999.0
113153,LETRAYOC,2011,6,-999.0,-999.0,-999.0
113153,LETRAYOC,2011,7,-999.0,-999.0,-999.0
113153,LETRAYOC,2011,8,-999.0,-999.0,-999.0
113153,LETRAYOC,2011,9,-999.0,-999.0,-999.0
113153,LETRAYOC,2011,10,-999.0,-999.0,-999.0
113153,LETRAYOC,2011,11,0.0,-999.0,-999.0
113153,LETRAYOC,2011,12,0.3,-999.0,-999.0
113153,LETRAYOC,2012,1,-999.0,-999.0,-999.0
113153,LETRAYOC,2012,2,-999.0,-999.0,-999.0
113153,LETRAYOC,2012,3,0.0,-999.0,-999.0
113153,LETRAYOC,2012,4,0.6,-999.0,-999.0
113153,LETRAYOC,2012,5,-999.0,-999.0,-999.0
113153,LETRAYOC,2012,6,-999.0,-999.0,-999.0
113153,LETRAYOC,2012,7,-999.0,-999.0,-999.0
113153,LETRAYOC,2012,8,-999.0,-999.0,-999.0
113153,LETRAYOC,2012,9,-999.0,-999.0,-999.0
113153,LETRAYOC,2012,10,-999.0,-999.0,-999.0
113153,LETRAYOC,2012,11,-999.0,-999.0,-999.0
113153,LETRAYOC,2012,12,-999.0,-999.0,-999.0
113153,LETRAYOC,2013,1,0.0,-999.0,-999.0
113153,LETRAYOC,2013,2,16.8,-999.0,-999.0
113153,LETRAYOC,2013,3,2.5,-999.0,-999.0
113153,LETRAYOC,2013,4,0.0,-999.0,-999.0
113153,LETRAYOC,2013,5,-999.0,-999.0,-999.0
113153,LETRAYOC,2013,6,-999.0,-999.0,-999.0
113153,LETRAYOC,2013,7,-999.0,-999.0,-999.0
113153,LETRAYOC,2013,8,-999.0,-999.0,-999.0
113153,LETRAYOC,2013,9,0.0,-999.0,-999.0
113153,LETRAYOC,2013,10,0.0,-999.0,-999.0
113153,LETRAYOC,2013,11,0.0,-999.0,-999.0
113153,LETRAYOC,2013,12,0.0,-999.0,-999.0
113153,LETRAYOC,2014,1,-999.0,-999.0,-999.0
113153,LETRAYOC,2014,2,3.5,-999.0,-999.0
113153,LETRAYOC,2014,3,9.0,-999.0,-999.0
113153,LETRAYOC,2014,4,0.0,-999.0,-999.0
113153,LETRAYOC,2014,5,0.0,-999.0,-999.0
113153,LETRAYOC,2014,6,0.0,-999.0,-999.0
113153,LETRAYOC,2014,7,0.0,-999.0,-999.0
113153,LETRAYOC,2014,8,0.0,-999.0,-999.0
113153,LETRAYOC,2014,9,0.0,-999.0,-999.0
113153,LETRAYOC,2014,10,0.0,-999.0,-999.0
113153,LETRAYOC,2014,11,0.0,-999.0,-999.0
113153,LETRAYOC,2014,12,0.0,-999.0,-999.0
113153,LETRAYOC,2015,1,0.3,-999.0,-999.0
113153,LETRAYOC,2015,2,2.9,-999.0,-999.0
113153,LETRAYOC,2015,3,7.0,-999.0,-999.0
113153,LETRAYOC,2015,4,0.0,-999.0,-999.0
113153,LETRAYOC,2015,5,0.0,-999.0,-999.0
113153,LETRAYOC,2015,6,0.0,-999.0,-999.0
113153,LETRAYOC,2015,7,0.0,-999.0,-999.0
113153,LETRAYOC,2015,8,0.0,-999.0,-999.0
113153,LETRAYOC,2015,9,0.0,-999.0,-999.0
113153,LETRAYOC,2015,10,0.0,-999.0,-999.0
113153,LETRAYOC,2015,11,0.0,-999.0,-999.0
113153,LETRAYOC,2015,12,0.0,-999.0,-999.0
113153,LETRAYOC,2016,1,0.0,-999.0,-999.0
113153,LETRAYOC,2016,2,0.2,-999.0,-999.0
113153,LETRAYOC,2016,3,1.8,-999.0,-999.0
113153,LETRAYOC,2016,4,4.3,-999.0,-999.0
113153,LETRAYOC,2016,5,-999.0,-999.0,-999.0
113153,LETRAYOC,2016,6,0.0,-999.0,-999.0
113153,LETRAYOC,2016,7,0.0,-999.0,-999.0
113153,LETRAYOC,2016,8,0.0,-999.0,-999.0
113153,LETRAYOC,2016,9,0.0,-999.0,-999.0
113153,LETRAYOC,2016,10,0.0,-999.0,-999.0
113153,LETRAYOC,2016,11,0.0,-999.0,-999.0
113153,LETRAYOC,2016,12,0.0,-999.0,-999.0
113153,LETRAYOC,2017,1,-999.0,-999.0,-999.0
113153,LETRAYOC,2017,2,4.5,-999.0,-999.0
113153,LETRAYOC,2017,3,15.0,-999.0,-999.0
113153,LETRAYOC,2017,4,0.0,-999.0,-999.0
113153,LETRAYOC,2017,5,0.0,-999.0,-999.0
113153,LETRAYOC,2017,6,0.0,-999.0,-999.0
113153,LETRAYOC,2017,7,0.0,-999.0,-999.0
113153,LETRAYOC,2017,8,0.0,-999.0,-999.0
113153,LETRAYOC,2017,9,0.0,-999.0,-999.0
113153,LETRAYOC,2017,10,0.0,-999.0,-999.0
113153,LETRAYOC,2017,11,0.0,-999.0,-999.0
113153,LETRAYOC,2017,12,0.0,-999.0,-999.0
113153,LETRAYOC,2018,1,0.5,-999.0,-999.0
113153,LETRAYOC,2018,2,3.9,-999.0,-999.0
113153,LETRAYOC,2018,3,0.8,-999.0,-999.0
113153,LETRAYOC,2018,4,0.0,-999.0,-999.0
113153,LETRAYOC,2018,5,0.0,-999.0,-999.0
113153,LETRAYOC,2018,6,0.0,-999.0,-999.0
113153,LETRAYOC,2018,7,0.0,-999.0,-999.0
113153,LETRAYOC,2018,8,0.0,-999.0,-999.0
113153,LETRAYOC,2018,9,0.0,-999.0,-999.0
113153,LETRAYOC,2018,10,0.0,-999.0,-999.0
113153,LETRAYOC,2018,11,0.0,-999.0,-999.0
113153,LETRAYOC,2018,12,0.0,-999.0,-999.0
113153,LETRAYOC,2019,1,2.1,-999.0,-999.0
113153,LETRAYOC,2019,2,11.7,-999.0,-999.0
113153,LETRAYOC,2019,3,3.6,-999.0,-999.0
113153,LETRAYOC,2019,4,-999.0,-999.0,-999.0
113153,LETRAYOC,2019,5,0.0,-999.0,-999.0
113153,LETRAYOC,2019,6,0.0,-999.0,-999.0
113153,LETRAYOC,2019,7,0.0,-999.0,-999.0
113153,LETRAYOC,2019,8,0.0,-999.0,-999.0
113153,LETRAYOC,2019,9,0.0,-999.0,-999.0
113153,LETRAYOC,2019,10,0.0,-999.0,-999.0
113153,LETRAYOC,2019,11,0.0,-999.0,-999.0
113153,LETRAYOC,2019,12,3.4,-999.0,-999.0
113153,LETRAYOC,2020,1,8.3,-999.0,-999.0
113153,LETRAYOC,2020,2,2.2,-999.0,-999.0
113153,LETRAYOC,2020,3,-999.0,-999.0,-999.0
113153,LETRAYOC,2020,4,0.0,-999.0,-999.0
113153,LETRAYOC,2020,5,0.4,-999.0,-999.0
113153,LETRAYOC,2020,6,0.0,-999.0,-999.0
113153,LETRAYOC,2020,7,0.0,-999.0,-999.0
113153,LETRAYOC,2020,8,0.0,-999.0,-999.0
113153,LETRAYOC,2020,9,0.0,-999.0,-999.0
113153,LETRAYOC,2020,10,0.0,-999.0,-999.0
113153,LETRAYOC,2020,11,0.0,-999.0,-999.0
113153,LETRAYOC,2020,12,3.7,-999.0,-999.0
113153,LETRAYOC,2021,1,1.5,-999.0,-999.0
113153,LETRAYOC,2021,2,-999.0,-999.0,-999.0
113153,LETRAYOC,2021,3,-999.0,-999.0,-999.0
113153,LETRAYOC,2021,4,-999.0,-999.0,-999.0
113153,LETRAYOC,2021,5,-999.0,-999.0,-999.0
113153,LETRAYOC,2021,6,-999.0,-999.0,-999.0
113153,LETRAYOC,2021,7,-999.0,-999.0,-999.0
113153,LETRAYOC,2021,8,-999.0,-999.0,-999.0
113153,LETRAYOC,2021,9,-999.0,-999.0,-999.0
113153,LETRAYOC,2021,10,-999.0,-999.0,-999.0
113153,LETRAYOC,2021,11,-999.0,-999.0,-999.0
113153,LETRAYOC,2021,12,-999.0,-999.0,-999.0
113153,LETRAYOC,2022,1,-999.0,-999.0,-999.0
113153,LETRAYOC,2022,2,8.6,-999.0,-999.0
113153,LETRAYOC,2022,3,0.8,-999.0,-999.0
113153,LETRAYOC,2022,4,0.0,-999.0,-999.0
113153,LETRAYOC,2022,5,0.0,-999.0,-999.0
113153,LETRAYOC,2022,6,0.0,-999.0,-999.0
113153,LETRAYOC,2022,7,0.0,-999.0,-999.0
113153,LETRAYOC,2022,8,0.0,-999.0,-999.0
113153,LETRAYOC,2022,9,0.0,-999.0,-999.0
113153,LETRAYOC,2022,10,0.0,-999.0,-999.0
113153,LETRAYOC,2022,11,0.0,-999.0,-999.0
113153,LETRAYOC,2022,12,0.0,-999.0,-999.0
113153,LETRAYOC,2023,1,0.0,-999.0,-999.0
113153,LETRAYOC,2023,2,2.0,-999.0,-999.0
113153,LETRAYOC,2023,3,14.7,-999.0,-999.0
113153,LETRAYOC,2023,4,0.0,-999.0,-999.0
113153,LETRAYOC,2023,5,0.0,-999.0,-999.0
113153,LETRAYOC,2023,6,0.0,-999.0,-999.0
113153,LETRAYOC,2023,7,0.0,-999.0,-999.0
113153,LETRAYOC,2023,8,0.0,-999.0,-999.0
113153,LETRAYOC,2023,9,0.0,-999.0,-999.0
113153,LETRAYOC,2023,10,0.0,-999.0,-999.0
113153,LETRAYOC,2023,11,0.0,-999.0,-999.0
113153,LETRAYOC,2023,12,1.0,-999.0,-999.0
113153,LETRAYOC,2024,1,0.0,-999.0,-999.0
113153,LETRAYOC,2024,2,8.2,-999.0,-999.0
113153,LETRAYOC,2024,3,0.8,-999.0,-999.0
113153,LETRAYOC,2024,4,0.0,-999.0,-999.0
113153,LETRAYOC,2024,5,0.0,-999.0,-999.0
113153,LETRAYOC,2024,6,-999.0,-999.0,-999.0
113153,LETRAYOC,2024,7,-999.0,-999.0,-999.0
113153,LETRAYOC,2024,8,0.0,-999.0,-999.0
113153,LETRAYOC,2024,9,0.0,-999.0,-999.0
113153,LETRAYOC,2024,10,0.0,-999.0,-999.0
113153,LETRAYOC,2024,11,-999.0,-999.0,-999.0
113153,LETRAYOC,2024,12,1.8,-999.0,-999.0
113153,LETRAYOC,2025,1,0.7,-999.0,-999.0
113153,LETRAYOC,2025,2,34.1,-999.0,-999.0
113153,LETRAYOC,2025,3,0.4,-999.0,-999.0
113153,LETRAYOC,2025,4,0.0,-999.0,-999.0
113153,LETRAYOC,2025,5,0.0,-999.0,-999.0
113153,LETRAYOC,2025,6,0.0,-999.0,-999.0
113153,LETRAYOC,2025,7,0.0,-999.0,-999.0
113153,LETRAYOC,2025,8,0.0,-999.0,-999.0
113153,LETRAYOC,2025,9,0.0,-999.0,-999.0
113153,LETRAYOC,2025,10,0.0,-999.0,-999.0
113153,LETRAYOC,2025,11,0.0,-999.0,-999.0
113153,LETRAYOC,2025,12,0.2,-999.0,-999.0
