CODIGO,ESTACION,YEAR,MONTH,PP,TMAX,TMIN
114033,SICUANI,1990,1,127.1,-999.0,6.05
114033,SICUANI,1990,2,104.8,-999.0,4.62
114033,SICUANI,1990,3,71.2,-999.0,4.27
114033,SICUANI,1990,4,33.8,-999.0,2.88
114033,SICUANI,1990,5,-999.0,-999.0,-999.0
114033,SICUANI,1990,6,-999.0,-999.0,-999.0
114033,SICUANI,1990,7,-999.0,-999.0,-999.0
114033,SICUANI,1990,8,-999.0,-999.0,-999.0
114033,SICUANI,1990,9,-999.0,-999.0,-999.0
114033,SICUANI,1990,10,-999.0,-999.0,-999.0
114033,SICUANI,1990,11,-999.0,-999.0,-999.0
114033,SICUANI,1990,12,-999.0,-999.0,-999.0
114033,SICUANI,1991,1,93.3,-999.0,6.23
114033,SICUANI,1991,2,76.3,-999.0,5.65
114033,SICUANI,1991,3,-999.0,-999.0,-999.0
114033,SICUANI,1991,4,59.3,-999.0,3.3
114033,SICUANI,1991,5,18.1,-999.0,0.24
114033,SICUANI,1991,6,-999.0,-999.0,-999.0
114033,SICUANI,1991,7,0.0,-999.0,-3.83
114033,SICUANI,1991,8,0.0,-999.0,-2.51
114033,SICUANI,1991,9,12.7,-999.0,1.46
114033,SICUANI,1991,10,44.9,-999.0,3.9
114033,SICUANI,1991,11,43.7,-999.0,4.28
114033,SICUANI,1991,12,-999.0,-999.0,4.83
114033,SICUANI,1992,1,99.2,-999.0,6.11
114033,SICUANI,1992,2,61.4,-999.0,5.31
114033,SICUANI,1992,3,-999.0,-999.0,-999.0
114033,SICUANI,1992,4,-999.0,-999.0,-999.0
114033,SICUANI,1992,5,-999.0,-999.0,-999.0
114033,SICUANI,1992,6,-999.0,-999.0,-999.0
114033,SICUANI,1992,7,-999.0,-999.0,-999.0
114033,SICUANI,1992,8,19.5,18.46,-0.53
114033,SICUANI,1992,9,19.1,20.6,2.91
114033,SICUANI,1992,10,62.8,20.63,3.82
114033,SICUANI,1992,11,96.8,20.45,4.27
114033,SICUANI,1992,12,53.6,19.83,5.81
114033,SICUANI,1993,1,163.0,18.28,5.9
114033,SICUANI,1993,2,87.1,19.14,5.41
114033,SICUANI,1993,3,116.2,18.04,6.02
114033,SICUANI,1993,4,57.4,19.28,4.75
114033,SICUANI,1993,5,0.0,19.77,0.72
114033,SICUANI,1993,6,1.2,19.76,-3.76
114033,SICUANI,1993,7,2.0,18.85,-1.74
114033,SICUANI,1993,8,9.8,19.61,-0.7
114033,SICUANI,1993,9,26.7,19.96,2.95
114033,SICUANI,1993,10,66.0,20.7,4.66
114033,SICUANI,1993,11,136.4,20.15,5.4
114033,SICUANI,1993,12,114.1,19.25,6.09
114033,SICUANI,1994,1,127.5,18.06,6.18
114033,SICUANI,1994,2,143.8,18.31,4.94
114033,SICUANI,1994,3,128.4,19.09,5.19
114033,SICUANI,1994,4,74.9,18.65,5.25
114033,SICUANI,1994,5,18.8,19.15,0.81
114033,SICUANI,1994,6,0.3,18.72,-2.93
114033,SICUANI,1994,7,0.0,19.12,-3.51
114033,SICUANI,1994,8,1.2,20.21,-1.95
114033,SICUANI,1994,9,9.3,21.12,3.5
114033,SICUANI,1994,10,50.5,21.21,4.16
114033,SICUANI,1994,11,81.0,20.59,5.95
114033,SICUANI,1994,12,127.4,19.79,6.26
114033,SICUANI,1995,1,107.4,19.25,6.47
114033,SICUANI,1995,2,105.2,19.49,5.79
114033,SICUANI,1995,3,131.3,18.02,6.47
114033,SICUANI,1995,4,64.4,20.15,3.82
114033,SICUANI,1995,5,3.1,20.72,-0.47
114033,SICUANI,1995,6,1.2,19.36,-2.14
114033,SICUANI,1995,7,2.8,20.08,-1.8
114033,SICUANI,1995,8,0.0,21.96,-0.07
114033,SICUANI,1995,9,16.6,21.37,2.33
114033,SICUANI,1995,10,36.0,22.85,5.03
114033,SICUANI,1995,11,92.3,21.43,5.67
114033,SICUANI,1995,12,117.0,20.1,5.08
114033,SICUANI,1996,1,121.3,18.21,6.19
114033,SICUANI,1996,2,112.0,18.65,6.34
114033,SICUANI,1996,3,155.5,19.88,5.53
114033,SICUANI,1996,4,42.7,19.35,4.44
114033,SICUANI,1996,5,16.3,19.61,1.35
114033,SICUANI,1996,6,0.0,18.87,-3.29
114033,SICUANI,1996,7,0.0,19.27,-3.33
114033,SICUANI,1996,8,12.0,19.63,0.99
114033,SICUANI,1996,9,24.5,21.43,2.19
114033,SICUANI,1996,10,54.2,22.12,4.54
114033,SICUANI,1996,11,61.6,20.78,5.61
114033,SICUANI,1996,12,115.7,18.79,6.54
114033,SICUANI,1997,1,226.7,18.06,6.51
114033,SICUANI,1997,2,173.8,17.99,6.53
114033,SICUANI,1997,3,176.9,18.92,5.49
114033,SICUANI,1997,4,49.9,19.45,3.04
114033,SICUANI,1997,5,3.5,19.2,-0.35
114033,SICUANI,1997,6,0.0,19.67,-3.51
114033,SICUANI,1997,7,5.2,19.94,-2.48
114033,SICUANI,1997,8,15.2,18.95,1.04
114033,SICUANI,1997,9,8.9,21.47,3.54
114033,SICUANI,1997,10,45.5,22.38,4.7
114033,SICUANI,1997,11,135.5,20.49,5.79
114033,SICUANI,1997,12,64.6,21.07,6.23
114033,SICUANI,1998,1,102.3,20.79,7.23
114033,SICUANI,1998,2,131.0,20.93,7.71
114033,SICUANI,1998,3,97.8,21.03,6.06
114033,SICUANI,1998,4,15.1,21.42,3.53
114033,SICUANI,1998,5,0.0,20.63,-2.83
114033,SICUANI,1998,6,0.0,18.96,-2.2
114033,SICUANI,1998,7,0.0,19.6,-4.36
114033,SICUANI,1998,8,5.6,20.59,-0.87
114033,SICUANI,1998,9,1.7,21.86,0.48
114033,SICUANI,1998,10,92.2,20.61,4.9
114033,SICUANI,1998,11,73.6,20.31,4.98
114033,SICUANI,1998,12,92.7,19.64,4.83
114033,SICUANI,1999,1,133.3,19.03,6.03
114033,SICUANI,1999,2,145.4,16.74,6.77
114033,SICUANI,1999,3,83.4,17.48,6.32
114033,SICUANI,1999,4,85.7,18.57,4.61
114033,SICUANI,1999,5,17.6,18.68,0.79
114033,SICUANI,1999,6,3.2,18.82,-4.22
114033,SICUANI,1999,7,0.3,17.71,-4.58
114033,SICUANI,1999,8,0.0,19.91,-2.56
114033,SICUANI,1999,9,44.1,19.98,0.84
114033,SICUANI,1999,10,24.4,19.73,3.59
114033,SICUANI,1999,11,38.5,21.47,2.76
114033,SICUANI,1999,12,127.2,19.65,5.14
114033,SICUANI,2000,1,110.4,17.31,6.48
114033,SICUANI,2000,2,180.0,17.19,6.02
114033,SICUANI,2000,3,121.9,17.88,4.75
114033,SICUANI,2000,4,15.6,19.68,2.57
114033,SICUANI,2000,5,7.2,19.77,-0.78
114033,SICUANI,2000,6,6.0,18.11,-2.73
114033,SICUANI,2000,7,4.4,17.73,-2.88
114033,SICUANI,2000,8,1.7,19.32,0.1
114033,SICUANI,2000,9,18.6,20.83,1.45
114033,SICUANI,2000,10,76.4,19.15,4.16
114033,SICUANI,2000,11,25.2,21.69,2.8
114033,SICUANI,2000,12,92.6,18.86,4.96
114033,SICUANI,2001,1,213.0,16.9,6.37
114033,SICUANI,2001,2,158.1,17.14,6.32
114033,SICUANI,2001,3,176.9,18.17,6.36
114033,SICUANI,2001,4,55.3,18.39,2.95
114033,SICUANI,2001,5,25.9,18.38,0.25
114033,SICUANI,2001,6,1.2,18.46,-2.23
114033,SICUANI,2001,7,13.9,17.8,-2.23
114033,SICUANI,2001,8,10.5,19.07,-2.14
114033,SICUANI,2001,9,34.7,20.47,2.32
114033,SICUANI,2001,10,48.3,20.41,4.54
114033,SICUANI,2001,11,76.2,21.03,5.11
114033,SICUANI,2001,12,134.4,19.94,5.12
114033,SICUANI,2002,1,154.7,19.12,5.72
114033,SICUANI,2002,2,205.2,17.73,6.85
114033,SICUANI,2002,3,145.7,18.59,6.55
114033,SICUANI,2002,4,126.4,18.16,4.33
114033,SICUANI,2002,5,32.9,18.15,0.18
114033,SICUANI,2002,6,0.0,18.09,-1.31
114033,SICUANI,2002,7,26.1,16.05,-0.83
114033,SICUANI,2002,8,4.7,19.0,-0.77
114033,SICUANI,2002,9,37.4,19.71,2.36
114033,SICUANI,2002,10,75.9,19.77,5.03
114033,SICUANI,2002,11,87.3,20.05,5.73
114033,SICUANI,2002,12,141.5,19.52,6.42
114033,SICUANI,2003,1,129.2,18.43,6.74
114033,SICUANI,2003,2,131.8,19.11,6.46
114033,SICUANI,2003,3,160.0,18.59,5.99
114033,SICUANI,2003,4,59.6,19.19,3.26
114033,SICUANI,2003,5,18.7,19.18,0.1
114033,SICUANI,2003,6,6.6,19.37,-3.61
114033,SICUANI,2003,7,0.0,18.85,-4.21
114033,SICUANI,2003,8,8.0,19.41,-0.89
114033,SICUANI,2003,9,1.6,20.65,0.54
114033,SICUANI,2003,10,37.5,22.05,1.67
114033,SICUANI,2003,11,27.2,21.89,3.61
114033,SICUANI,2003,12,125.5,20.19,5.84
114033,SICUANI,2004,1,162.6,18.56,6.8
114033,SICUANI,2004,2,191.0,18.77,5.58
114033,SICUANI,2004,3,80.4,19.08,4.74
114033,SICUANI,2004,4,47.0,19.5,3.05
114033,SICUANI,2004,5,7.6,19.09,-2.21
114033,SICUANI,2004,6,8.2,17.57,-3.25
114033,SICUANI,2004,7,4.2,17.54,-3.35
114033,SICUANI,2004,8,12.0,17.85,-1.83
114033,SICUANI,2004,9,51.6,19.34,2.65
114033,SICUANI,2004,10,28.9,20.85,4.07
114033,SICUANI,2004,11,92.4,21.03,4.75
114033,SICUANI,2004,12,98.4,19.75,5.41
114033,SICUANI,2005,1,66.3,19.74,5.68
114033,SICUANI,2005,2,178.8,19.16,6.21
114033,SICUANI,2005,3,120.3,20.29,5.58
114033,SICUANI,2005,4,44.9,20.49,2.95
114033,SICUANI,2005,5,4.5,20.5,-2.11
114033,SICUANI,2005,6,0.0,19.63,-5.33
114033,SICUANI,2005,7,2.7,19.45,-3.09
114033,SICUANI,2005,8,0.0,20.66,0.21
114033,SICUANI,2005,9,7.6,20.3,3.02
114033,SICUANI,2005,10,48.3,20.06,4.89
114033,SICUANI,2005,11,75.0,20.5,4.42
114033,SICUANI,2005,12,85.4,19.83,5.84
114033,SICUANI,2006,1,151.2,18.43,5.92
114033,SICUANI,2006,2,120.8,19.4,5.99
114033,SICUANI,2006,3,92.8,19.15,5.97
114033,SICUANI,2006,4,99.0,19.24,3.67
114033,SICUANI,2006,5,3.3,19.16,-3.22
114033,SICUANI,2006,6,5.7,18.55,-2.41
114033,SICUANI,2006,7,0.0,19.01,-4.99
114033,SICUANI,2006,8,10.3,19.82,-0.57
114033,SICUANI,2006,9,23.3,21.16,0.56
114033,SICUANI,2006,10,45.4,20.84,3.81
114033,SICUANI,2006,11,111.3,19.68,4.49
114033,SICUANI,2006,12,106.4,19.61,4.81
114033,SICUANI,2007,1,115.8,19.52,6.42
114033,SICUANI,2007,2,86.9,18.99,6.2
114033,SICUANI,2007,3,174.4,18.46,5.8
114033,SICUANI,2007,4,45.1,19.6,3.97
114033,SICUANI,2007,5,5.3,19.46,0.12
114033,SICUANI,2007,6,0.0,19.83,-3.67
114033,SICUANI,2007,7,9.0,18.03,-2.54
114033,SICUANI,2007,8,0.0,20.14,-2.25
114033,SICUANI,2007,9,15.2,20.17,2.38
114033,SICUANI,2007,10,60.7,20.74,3.19
114033,SICUANI,2007,11,77.0,20.93,4.0
114033,SICUANI,2007,12,72.4,19.84,4.75
114033,SICUANI,2008,1,137.3,17.59,7.04
114033,SICUANI,2008,2,133.5,18.65,5.06
114033,SICUANI,2008,3,117.9,18.69,3.99
114033,SICUANI,2008,4,21.6,19.65,2.57
114033,SICUANI,2008,5,7.0,19.21,-1.83
114033,SICUANI,2008,6,0.7,18.85,-3.49
114033,SICUANI,2008,7,0.6,19.48,-4.3
114033,SICUANI,2008,8,0.6,20.59,-2.15
114033,SICUANI,2008,9,2.6,21.29,0.02
114033,SICUANI,2008,10,84.1,20.5,4.32
114033,SICUANI,2008,11,61.6,21.4,4.34
114033,SICUANI,2008,12,149.0,18.99,5.58
114033,SICUANI,2009,1,89.8,18.87,6.23
114033,SICUANI,2009,2,140.6,18.4,6.35
114033,SICUANI,2009,3,85.8,19.17,5.89
114033,SICUANI,2009,4,37.6,19.97,3.05
114033,SICUANI,2009,5,5.7,19.86,-0.9
114033,SICUANI,2009,6,0.0,19.68,-5.17
114033,SICUANI,2009,7,6.2,18.54,-3.66
114033,SICUANI,2009,8,0.0,20.39,-3.0
114033,SICUANI,2009,9,11.1,21.37,1.21
114033,SICUANI,2009,10,32.2,22.53,2.65
114033,SICUANI,2009,11,129.0,20.71,6.05
114033,SICUANI,2009,12,121.1,19.92,6.1
114033,SICUANI,2010,1,161.0,18.78,6.69
114033,SICUANI,2010,2,95.8,19.35,6.93
114033,SICUANI,2010,3,118.0,20.19,6.23
114033,SICUANI,2010,4,48.4,20.49,2.75
114033,SICUANI,2010,5,2.6,19.85,-0.21
114033,SICUANI,2010,6,0.0,20.11,-2.49
114033,SICUANI,2010,7,0.0,20.11,-3.98
114033,SICUANI,2010,8,5.7,21.34,-3.08
114033,SICUANI,2010,9,2.4,22.23,0.52
114033,SICUANI,2010,10,62.8,21.33,4.11
114033,SICUANI,2010,11,46.6,21.39,3.81
114033,SICUANI,2010,12,125.1,18.65,5.85
114033,SICUANI,2011,1,107.6,18.57,5.59
114033,SICUANI,2011,2,118.4,17.01,6.79
114033,SICUANI,2011,3,156.4,18.07,5.94
114033,SICUANI,2011,4,132.7,19.05,3.57
114033,SICUANI,2011,5,14.4,19.29,-1.39
114033,SICUANI,2011,6,2.9,19.13,-3.85
114033,SICUANI,2011,7,4.4,17.98,-3.64
114033,SICUANI,2011,8,2.6,20.1,-2.1
114033,SICUANI,2011,9,52.2,19.74,2.85
114033,SICUANI,2011,10,25.3,20.8,3.15
114033,SICUANI,2011,11,29.0,22.09,4.11
114033,SICUANI,2011,12,131.1,18.64,5.27
114033,SICUANI,2012,1,148.0,18.56,5.86
114033,SICUANI,2012,2,184.8,17.36,5.72
114033,SICUANI,2012,3,103.0,18.64,5.1
114033,SICUANI,2012,4,51.6,18.56,4.14
114033,SICUANI,2012,5,0.5,19.45,-2.01
114033,SICUANI,2012,6,3.2,18.63,-3.72
114033,SICUANI,2012,7,0.8,19.23,-4.9
114033,SICUANI,2012,8,0.0,20.5,-5.11
114033,SICUANI,2012,9,14.2,21.31,-0.49
114033,SICUANI,2012,10,36.4,21.1,3.64
114033,SICUANI,2012,11,38.7,21.46,5.25
114033,SICUANI,2012,12,149.8,18.52,6.79
114033,SICUANI,2013,1,191.8,18.66,6.09
114033,SICUANI,2013,2,157.7,18.94,6.87
114033,SICUANI,2013,3,78.9,19.45,6.11
114033,SICUANI,2013,4,23.5,20.32,1.51
114033,SICUANI,2013,5,7.2,19.81,-0.03
114033,SICUANI,2013,6,7.1,18.25,-2.27
114033,SICUANI,2013,7,0.0,18.54,-3.74
114033,SICUANI,2013,8,11.2,19.51,-2.15
114033,SICUANI,2013,9,1.8,21.66,-0.24
114033,SICUANI,2013,10,38.1,20.9,4.07
114033,SICUANI,2013,11,66.7,21.69,4.33
114033,SICUANI,2013,12,162.7,19.29,5.91
114033,SICUANI,2014,1,154.1,18.95,5.61
114033,SICUANI,2014,2,134.3,19.35,5.0
114033,SICUANI,2014,3,55.4,19.63,4.43
114033,SICUANI,2014,4,36.7,19.92,2.52
114033,SICUANI,2014,5,9.4,19.36,-0.88
114033,SICUANI,2014,6,0.0,20.21,-3.3
114033,SICUANI,2014,7,0.2,18.95,-2.78
114033,SICUANI,2014,8,6.3,19.81,-2.1
114033,SICUANI,2014,9,24.5,19.9,2.95
114033,SICUANI,2014,10,49.2,20.9,3.97
114033,SICUANI,2014,11,33.8,22.02,4.34
114033,SICUANI,2014,12,156.4,20.72,5.6
114033,SICUANI,2015,1,142.0,18.54,5.72
114033,SICUANI,2015,2,97.2,19.1,5.39
114033,SICUANI,2015,3,104.4,19.66,5.52
114033,SICUANI,2015,4,55.2,18.56,4.63
114033,SICUANI,2015,5,8.4,18.81,0.95
114033,SICUANI,2015,6,2.5,20.15,-2.74
114033,SICUANI,2015,7,12.6,19.14,-4.43
114033,SICUANI,2015,8,7.0,20.33,-1.75
114033,SICUANI,2015,9,10.1,21.43,2.02
114033,SICUANI,2015,10,52.5,21.39,2.65
114033,SICUANI,2015,11,74.6,21.51,5.1
114033,SICUANI,2015,12,136.5,19.89,5.15
114033,SICUANI,2016,1,131.4,21.09,5.93
114033,SICUANI,2016,2,259.5,20.1,6.99
114033,SICUANI,2016,3,53.8,21.58,4.85
114033,SICUANI,2016,4,82.8,20.6,3.86
114033,SICUANI,2016,5,3.2,20.54,-1.77
114033,SICUANI,2016,6,0.0,19.61,-4.54
114033,SICUANI,2016,7,0.3,19.81,-4.76
114033,SICUANI,2016,8,6.9,20.45,-2.58
114033,SICUANI,2016,9,19.9,21.63,0.24
114033,SICUANI,2016,10,79.0,19.96,4.57
114033,SICUANI,2016,11,57.9,21.52,2.88
114033,SICUANI,2016,12,77.0,20.71,4.88
114033,SICUANI,2017,1,162.3,19.45,6.07
114033,SICUANI,2017,2,119.1,19.32,5.01
114033,SICUANI,2017,3,126.9,18.45,6.1
114033,SICUANI,2017,4,60.8,19.11,4.74
114033,SICUANI,2017,5,40.8,18.29,1.88
114033,SICUANI,2017,6,0.0,19.96,-2.91
114033,SICUANI,2017,7,2.2,20.52,-4.1
114033,SICUANI,2017,8,13.8,21.03,-2.42
114033,SICUANI,2017,9,22.7,20.67,3.04
114033,SICUANI,2017,10,72.9,20.62,3.71
114033,SICUANI,2017,11,121.9,21.02,4.14
114033,SICUANI,2017,12,73.4,20.26,5.68
114033,SICUANI,2018,1,112.6,18.43,5.49
114033,SICUANI,2018,2,165.9,18.83,6.51
114033,SICUANI,2018,3,116.6,18.46,6.25
114033,SICUANI,2018,4,30.8,19.68,2.16
114033,SICUANI,2018,5,5.2,19.58,-2.0
114033,SICUANI,2018,6,20.4,17.38,-2.92
114033,SICUANI,2018,7,20.1,17.9,-3.46
114033,SICUANI,2018,8,28.6,18.48,-0.43
114033,SICUANI,2018,9,4.4,21.03,0.67
114033,SICUANI,2018,10,76.2,19.05,4.68
114033,SICUANI,2018,11,104.6,21.07,5.07
114033,SICUANI,2018,12,48.6,20.5,4.08
114033,SICUANI,2019,1,131.6,19.14,5.88
114033,SICUANI,2019,2,135.7,18.79,6.46
114033,SICUANI,2019,3,86.1,19.35,6.08
114033,SICUANI,2019,4,43.0,19.75,4.23
114033,SICUANI,2019,5,8.5,19.54,-0.52
114033,SICUANI,2019,6,0.0,20.02,-3.43
114033,SICUANI,2019,7,0.0,19.72,-3.85
114033,SICUANI,2019,8,0.0,21.5,-3.72
114033,SICUANI,2019,9,0.5,21.23,0.85
114033,SICUANI,2019,10,47.3,21.42,2.45
114033,SICUANI,2019,11,137.5,20.13,5.96
114033,SICUANI,2019,12,212.3,20.31,6.0
114033,SICUANI,2020,1,114.5,19.54,6.23
114033,SICUANI,2020,2,175.7,18.78,7.33
114033,SICUANI,2020,3,121.7,19.69,6.06
114033,SICUANI,2020,4,13.0,20.12,3.15
114033,SICUANI,2020,5,19.8,-999.0,-1.08
114033,SICUANI,2020,6,0.1,19.87,-2.93
114033,SICUANI,2020,7,0.0,20.43,-4.78
114033,SICUANI,2020,8,0.0,21.32,-2.92
114033,SICUANI,2020,9,10.8,21.05,1.42
114033,SICUANI,2020,10,36.4,20.63,3.35
114033,SICUANI,2020,11,23.2,22.76,3.01
114033,SICUANI,2020,12,106.8,19.3,5.12
114033,SICUANI,2021,1,168.7,18.85,6.23
114033,SICUANI,2021,2,69.1,18.91,5.66
114033,SICUANI,2021,3,127.3,18.49,5.48
114033,SICUANI,2021,4,97.8,18.97,3.11
114033,SICUANI,2021,5,2.9,18.74,-1.57
114033,SICUANI,2021,6,0.0,18.69,-3.23
114033,SICUANI,2021,7,0.4,19.44,-4.5
114033,SICUANI,2021,8,0.3,20.51,-1.75
114033,SICUANI,2021,9,11.0,21.4,1.69
114033,SICUANI,2021,10,28.4,22.35,3.79
114033,SICUANI,2021,11,71.7,20.39,5.28
114033,SICUANI,2021,12,175.8,19.17,6.18
114033,SICUANI,2022,1,176.1,18.43,5.86
114033,SICUANI,2022,2,148.8,18.64,5.68
114033,SICUANI,2022,3,152.1,19.18,5.65
114033,SICUANI,2022,4,27.9,19.97,1.81
114033,SICUANI,2022,5,0.0,19.59,-1.51
114033,SICUANI,2022,6,0.0,18.69,-4.01
114033,SICUANI,2022,7,2.0,20.07,-3.83
114033,SICUANI,2022,8,2.0,20.28,-1.64
114033,SICUANI,2022,9,-999.0,21.44,0.52
114033,SICUANI,2022,10,-999.0,22.12,1.27
114033,SICUANI,2022,11,-999.0,-999.0,-999.0
114033,SICUANI,2022,12,-999.0,19.47,5.17
114033,SICUANI,2023,1,-999.0,-999.0,4.79
114033,SICUANI,2023,2,-999.0,19.11,5.18
114033,SICUANI,2023,3,-999.0,19.33,5.47
114033,SICUANI,2023,4,-999.0,19.8,2.34
114033,SICUANI,2023,5,-999.0,18.62,-999.0
114033,SICUANI,2023,6,-999.0,-999.0,-5.92
114033,SICUANI,2023,7,-999.0,21.62,-4.5
114033,SICUANI,2023,8,-999.0,21.41,-2.45
114033,SICUANI,2023,9,-999.0,21.86,2.11
114033,SICUANI,2023,10,-999.0,22.41,5.98
114033,SICUANI,2023,11,-999.0,21.46,5.13
114033,SICUANI,2023,12,-999.0,20.57,6.54
114033,SICUANI,2024,1,-999.0,20.7,-999.0
114033,SICUANI,2024,2,75.5,19.72,6.23
114033,SICUANI,2024,3,91.6,20.19,6.3
114033,SICUANI,2024,4,70.6,20.59,3.33
114033,SICUANI,2024,5,14.1,20.65,0.45
114033,SICUANI,2024,6,2.2,20.73,-3.32
114033,SICUANI,2024,7,0.0,20.59,-5.01
114033,SICUANI,2024,8,0.0,21.34,-1.74
114033,SICUANI,2024,9,30.2,22.67,1.27
114033,SICUANI,2024,10,73.3,21.75,3.88
114033,SICUANI,2024,11,117.1,20.69,5.14
114033,SICUANI,2024,12,89.3,-999.0,5.13
114033,SICUANI,2025,1,200.4,18.51,5.66
114033,SICUANI,2025,2,139.7,18.86,5.41
114033,SICUANI,2025,3,114.9,18.55,5.46
114033,SICUANI,2025,4,65.8,19.49,3.8
114033,SICUANI,2025,5,21.8,20.05,1.5
114033,SICUANI,2025,6,17.0,18.77,-2.84
114033,SICUANI,2025,7,5.6,20.24,-4.54
114033,SICUANI,2025,8,0.0,20.5,-0.96
114033,SICUANI,2025,9,51.0,21.29,2.05
114033,SICUANI,2025,10,84.7,20.25,4.95
114033,SICUANI,2025,11,34.5,21.28,3.55
114033,SICUANI,2025,12,114.5,20.43,4.63
