CODIGO,ESTACION,YEAR,MONTH,PP,TMAX,TMIN
114008,SAN CAMILO,1990,1,0.0,31.59,15.61
114008,SAN CAMILO,1990,2,0.0,32.94,15.18
114008,SAN CAMILO,1990,3,0.0,33.42,15.74
114008,SAN CAMILO,1990,4,0.0,-999.0,13.08
114008,SAN CAMILO,1990,5,0.0,-999.0,12.55
114008,SAN CAMILO,1990,6,0.0,25.92,10.76
114008,SAN CAMILO,1990,7,0.0,-999.0,9.42
114008,SAN CAMILO,1990,8,0.0,25.65,9.72
114008,SAN CAMILO,1990,9,0.0,26.48,10.56
114008,SAN CAMILO,1990,10,0.0,26.97,-999.0
114008,SAN CAMILO,1990,11,0.0,28.61,-999.0
114008,SAN CAMILO,1990,12,-999.0,29.53,-999.0
114008,SAN CAMILO,1991,1,0.0,31.39,-999.0
114008,SAN CAMILO,1991,2,2.5,31.24,-999.0
114008,SAN CAMILO,1991,3,0.0,31.95,-999.0
114008,SAN CAMILO,1991,4,0.0,30.61,-999.0
114008,SAN CAMILO,1991,5,0.0,-999.0,-999.0
114008,SAN CAMILO,1991,6,0.0,24.91,-999.0
114008,SAN CAMILO,1991,7,0.0,23.9,-999.0
114008,SAN CAMILO,1991,8,0.0,24.71,-999.0
114008,SAN CAMILO,1991,9,-999.0,26.01,-999.0
114008,SAN CAMILO,1991,10,0.0,29.03,-999.0
114008,SAN CAMILO,1991,11,0.0,28.86,-999.0
114008,SAN CAMILO,1991,12,0.0,-999.0,-999.0
114008,SAN CAMILO,1992,1,0.0,31.34,-999.0
114008,SAN CAMILO,1992,2,0.0,32.53,-999.0
114008,SAN CAMILO,1992,3,0.0,32.39,-999.0
114008,SAN CAMILO,1992,4,1.0,30.39,-999.0
114008,SAN CAMILO,1992,5,0.0,28.4,-999.0
114008,SAN CAMILO,1992,6,-999.0,-999.0,-999.0
114008,SAN CAMILO,1992,7,0.0,24.94,-999.0
114008,SAN CAMILO,1992,8,-999.0,25.72,-999.0
114008,SAN CAMILO,1992,9,-999.0,27.1,-999.0
114008,SAN CAMILO,1992,10,0.0,28.17,-999.0
114008,SAN CAMILO,1992,11,0.0,-999.0,-999.0
114008,SAN CAMILO,1992,12,-999.0,-999.0,-999.0
114008,SAN CAMILO,1993,1,-999.0,-999.0,-999.0
114008,SAN CAMILO,1993,2,-999.0,-999.0,-999.0
114008,SAN CAMILO,1993,3,4.9,32.52,-999.0
114008,SAN CAMILO,1993,4,0.8,30.85,-999.0
114008,SAN CAMILO,1993,5,0.5,27.65,11.4
114008,SAN CAMILO,1993,6,0.9,25.04,10.17
114008,SAN CAMILO,1993,7,0.2,23.47,9.29
114008,SAN CAMILO,1993,8,0.0,-999.0,11.06
114008,SAN CAMILO,1993,9,0.5,27.04,11.6
114008,SAN CAMILO,1993,10,0.0,28.66,12.31
114008,SAN CAMILO,1993,11,0.0,29.2,13.57
114008,SAN CAMILO,1993,12,0.0,-999.0,15.77
114008,SAN CAMILO,1994,1,-999.0,30.9,18.14
114008,SAN CAMILO,1994,2,-999.0,32.1,18.81
114008,SAN CAMILO,1994,3,0.0,32.3,17.01
114008,SAN CAMILO,1994,4,0.3,31.05,14.78
114008,SAN CAMILO,1994,5,0.4,27.83,11.32
114008,SAN CAMILO,1994,6,0.0,25.47,8.66
114008,SAN CAMILO,1994,7,-999.0,24.41,8.27
114008,SAN CAMILO,1994,8,-999.0,-999.0,8.8
114008,SAN CAMILO,1994,9,0.0,27.64,10.51
114008,SAN CAMILO,1994,10,-999.0,28.56,11.63
114008,SAN CAMILO,1994,11,0.0,29.34,13.19
114008,SAN CAMILO,1994,12,0.9,30.75,15.93
114008,SAN CAMILO,1995,1,5.0,31.13,18.63
114008,SAN CAMILO,1995,2,0.8,32.89,17.68
114008,SAN CAMILO,1995,3,6.6,32.97,17.42
114008,SAN CAMILO,1995,4,0.0,31.39,14.32
114008,SAN CAMILO,1995,5,-999.0,29.3,11.22
114008,SAN CAMILO,1995,6,-999.0,26.93,8.68
114008,SAN CAMILO,1995,7,-999.0,-999.0,8.69
114008,SAN CAMILO,1995,8,0.6,-999.0,8.7
114008,SAN CAMILO,1995,9,-999.0,27.11,10.7
114008,SAN CAMILO,1995,10,0.0,28.83,10.47
114008,SAN CAMILO,1995,11,3.2,29.7,13.93
114008,SAN CAMILO,1995,12,0.0,30.55,-999.0
114008,SAN CAMILO,1996,1,0.0,30.97,-999.0
114008,SAN CAMILO,1996,2,0.5,31.93,-999.0
114008,SAN CAMILO,1996,3,3.8,32.34,-999.0
114008,SAN CAMILO,1996,4,0.0,30.66,-999.0
114008,SAN CAMILO,1996,5,0.0,28.77,-999.0
114008,SAN CAMILO,1996,6,0.9,-999.0,-999.0
114008,SAN CAMILO,1996,7,0.0,25.55,-999.0
114008,SAN CAMILO,1996,8,0.0,25.34,-999.0
114008,SAN CAMILO,1996,9,0.0,27.19,-999.0
114008,SAN CAMILO,1996,10,0.0,28.59,-999.0
114008,SAN CAMILO,1996,11,0.0,28.45,-999.0
114008,SAN CAMILO,1996,12,0.0,30.05,-999.0
114008,SAN CAMILO,1997,1,0.0,31.34,-999.0
114008,SAN CAMILO,1997,2,0.0,33.06,-999.0
114008,SAN CAMILO,1997,3,0.0,33.04,16.63
114008,SAN CAMILO,1997,4,0.0,31.13,15.89
114008,SAN CAMILO,1997,5,0.0,29.15,14.01
114008,SAN CAMILO,1997,6,-999.0,27.16,13.3
114008,SAN CAMILO,1997,7,-999.0,26.24,14.45
114008,SAN CAMILO,1997,8,-999.0,-999.0,14.77
114008,SAN CAMILO,1997,9,-999.0,27.67,14.84
114008,SAN CAMILO,1997,10,-999.0,28.69,14.81
114008,SAN CAMILO,1997,11,-999.0,30.08,15.69
114008,SAN CAMILO,1997,12,-999.0,31.51,18.62
114008,SAN CAMILO,1998,1,17.1,32.3,21.22
114008,SAN CAMILO,1998,2,1.2,33.88,21.45
114008,SAN CAMILO,1998,3,-999.0,34.1,20.08
114008,SAN CAMILO,1998,4,-999.0,32.97,-999.0
114008,SAN CAMILO,1998,5,-999.0,-999.0,14.25
114008,SAN CAMILO,1998,6,-999.0,-999.0,12.83
114008,SAN CAMILO,1998,7,-999.0,-999.0,11.64
114008,SAN CAMILO,1998,8,-999.0,26.74,10.81
114008,SAN CAMILO,1998,9,-999.0,28.22,10.95
114008,SAN CAMILO,1998,10,-999.0,28.97,11.78
114008,SAN CAMILO,1998,11,-999.0,29.88,13.95
114008,SAN CAMILO,1998,12,-999.0,-999.0,15.57
114008,SAN CAMILO,1999,1,1.2,32.47,16.61
114008,SAN CAMILO,1999,2,-999.0,31.81,19.58
114008,SAN CAMILO,1999,3,6.9,33.17,18.19
114008,SAN CAMILO,1999,4,-999.0,31.27,15.9
114008,SAN CAMILO,1999,5,-999.0,29.49,13.02
114008,SAN CAMILO,1999,6,1.4,-999.0,10.95
114008,SAN CAMILO,1999,7,-999.0,24.89,10.0
114008,SAN CAMILO,1999,8,-999.0,25.64,11.02
114008,SAN CAMILO,1999,9,-999.0,27.82,10.6
114008,SAN CAMILO,1999,10,0.2,29.36,12.85
114008,SAN CAMILO,1999,11,-999.0,30.07,12.61
114008,SAN CAMILO,1999,12,0.0,30.47,15.36
114008,SAN CAMILO,2000,1,-999.0,30.19,18.4
114008,SAN CAMILO,2000,2,3.0,33.19,18.04
114008,SAN CAMILO,2000,3,0.0,33.31,17.03
114008,SAN CAMILO,2000,4,0.0,32.3,16.52
114008,SAN CAMILO,2000,5,-999.0,29.28,13.51
114008,SAN CAMILO,2000,6,-999.0,25.79,10.75
114008,SAN CAMILO,2000,7,-999.0,24.73,10.7
114008,SAN CAMILO,2000,8,0.2,-999.0,-999.0
114008,SAN CAMILO,2000,9,0.0,27.95,10.75
114008,SAN CAMILO,2000,10,-999.0,29.42,12.22
114008,SAN CAMILO,2000,11,-999.0,-999.0,-999.0
114008,SAN CAMILO,2000,12,0.7,-999.0,16.78
114008,SAN CAMILO,2001,1,2.1,31.73,18.05
114008,SAN CAMILO,2001,2,0.1,33.27,18.83
114008,SAN CAMILO,2001,3,1.6,33.92,18.7
114008,SAN CAMILO,2001,4,-999.0,32.06,16.64
114008,SAN CAMILO,2001,5,-999.0,29.09,13.09
114008,SAN CAMILO,2001,6,-999.0,26.14,10.65
114008,SAN CAMILO,2001,7,-999.0,-999.0,10.35
114008,SAN CAMILO,2001,8,-999.0,25.99,9.85
114008,SAN CAMILO,2001,9,-999.0,28.24,10.46
114008,SAN CAMILO,2001,10,-999.0,28.86,11.35
114008,SAN CAMILO,2001,11,0.0,29.99,12.81
114008,SAN CAMILO,2001,12,-999.0,31.07,14.55
114008,SAN CAMILO,2002,1,-999.0,32.55,16.68
114008,SAN CAMILO,2002,2,2.8,33.5,17.95
114008,SAN CAMILO,2002,3,0.3,34.37,18.21
114008,SAN CAMILO,2002,4,0.3,31.64,16.32
114008,SAN CAMILO,2002,5,-999.0,29.97,13.02
114008,SAN CAMILO,2002,6,-999.0,26.36,10.05
114008,SAN CAMILO,2002,7,-999.0,24.41,10.93
114008,SAN CAMILO,2002,8,-999.0,25.49,11.12
114008,SAN CAMILO,2002,9,-999.0,27.89,10.79
114008,SAN CAMILO,2002,10,-999.0,29.22,12.82
114008,SAN CAMILO,2002,11,-999.0,29.61,13.94
114008,SAN CAMILO,2002,12,-999.0,-999.0,15.1
114008,SAN CAMILO,2003,1,-999.0,31.98,17.05
114008,SAN CAMILO,2003,2,-999.0,32.78,18.92
114008,SAN CAMILO,2003,3,0.0,33.65,17.46
114008,SAN CAMILO,2003,4,-999.0,32.13,14.61
114008,SAN CAMILO,2003,5,-999.0,29.7,12.66
114008,SAN CAMILO,2003,6,-999.0,27.53,10.49
114008,SAN CAMILO,2003,7,-999.0,25.55,9.93
114008,SAN CAMILO,2003,8,-999.0,26.94,10.17
114008,SAN CAMILO,2003,9,-999.0,27.37,10.19
114008,SAN CAMILO,2003,10,-999.0,29.59,11.91
114008,SAN CAMILO,2003,11,-999.0,-999.0,13.82
114008,SAN CAMILO,2003,12,-999.0,32.17,16.07
114008,SAN CAMILO,2004,1,-999.0,33.08,17.51
114008,SAN CAMILO,2004,2,-999.0,33.96,17.72
114008,SAN CAMILO,2004,3,0.5,33.89,17.88
114008,SAN CAMILO,2004,4,-999.0,31.83,15.53
114008,SAN CAMILO,2004,5,-999.0,29.59,10.66
114008,SAN CAMILO,2004,6,-999.0,25.95,10.16
114008,SAN CAMILO,2004,7,-999.0,25.31,10.76
114008,SAN CAMILO,2004,8,-999.0,-999.0,10.96
114008,SAN CAMILO,2004,9,-999.0,27.87,11.83
114008,SAN CAMILO,2004,10,-999.0,29.24,12.12
114008,SAN CAMILO,2004,11,-999.0,29.58,13.89
114008,SAN CAMILO,2004,12,-999.0,31.26,16.42
114008,SAN CAMILO,2005,1,-999.0,32.87,18.31
114008,SAN CAMILO,2005,2,-999.0,33.01,18.43
114008,SAN CAMILO,2005,3,-999.0,33.19,17.86
114008,SAN CAMILO,2005,4,-999.0,32.35,15.95
114008,SAN CAMILO,2005,5,-999.0,28.54,11.7
114008,SAN CAMILO,2005,6,-999.0,-999.0,10.11
114008,SAN CAMILO,2005,7,-999.0,24.92,9.86
114008,SAN CAMILO,2005,8,-999.0,26.5,10.35
114008,SAN CAMILO,2005,9,-999.0,27.06,10.49
114008,SAN CAMILO,2005,10,-999.0,28.66,10.25
114008,SAN CAMILO,2005,11,-999.0,29.38,12.69
114008,SAN CAMILO,2005,12,-999.0,30.46,15.42
114008,SAN CAMILO,2006,1,-999.0,31.88,18.27
114008,SAN CAMILO,2006,2,6.2,33.09,19.51
114008,SAN CAMILO,2006,3,-999.0,33.32,18.26
114008,SAN CAMILO,2006,4,-999.0,31.94,15.51
114008,SAN CAMILO,2006,5,-999.0,30.12,11.26
114008,SAN CAMILO,2006,6,-999.0,26.63,11.18
114008,SAN CAMILO,2006,7,-999.0,24.94,11.26
114008,SAN CAMILO,2006,8,-999.0,26.86,11.28
114008,SAN CAMILO,2006,9,-999.0,28.07,11.54
114008,SAN CAMILO,2006,10,-999.0,29.14,12.57
114008,SAN CAMILO,2006,11,0.6,30.17,14.33
114008,SAN CAMILO,2006,12,0.1,31.23,-999.0
114008,SAN CAMILO,2007,1,0.0,-999.0,18.75
114008,SAN CAMILO,2007,2,0.0,34.24,-999.0
114008,SAN CAMILO,2007,3,0.0,33.21,18.17
114008,SAN CAMILO,2007,4,0.0,32.67,16.03
114008,SAN CAMILO,2007,5,-999.0,29.95,11.76
114008,SAN CAMILO,2007,6,-999.0,26.81,9.76
114008,SAN CAMILO,2007,7,-999.0,-999.0,9.54
114008,SAN CAMILO,2007,8,-999.0,25.24,9.66
114008,SAN CAMILO,2007,9,0.0,26.76,10.05
114008,SAN CAMILO,2007,10,-999.0,27.76,10.52
114008,SAN CAMILO,2007,11,-999.0,29.35,12.56
114008,SAN CAMILO,2007,12,1.0,30.05,14.52
114008,SAN CAMILO,2008,1,18.3,31.03,18.4
114008,SAN CAMILO,2008,2,16.5,32.43,18.72
114008,SAN CAMILO,2008,3,0.7,33.61,17.7
114008,SAN CAMILO,2008,4,1.6,32.09,15.59
114008,SAN CAMILO,2008,5,-999.0,28.46,11.52
114008,SAN CAMILO,2008,6,-999.0,25.22,11.53
114008,SAN CAMILO,2008,7,-999.0,23.78,11.2
114008,SAN CAMILO,2008,8,-999.0,-999.0,10.96
114008,SAN CAMILO,2008,9,0.0,28.06,10.97
114008,SAN CAMILO,2008,10,-999.0,28.9,12.12
114008,SAN CAMILO,2008,11,0.0,30.47,14.01
114008,SAN CAMILO,2008,12,0.0,31.47,16.02
114008,SAN CAMILO,2009,1,1.6,-999.0,17.97
114008,SAN CAMILO,2009,2,5.4,32.95,19.24
114008,SAN CAMILO,2009,3,0.0,32.98,19.23
114008,SAN CAMILO,2009,4,0.0,32.69,16.48
114008,SAN CAMILO,2009,5,0.0,30.56,13.67
114008,SAN CAMILO,2009,6,1.2,-999.0,11.32
114008,SAN CAMILO,2009,7,1.2,25.08,10.95
114008,SAN CAMILO,2009,8,0.3,26.45,10.28
114008,SAN CAMILO,2009,9,0.2,27.75,11.37
114008,SAN CAMILO,2009,10,0.0,29.08,12.63
114008,SAN CAMILO,2009,11,0.0,29.8,14.23
114008,SAN CAMILO,2009,12,0.4,30.11,16.1
114008,SAN CAMILO,2010,1,0.8,31.08,17.48
114008,SAN CAMILO,2010,2,-999.0,32.32,19.27
114008,SAN CAMILO,2010,3,0.0,33.46,17.24
114008,SAN CAMILO,2010,4,0.0,32.1,15.23
114008,SAN CAMILO,2010,5,0.0,28.86,12.79
114008,SAN CAMILO,2010,6,0.2,25.71,9.9
114008,SAN CAMILO,2010,7,0.7,24.97,7.12
114008,SAN CAMILO,2010,8,0.8,26.41,8.37
114008,SAN CAMILO,2010,9,0.3,28.25,9.6
114008,SAN CAMILO,2010,10,0.0,29.41,10.48
114008,SAN CAMILO,2010,11,0.0,30.12,11.97
114008,SAN CAMILO,2010,12,0.0,31.73,14.65
114008,SAN CAMILO,2011,1,2.4,32.74,17.21
114008,SAN CAMILO,2011,2,0.6,33.05,18.62
114008,SAN CAMILO,2011,3,0.0,33.65,16.42
114008,SAN CAMILO,2011,4,0.0,32.66,15.55
114008,SAN CAMILO,2011,5,0.2,28.28,11.19
114008,SAN CAMILO,2011,6,1.3,25.61,11.31
114008,SAN CAMILO,2011,7,1.1,25.37,11.19
114008,SAN CAMILO,2011,8,0.2,25.85,9.67
114008,SAN CAMILO,2011,9,0.0,28.85,9.88
114008,SAN CAMILO,2011,10,0.0,29.33,11.03
114008,SAN CAMILO,2011,11,0.0,30.18,13.0
114008,SAN CAMILO,2011,12,0.5,31.44,15.91
114008,SAN CAMILO,2012,1,-999.0,-999.0,-999.0
114008,SAN CAMILO,2012,2,-999.0,-999.0,-999.0
114008,SAN CAMILO,2012,3,4.9,34.22,18.13
114008,SAN CAMILO,2012,4,0.0,33.26,15.88
114008,SAN CAMILO,2012,5,0.0,30.19,12.14
114008,SAN CAMILO,2012,6,0.0,-999.0,11.86
114008,SAN CAMILO,2012,7,0.0,25.64,10.85
114008,SAN CAMILO,2012,8,0.0,-999.0,9.8
114008,SAN CAMILO,2012,9,0.0,27.71,11.11
114008,SAN CAMILO,2012,10,0.0,-999.0,11.49
114008,SAN CAMILO,2012,11,0.0,30.26,12.13
114008,SAN CAMILO,2012,12,0.7,-999.0,15.26
114008,SAN CAMILO,2013,1,0.0,32.73,16.21
114008,SAN CAMILO,2013,2,5.0,33.76,17.65
114008,SAN CAMILO,2013,3,0.0,34.02,16.54
114008,SAN CAMILO,2013,4,0.0,33.04,-999.0
114008,SAN CAMILO,2013,5,0.0,29.2,10.88
114008,SAN CAMILO,2013,6,0.0,-999.0,9.55
114008,SAN CAMILO,2013,7,0.0,-999.0,9.26
114008,SAN CAMILO,2013,8,0.0,-999.0,8.8
114008,SAN CAMILO,2013,9,0.0,-999.0,10.2
114008,SAN CAMILO,2013,10,0.0,-999.0,10.55
114008,SAN CAMILO,2013,11,0.0,-999.0,11.3
114008,SAN CAMILO,2013,12,0.0,-999.0,15.1
114008,SAN CAMILO,2014,1,7.7,32.72,-999.0
114008,SAN CAMILO,2014,2,0.9,34.17,-999.0
114008,SAN CAMILO,2014,3,0.0,-999.0,-999.0
114008,SAN CAMILO,2014,4,0.0,-999.0,-999.0
114008,SAN CAMILO,2014,5,0.0,-999.0,-999.0
114008,SAN CAMILO,2014,6,0.0,-999.0,-999.0
114008,SAN CAMILO,2014,7,0.0,-999.0,10.49
114008,SAN CAMILO,2014,8,0.0,-999.0,11.29
114008,SAN CAMILO,2014,9,0.0,-999.0,11.64
114008,SAN CAMILO,2014,10,0.0,29.88,13.3
114008,SAN CAMILO,2014,11,0.0,30.58,13.99
114008,SAN CAMILO,2014,12,0.4,31.49,15.91
114008,SAN CAMILO,2015,1,0.0,32.08,17.36
114008,SAN CAMILO,2015,2,3.8,32.4,-999.0
114008,SAN CAMILO,2015,3,0.0,33.2,-999.0
114008,SAN CAMILO,2015,4,0.0,32.99,-999.0
114008,SAN CAMILO,2015,5,0.0,29.77,14.21
114008,SAN CAMILO,2015,6,0.0,26.99,12.55
114008,SAN CAMILO,2015,7,0.0,-999.0,11.7
114008,SAN CAMILO,2015,8,-999.0,26.2,11.64
114008,SAN CAMILO,2015,9,1.2,28.36,12.75
114008,SAN CAMILO,2015,10,0.0,29.49,14.19
114008,SAN CAMILO,2015,11,0.3,29.91,14.54
114008,SAN CAMILO,2015,12,0.2,-999.0,16.64
114008,SAN CAMILO,2016,1,0.0,32.18,17.62
114008,SAN CAMILO,2016,2,0.3,33.61,20.17
114008,SAN CAMILO,2016,3,0.0,34.3,19.52
114008,SAN CAMILO,2016,4,0.0,33.14,17.02
114008,SAN CAMILO,2016,5,0.0,31.25,13.68
114008,SAN CAMILO,2016,6,0.0,28.27,10.95
114008,SAN CAMILO,2016,7,-999.0,26.23,11.5
114008,SAN CAMILO,2016,8,0.0,27.24,11.37
114008,SAN CAMILO,2016,9,0.0,28.87,12.1
114008,SAN CAMILO,2016,10,0.0,29.79,12.82
114008,SAN CAMILO,2016,11,0.0,31.89,13.53
114008,SAN CAMILO,2016,12,0.0,32.19,-999.0
114008,SAN CAMILO,2017,1,-999.0,32.65,20.2
114008,SAN CAMILO,2017,2,1.2,34.44,20.45
114008,SAN CAMILO,2017,3,-999.0,34.54,20.17
114008,SAN CAMILO,2017,4,0.0,32.38,17.04
114008,SAN CAMILO,2017,5,0.5,29.45,15.38
114008,SAN CAMILO,2017,6,0.4,26.13,12.69
114008,SAN CAMILO,2017,7,0.0,24.52,11.17
114008,SAN CAMILO,2017,8,0.0,25.41,10.63
114008,SAN CAMILO,2017,9,0.0,27.18,11.64
114008,SAN CAMILO,2017,10,0.0,31.19,12.64
114008,SAN CAMILO,2017,11,0.0,31.1,12.71
114008,SAN CAMILO,2017,12,0.0,31.44,14.59
114008,SAN CAMILO,2018,1,0.0,33.02,-999.0
114008,SAN CAMILO,2018,2,1.1,32.47,18.82
114008,SAN CAMILO,2018,3,0.0,32.62,19.08
114008,SAN CAMILO,2018,4,2.0,31.71,16.7
114008,SAN CAMILO,2018,5,0.0,29.74,14.28
114008,SAN CAMILO,2018,6,0.9,25.12,11.13
114008,SAN CAMILO,2018,7,-999.0,25.61,11.25
114008,SAN CAMILO,2018,8,0.0,26.38,10.63
114008,SAN CAMILO,2018,9,0.0,28.06,11.01
114008,SAN CAMILO,2018,10,0.0,29.31,13.35
114008,SAN CAMILO,2018,11,0.4,30.56,14.48
114008,SAN CAMILO,2018,12,0.0,31.23,16.01
114008,SAN CAMILO,2019,1,5.1,31.91,18.28
114008,SAN CAMILO,2019,2,2.6,33.16,20.82
114008,SAN CAMILO,2019,3,3.2,34.37,18.46
114008,SAN CAMILO,2019,4,0.0,32.24,16.01
114008,SAN CAMILO,2019,5,0.0,29.58,13.24
114008,SAN CAMILO,2019,6,-999.0,25.56,10.41
114008,SAN CAMILO,2019,7,-999.0,25.36,10.76
114008,SAN CAMILO,2019,8,0.0,26.48,9.99
114008,SAN CAMILO,2019,9,1.0,29.44,11.72
114008,SAN CAMILO,2019,10,0.0,-999.0,11.94
114008,SAN CAMILO,2019,11,0.0,30.71,14.67
114008,SAN CAMILO,2019,12,0.0,32.1,17.15
114008,SAN CAMILO,2020,1,-999.0,31.43,19.14
114008,SAN CAMILO,2020,2,0.0,33.21,19.98
114008,SAN CAMILO,2020,3,-999.0,-999.0,-999.0
114008,SAN CAMILO,2020,4,-999.0,-999.0,-999.0
114008,SAN CAMILO,2020,5,-999.0,-999.0,-999.0
114008,SAN CAMILO,2020,6,-999.0,-999.0,-999.0
114008,SAN CAMILO,2020,7,-999.0,-999.0,-999.0
114008,SAN CAMILO,2020,8,0.0,27.02,10.93
114008,SAN CAMILO,2020,9,0.0,28.52,10.75
114008,SAN CAMILO,2020,10,0.0,30.26,13.09
114008,SAN CAMILO,2020,11,0.0,30.5,13.21
114008,SAN CAMILO,2020,12,1.0,-999.0,16.21
114008,SAN CAMILO,2021,1,0.0,32.5,17.39
114008,SAN CAMILO,2021,2,1.0,32.64,17.52
114008,SAN CAMILO,2021,3,1.5,32.94,17.94
114008,SAN CAMILO,2021,4,1.5,32.1,15.73
114008,SAN CAMILO,2021,5,0.0,-999.0,-999.0
114008,SAN CAMILO,2021,6,0.0,24.67,10.92
114008,SAN CAMILO,2021,7,0.0,24.88,10.55
114008,SAN CAMILO,2021,8,0.0,27.5,10.88
114008,SAN CAMILO,2021,9,0.0,28.83,11.32
114008,SAN CAMILO,2021,10,0.0,30.25,12.06
114008,SAN CAMILO,2021,11,0.0,30.26,12.26
114008,SAN CAMILO,2021,12,0.0,30.36,15.21
114008,SAN CAMILO,2022,1,0.0,32.75,16.95
114008,SAN CAMILO,2022,2,0.2,32.55,16.42
114008,SAN CAMILO,2022,3,0.0,32.91,17.1
114008,SAN CAMILO,2022,4,0.0,32.26,14.02
114008,SAN CAMILO,2022,5,0.0,29.86,10.4
114008,SAN CAMILO,2022,6,0.2,26.3,8.78
114008,SAN CAMILO,2022,7,0.0,25.6,9.66
114008,SAN CAMILO,2022,8,0.0,26.87,9.5
114008,SAN CAMILO,2022,9,0.0,26.9,9.5
114008,SAN CAMILO,2022,10,0.0,29.09,10.01
114008,SAN CAMILO,2022,11,0.0,30.52,12.35
114008,SAN CAMILO,2022,12,0.0,31.59,-999.0
114008,SAN CAMILO,2023,1,0.0,32.68,-999.0
114008,SAN CAMILO,2023,2,-999.0,33.58,19.89
114008,SAN CAMILO,2023,3,3.9,33.32,19.2
114008,SAN CAMILO,2023,4,0.0,32.74,16.71
114008,SAN CAMILO,2023,5,0.0,27.63,13.6
114008,SAN CAMILO,2023,6,0.0,25.64,11.84
114008,SAN CAMILO,2023,7,0.0,25.48,11.69
114008,SAN CAMILO,2023,8,0.0,26.26,12.14
114008,SAN CAMILO,2023,9,0.0,28.44,12.93
114008,SAN CAMILO,2023,10,0.0,31.78,14.99
114008,SAN CAMILO,2023,11,0.0,31.51,14.75
114008,SAN CAMILO,2023,12,0.0,32.71,16.4
114008,SAN CAMILO,2024,1,0.0,33.77,18.65
114008,SAN CAMILO,2024,2,7.0,34.72,19.84
114008,SAN CAMILO,2024,3,0.0,34.69,19.2
114008,SAN CAMILO,2024,4,0.0,32.07,17.23
114008,SAN CAMILO,2024,5,0.0,29.72,12.61
114008,SAN CAMILO,2024,6,0.0,-999.0,9.69
114008,SAN CAMILO,2024,7,0.0,26.11,9.74
114008,SAN CAMILO,2024,8,0.0,26.68,9.81
114008,SAN CAMILO,2024,9,0.0,29.29,10.63
114008,SAN CAMILO,2024,10,0.0,31.27,12.98
114008,SAN CAMILO,2024,11,0.0,31.01,14.41
114008,SAN CAMILO,2024,12,0.8,32.17,16.29
114008,SAN CAMILO,2025,1,0.0,33.18,17.21
114008,SAN CAMILO,2025,2,53.6,32.75,20.64
114008,SAN CAMILO,2025,3,0.0,33.25,19.25
114008,SAN CAMILO,2025,4,0.0,32.29,15.82
114008,SAN CAMILO,2025,5,0.0,29.1,13.69
114008,SAN CAMILO,2025,6,-999.0,-999.0,13.03
114008,SAN CAMILO,2025,7,-999.0,25.88,11.38
114008,SAN CAMILO,2025,8,0.0,26.67,10.9
114008,SAN CAMILO,2025,9,0.0,-999.0,11.5
114008,SAN CAMILO,2025,10,0.0,30.07,13.07
114008,SAN CAMILO,2025,11,0.0,31.08,-999.0
114008,SAN CAMILO,2025,12,0.0,31.87,-999.0
