CODIGO,ESTACION,YEAR,MONTH,PP,TMAX,TMIN
114049,LIMBANI,1990,1,166.9,-999.0,-999.0
114049,LIMBANI,1990,2,140.7,-999.0,-999.0
114049,LIMBANI,1990,3,102.9,-999.0,-999.0
114049,LIMBANI,1990,4,42.3,-999.0,-999.0
114049,LIMBANI,1990,5,22.4,-999.0,-999.0
114049,LIMBANI,1990,6,12.4,-999.0,-999.0
114049,LIMBANI,1990,7,25.8,-999.0,-999.0
114049,LIMBANI,1990,8,34.7,-999.0,-999.0
114049,LIMBANI,1990,9,16.3,-999.0,-999.0
114049,LIMBANI,1990,10,121.7,-999.0,-999.0
114049,LIMBANI,1990,11,66.9,-999.0,-999.0
114049,LIMBANI,1990,12,136.5,-999.0,-999.0
114049,LIMBANI,1991,1,162.6,-999.0,-999.0
114049,LIMBANI,1991,2,167.5,-999.0,-999.0
114049,LIMBANI,1991,3,84.7,-999.0,-999.0
114049,LIMBANI,1991,4,18.1,-999.0,-999.0
114049,LIMBANI,1991,5,28.4,-999.0,-999.0
114049,LIMBANI,1991,6,16.3,-999.0,-999.0
114049,LIMBANI,1991,7,0.0,-999.0,-999.0
114049,LIMBANI,1991,8,7.9,-999.0,-999.0
114049,LIMBANI,1991,9,134.4,-999.0,-999.0
114049,LIMBANI,1991,10,204.0,-999.0,-999.0
114049,LIMBANI,1991,11,127.3,-999.0,-999.0
114049,LIMBANI,1991,12,262.9,-999.0,-999.0
114049,LIMBANI,1992,1,181.5,-999.0,-999.0
114049,LIMBANI,1992,2,211.2,-999.0,-999.0
114049,LIMBANI,1992,3,133.2,-999.0,-999.0
114049,LIMBANI,1992,4,52.1,-999.0,-999.0
114049,LIMBANI,1992,5,75.2,-999.0,-999.0
114049,LIMBANI,1992,6,91.0,-999.0,-999.0
114049,LIMBANI,1992,7,52.7,-999.0,-999.0
114049,LIMBANI,1992,8,37.1,-999.0,-999.0
114049,LIMBANI,1992,9,62.3,-999.0,-999.0
114049,LIMBANI,1992,10,60.1,-999.0,-999.0
114049,LIMBANI,1992,11,142.3,-999.0,-999.0
114049,LIMBANI,1992,12,156.4,-999.0,-999.0
114049,LIMBANI,1993,1,180.6,-999.0,-999.0
114049,LIMBANI,1993,2,256.0,-999.0,-999.0
114049,LIMBANI,1993,3,165.3,-999.0,-999.0
114049,LIMBANI,1993,4,107.6,-999.0,-999.0
114049,LIMBANI,1993,5,69.9,-999.0,-999.0
114049,LIMBANI,1993,6,14.8,-999.0,-999.0
114049,LIMBANI,1993,7,7.1,-999.0,-999.0
114049,LIMBANI,1993,8,145.8,-999.0,-999.0
114049,LIMBANI,1993,9,59.9,-999.0,-999.0
114049,LIMBANI,1993,10,83.9,-999.0,-999.0
114049,LIMBANI,1993,11,242.1,-999.0,-999.0
114049,LIMBANI,1993,12,308.2,-999.0,-999.0
114049,LIMBANI,1994,1,301.1,-999.0,-999.0
114049,LIMBANI,1994,2,185.4,-999.0,-999.0
114049,LIMBANI,1994,3,168.1,-999.0,-999.0
114049,LIMBANI,1994,4,181.9,-999.0,-999.0
114049,LIMBANI,1994,5,23.2,-999.0,-999.0
114049,LIMBANI,1994,6,11.4,-999.0,-999.0
114049,LIMBANI,1994,7,4.6,-999.0,-999.0
114049,LIMBANI,1994,8,49.7,-999.0,-999.0
114049,LIMBANI,1994,9,57.0,-999.0,-999.0
114049,LIMBANI,1994,10,61.9,-999.0,-999.0
114049,LIMBANI,1994,11,182.2,-999.0,-999.0
114049,LIMBANI,1994,12,142.5,-999.0,-999.0
114049,LIMBANI,1995,1,102.5,-999.0,-999.0
114049,LIMBANI,1995,2,126.5,-999.0,-999.0
114049,LIMBANI,1995,3,249.5,-999.0,-999.0
114049,LIMBANI,1995,4,62.8,-999.0,-999.0
114049,LIMBANI,1995,5,12.3,-999.0,-999.0
114049,LIMBANI,1995,6,34.6,-999.0,-999.0
114049,LIMBANI,1995,7,75.5,-999.0,-999.0
114049,LIMBANI,1995,8,25.3,-999.0,-999.0
114049,LIMBANI,1995,9,85.7,-999.0,-999.0
114049,LIMBANI,1995,10,93.6,-999.0,-999.0
114049,LIMBANI,1995,11,106.8,-999.0,-999.0
114049,LIMBANI,1995,12,281.6,-999.0,-999.0
114049,LIMBANI,1996,1,356.6,-999.0,-999.0
114049,LIMBANI,1996,2,338.3,-999.0,-999.0
114049,LIMBANI,1996,3,110.5,-999.0,-999.0
114049,LIMBANI,1996,4,56.3,-999.0,-999.0
114049,LIMBANI,1996,5,8.4,-999.0,-999.0
114049,LIMBANI,1996,6,9.3,-999.0,-999.0
114049,LIMBANI,1996,7,27.4,-999.0,-999.0
114049,LIMBANI,1996,8,72.7,-999.0,-999.0
114049,LIMBANI,1996,9,122.4,-999.0,-999.0
114049,LIMBANI,1996,10,66.1,-999.0,-999.0
114049,LIMBANI,1996,11,185.7,-999.0,-999.0
114049,LIMBANI,1996,12,184.4,-999.0,-999.0
114049,LIMBANI,1997,1,302.4,-999.0,-999.0
114049,LIMBANI,1997,2,332.4,-999.0,-999.0
114049,LIMBANI,1997,3,251.6,-999.0,-999.0
114049,LIMBANI,1997,4,12.6,-999.0,-999.0
114049,LIMBANI,1997,5,67.8,-999.0,-999.0
114049,LIMBANI,1997,6,9.7,-999.0,-999.0
114049,LIMBANI,1997,7,1.3,-999.0,-999.0
114049,LIMBANI,1997,8,35.8,-999.0,-999.0
114049,LIMBANI,1997,9,111.3,-999.0,-999.0
114049,LIMBANI,1997,10,163.9,-999.0,-999.0
114049,LIMBANI,1997,11,204.5,-999.0,-999.0
114049,LIMBANI,1997,12,-999.0,-999.0,-999.0
114049,LIMBANI,1998,1,188.8,-999.0,-999.0
114049,LIMBANI,1998,2,208.5,-999.0,-999.0
114049,LIMBANI,1998,3,155.1,-999.0,-999.0
114049,LIMBANI,1998,4,78.5,-999.0,-999.0
114049,LIMBANI,1998,5,9.8,-999.0,-999.0
114049,LIMBANI,1998,6,18.7,-999.0,-999.0
114049,LIMBANI,1998,7,7.7,-999.0,-999.0
114049,LIMBANI,1998,8,5.7,-999.0,-999.0
114049,LIMBANI,1998,9,11.4,-999.0,-999.0
114049,LIMBANI,1998,10,194.9,-999.0,-999.0
114049,LIMBANI,1998,11,126.3,-999.0,-999.0
114049,LIMBANI,1998,12,66.8,-999.0,-999.0
114049,LIMBANI,1999,1,170.7,-999.0,-999.0
114049,LIMBANI,1999,2,346.9,-999.0,-999.0
114049,LIMBANI,1999,3,232.3,-999.0,-999.0
114049,LIMBANI,1999,4,105.4,-999.0,-999.0
114049,LIMBANI,1999,5,26.4,-999.0,-999.0
114049,LIMBANI,1999,6,6.1,-999.0,-999.0
114049,LIMBANI,1999,7,5.2,-999.0,-999.0
114049,LIMBANI,1999,8,3.4,-999.0,-999.0
114049,LIMBANI,1999,9,73.3,-999.0,-999.0
114049,LIMBANI,1999,10,44.5,-999.0,-999.0
114049,LIMBANI,1999,11,81.6,-999.0,-999.0
114049,LIMBANI,1999,12,156.4,-999.0,-999.0
114049,LIMBANI,2000,1,282.7,-999.0,-999.0
114049,LIMBANI,2000,2,275.9,-999.0,-999.0
114049,LIMBANI,2000,3,55.6,-999.0,-999.0
114049,LIMBANI,2000,4,52.8,-999.0,-999.0
114049,LIMBANI,2000,5,18.4,-999.0,-999.0
114049,LIMBANI,2000,6,56.7,-999.0,-999.0
114049,LIMBANI,2000,7,11.2,-999.0,-999.0
114049,LIMBANI,2000,8,40.9,-999.0,4.28
114049,LIMBANI,2000,9,32.1,-999.0,4.43
114049,LIMBANI,2000,10,157.7,-999.0,-999.0
114049,LIMBANI,2000,11,52.3,-999.0,-999.0
114049,LIMBANI,2000,12,193.9,-999.0,-999.0
114049,LIMBANI,2001,1,379.8,-999.0,-999.0
114049,LIMBANI,2001,2,215.3,-999.0,-999.0
114049,LIMBANI,2001,3,346.1,-999.0,-999.0
114049,LIMBANI,2001,4,110.0,-999.0,5.83
114049,LIMBANI,2001,5,49.0,-999.0,-999.0
114049,LIMBANI,2001,6,13.6,-999.0,-999.0
114049,LIMBANI,2001,7,26.0,-999.0,2.41
114049,LIMBANI,2001,8,47.1,-999.0,2.27
114049,LIMBANI,2001,9,69.0,-999.0,-999.0
114049,LIMBANI,2001,10,117.1,-999.0,-999.0
114049,LIMBANI,2001,11,165.7,-999.0,7.28
114049,LIMBANI,2001,12,134.8,-999.0,7.0
114049,LIMBANI,2002,1,197.1,-999.0,-999.0
114049,LIMBANI,2002,2,261.0,-999.0,7.16
114049,LIMBANI,2002,3,243.4,-999.0,7.18
114049,LIMBANI,2002,4,117.3,-999.0,-999.0
114049,LIMBANI,2002,5,32.6,-999.0,5.0
114049,LIMBANI,2002,6,37.4,-999.0,-999.0
114049,LIMBANI,2002,7,120.0,-999.0,2.32
114049,LIMBANI,2002,8,62.4,-999.0,4.13
114049,LIMBANI,2002,9,51.3,-999.0,-999.0
114049,LIMBANI,2002,10,112.7,-999.0,6.29
114049,LIMBANI,2002,11,106.6,-999.0,5.41
114049,LIMBANI,2002,12,195.9,-999.0,7.29
114049,LIMBANI,2003,1,272.2,-999.0,7.31
114049,LIMBANI,2003,2,175.0,-999.0,6.91
114049,LIMBANI,2003,3,260.7,-999.0,6.41
114049,LIMBANI,2003,4,101.9,-999.0,6.27
114049,LIMBANI,2003,5,24.6,-999.0,5.76
114049,LIMBANI,2003,6,24.1,-999.0,3.94
114049,LIMBANI,2003,7,11.0,-999.0,2.29
114049,LIMBANI,2003,8,68.5,-999.0,3.64
114049,LIMBANI,2003,9,45.2,-999.0,4.58
114049,LIMBANI,2003,10,93.3,-999.0,5.75
114049,LIMBANI,2003,11,69.4,-999.0,6.2
114049,LIMBANI,2003,12,174.6,-999.0,7.07
114049,LIMBANI,2004,1,203.3,-999.0,7.59
114049,LIMBANI,2004,2,180.6,-999.0,6.5
114049,LIMBANI,2004,3,180.4,-999.0,6.41
114049,LIMBANI,2004,4,78.4,-999.0,6.31
114049,LIMBANI,2004,5,61.8,-999.0,4.72
114049,LIMBANI,2004,6,16.5,-999.0,2.94
114049,LIMBANI,2004,7,61.6,-999.0,2.68
114049,LIMBANI,2004,8,108.4,-999.0,-999.0
114049,LIMBANI,2004,9,60.1,-999.0,-999.0
114049,LIMBANI,2004,10,146.4,-999.0,-999.0
114049,LIMBANI,2004,11,138.1,-999.0,-999.0
114049,LIMBANI,2004,12,183.5,-999.0,-999.0
114049,LIMBANI,2005,1,192.9,-999.0,-999.0
114049,LIMBANI,2005,2,243.8,-999.0,-999.0
114049,LIMBANI,2005,3,167.7,-999.0,-999.0
114049,LIMBANI,2005,4,65.3,-999.0,-999.0
114049,LIMBANI,2005,5,32.5,-999.0,-999.0
114049,LIMBANI,2005,6,3.0,-999.0,-999.0
114049,LIMBANI,2005,7,3.7,-999.0,-999.0
114049,LIMBANI,2005,8,0.1,-999.0,-999.0
114049,LIMBANI,2005,9,52.8,-999.0,-999.0
114049,LIMBANI,2005,10,178.2,-999.0,-999.0
114049,LIMBANI,2005,11,211.2,-999.0,-999.0
114049,LIMBANI,2005,12,253.0,-999.0,-999.0
114049,LIMBANI,2006,1,413.4,-999.0,-999.0
114049,LIMBANI,2006,2,108.3,-999.0,-999.0
114049,LIMBANI,2006,3,201.7,-999.0,-999.0
114049,LIMBANI,2006,4,196.2,-999.0,-999.0
114049,LIMBANI,2006,5,6.6,-999.0,-999.0
114049,LIMBANI,2006,6,12.8,-999.0,-999.0
114049,LIMBANI,2006,7,9.9,-999.0,-999.0
114049,LIMBANI,2006,8,76.8,-999.0,-999.0
114049,LIMBANI,2006,9,36.3,-999.0,-999.0
114049,LIMBANI,2006,10,176.1,-999.0,-999.0
114049,LIMBANI,2006,11,273.5,-999.0,-999.0
114049,LIMBANI,2006,12,-999.0,-999.0,-999.0
114049,LIMBANI,2007,1,319.8,-999.0,-999.0
114049,LIMBANI,2007,2,165.9,-999.0,-999.0
114049,LIMBANI,2007,3,298.7,-999.0,-999.0
114049,LIMBANI,2007,4,105.5,-999.0,-999.0
114049,LIMBANI,2007,5,17.0,-999.0,-999.0
114049,LIMBANI,2007,6,10.9,-999.0,-999.0
114049,LIMBANI,2007,7,36.7,-999.0,-999.0
114049,LIMBANI,2007,8,21.7,-999.0,-999.0
114049,LIMBANI,2007,9,56.9,-999.0,-999.0
114049,LIMBANI,2007,10,120.1,-999.0,-999.0
114049,LIMBANI,2007,11,194.5,-999.0,-999.0
114049,LIMBANI,2007,12,221.2,-999.0,-999.0
114049,LIMBANI,2008,1,387.3,-999.0,-999.0
114049,LIMBANI,2008,2,223.6,-999.0,-999.0
114049,LIMBANI,2008,3,153.5,-999.0,-999.0
114049,LIMBANI,2008,4,13.5,-999.0,-999.0
114049,LIMBANI,2008,5,34.3,-999.0,-999.0
114049,LIMBANI,2008,6,10.9,-999.0,-999.0
114049,LIMBANI,2008,7,12.4,-999.0,-999.0
114049,LIMBANI,2008,8,33.0,-999.0,-999.0
114049,LIMBANI,2008,9,59.0,-999.0,-999.0
114049,LIMBANI,2008,10,283.6,-999.0,-999.0
114049,LIMBANI,2008,11,141.2,-999.0,-999.0
114049,LIMBANI,2008,12,284.0,-999.0,-999.0
114049,LIMBANI,2009,1,396.4,-999.0,-999.0
114049,LIMBANI,2009,2,336.7,-999.0,-999.0
114049,LIMBANI,2009,3,79.4,-999.0,-999.0
114049,LIMBANI,2009,4,12.1,-999.0,-999.0
114049,LIMBANI,2009,5,0.0,-999.0,-999.0
114049,LIMBANI,2009,6,1.0,-999.0,-999.0
114049,LIMBANI,2009,7,11.4,-999.0,-999.0
114049,LIMBANI,2009,8,8.7,-999.0,-999.0
114049,LIMBANI,2009,9,30.4,-999.0,-999.0
114049,LIMBANI,2009,10,75.9,-999.0,-999.0
114049,LIMBANI,2009,11,130.4,-999.0,-999.0
114049,LIMBANI,2009,12,156.3,-999.0,-999.0
114049,LIMBANI,2010,1,365.4,-999.0,-999.0
114049,LIMBANI,2010,2,331.4,-999.0,-999.0
114049,LIMBANI,2010,3,98.8,-999.0,-999.0
114049,LIMBANI,2010,4,46.8,-999.0,-999.0
114049,LIMBANI,2010,5,57.5,-999.0,-999.0
114049,LIMBANI,2010,6,1.4,-999.0,-999.0
114049,LIMBANI,2010,7,1.0,-999.0,-999.0
114049,LIMBANI,2010,8,25.2,-999.0,-999.0
114049,LIMBANI,2010,9,30.5,-999.0,-999.0
114049,LIMBANI,2010,10,114.1,-999.0,-999.0
114049,LIMBANI,2010,11,108.0,-999.0,-999.0
114049,LIMBANI,2010,12,316.6,-999.0,-999.0
114049,LIMBANI,2011,1,224.8,-999.0,-999.0
114049,LIMBANI,2011,2,223.0,-999.0,-999.0
114049,LIMBANI,2011,3,142.9,-999.0,-999.0
114049,LIMBANI,2011,4,35.2,-999.0,-999.0
114049,LIMBANI,2011,5,19.4,-999.0,-999.0
114049,LIMBANI,2011,6,19.6,-999.0,-999.0
114049,LIMBANI,2011,7,29.7,-999.0,-999.0
114049,LIMBANI,2011,8,19.0,-999.0,-999.0
114049,LIMBANI,2011,9,121.8,-999.0,-999.0
114049,LIMBANI,2011,10,196.5,-999.0,-999.0
114049,LIMBANI,2011,11,59.2,-999.0,-999.0
114049,LIMBANI,2011,12,327.0,-999.0,-999.0
114049,LIMBANI,2012,1,230.9,-999.0,-999.0
114049,LIMBANI,2012,2,300.1,-999.0,-999.0
114049,LIMBANI,2012,3,61.7,-999.0,-999.0
114049,LIMBANI,2012,4,98.2,-999.0,-999.0
114049,LIMBANI,2012,5,9.5,-999.0,-999.0
114049,LIMBANI,2012,6,40.5,-999.0,-999.0
114049,LIMBANI,2012,7,55.9,-999.0,-999.0
114049,LIMBANI,2012,8,0.0,-999.0,-999.0
114049,LIMBANI,2012,9,86.5,-999.0,-999.0
114049,LIMBANI,2012,10,130.6,-999.0,-999.0
114049,LIMBANI,2012,11,133.2,-999.0,-999.0
114049,LIMBANI,2012,12,471.9,-999.0,-999.0
114049,LIMBANI,2013,1,204.1,-999.0,-999.0
114049,LIMBANI,2013,2,184.7,-999.0,-999.0
114049,LIMBANI,2013,3,296.3,-999.0,-999.0
114049,LIMBANI,2013,4,8.1,-999.0,-999.0
114049,LIMBANI,2013,5,23.6,-999.0,-999.0
114049,LIMBANI,2013,6,81.8,-999.0,-999.0
114049,LIMBANI,2013,7,14.1,-999.0,-999.0
114049,LIMBANI,2013,8,26.5,-999.0,-999.0
114049,LIMBANI,2013,9,67.0,-999.0,-999.0
114049,LIMBANI,2013,10,266.8,-999.0,-999.0
114049,LIMBANI,2013,11,84.7,-999.0,-999.0
114049,LIMBANI,2013,12,394.6,-999.0,-999.0
114049,LIMBANI,2014,1,407.8,-999.0,-999.0
114049,LIMBANI,2014,2,353.1,-999.0,-999.0
114049,LIMBANI,2014,3,137.1,-999.0,-999.0
114049,LIMBANI,2014,4,78.3,-999.0,-999.0
114049,LIMBANI,2014,5,67.1,-999.0,-999.0
114049,LIMBANI,2014,6,10.4,-999.0,-999.0
114049,LIMBANI,2014,7,30.5,-999.0,-999.0
114049,LIMBANI,2014,8,32.1,-999.0,-999.0
114049,LIMBANI,2014,9,136.6,-999.0,-999.0
114049,LIMBANI,2014,10,102.7,-999.0,-999.0
114049,LIMBANI,2014,11,123.9,-999.0,-999.0
114049,LIMBANI,2014,12,250.7,-999.0,-999.0
114049,LIMBANI,2015,1,366.4,-999.0,-999.0
114049,LIMBANI,2015,2,278.5,-999.0,-999.0
114049,LIMBANI,2015,3,259.5,-999.0,-999.0
114049,LIMBANI,2015,4,172.8,-999.0,-999.0
114049,LIMBANI,2015,5,56.6,-999.0,-999.0
114049,LIMBANI,2015,6,43.2,-999.0,-999.0
114049,LIMBANI,2015,7,75.9,-999.0,-999.0
114049,LIMBANI,2015,8,168.5,-999.0,-999.0
114049,LIMBANI,2015,9,77.1,-999.0,-999.0
114049,LIMBANI,2015,10,59.5,-999.0,-999.0
114049,LIMBANI,2015,11,133.7,-999.0,-999.0
114049,LIMBANI,2015,12,185.8,-999.0,-999.0
114049,LIMBANI,2016,1,157.1,-999.0,-999.0
114049,LIMBANI,2016,2,263.7,-999.0,-999.0
114049,LIMBANI,2016,3,98.9,-999.0,-999.0
114049,LIMBANI,2016,4,100.3,-999.0,-999.0
114049,LIMBANI,2016,5,6.7,-999.0,-999.0
114049,LIMBANI,2016,6,22.0,-999.0,-999.0
114049,LIMBANI,2016,7,19.3,-999.0,-999.0
114049,LIMBANI,2016,8,26.0,-999.0,-999.0
114049,LIMBANI,2016,9,35.5,-999.0,-999.0
114049,LIMBANI,2016,10,127.0,-999.0,-999.0
114049,LIMBANI,2016,11,55.9,-999.0,-999.0
114049,LIMBANI,2016,12,147.1,-999.0,-999.0
114049,LIMBANI,2017,1,172.8,-999.0,-999.0
114049,LIMBANI,2017,2,212.3,-999.0,-999.0
114049,LIMBANI,2017,3,238.5,-999.0,-999.0
114049,LIMBANI,2017,4,98.2,-999.0,-999.0
114049,LIMBANI,2017,5,100.1,-999.0,-999.0
114049,LIMBANI,2017,6,31.2,-999.0,-999.0
114049,LIMBANI,2017,7,27.8,-999.0,-999.0
114049,LIMBANI,2017,8,53.7,-999.0,-999.0
114049,LIMBANI,2017,9,128.0,-999.0,-999.0
114049,LIMBANI,2017,10,66.2,-999.0,-999.0
114049,LIMBANI,2017,11,72.0,-999.0,-999.0
114049,LIMBANI,2017,12,161.1,-999.0,-999.0
114049,LIMBANI,2018,1,144.9,18.55,2.38
114049,LIMBANI,2018,2,190.7,-999.0,-999.0
114049,LIMBANI,2018,3,262.1,-999.0,-999.0
114049,LIMBANI,2018,4,37.7,-999.0,-999.0
114049,LIMBANI,2018,5,26.2,-999.0,-999.0
114049,LIMBANI,2018,6,78.5,-999.0,-999.0
114049,LIMBANI,2018,7,60.5,-999.0,-999.0
114049,LIMBANI,2018,8,106.9,-999.0,-999.0
114049,LIMBANI,2018,9,28.3,-999.0,-999.0
114049,LIMBANI,2018,10,147.2,-999.0,-999.0
114049,LIMBANI,2018,11,144.3,-999.0,-999.0
114049,LIMBANI,2018,12,101.9,-999.0,-999.0
114049,LIMBANI,2019,1,184.9,-999.0,-999.0
114049,LIMBANI,2019,2,187.4,-999.0,-999.0
114049,LIMBANI,2019,3,118.1,-999.0,-999.0
114049,LIMBANI,2019,4,117.5,-999.0,-999.0
114049,LIMBANI,2019,5,87.6,-999.0,-999.0
114049,LIMBANI,2019,6,21.6,-999.0,-999.0
114049,LIMBANI,2019,7,66.5,-999.0,-999.0
114049,LIMBANI,2019,8,28.6,-999.0,-999.0
114049,LIMBANI,2019,9,93.5,-999.0,-999.0
114049,LIMBANI,2019,10,158.5,-999.0,-999.0
114049,LIMBANI,2019,11,161.9,-999.0,-999.0
114049,LIMBANI,2019,12,201.2,-999.0,-999.0
114049,LIMBANI,2020,1,248.8,-999.0,-999.0
114049,LIMBANI,2020,2,299.4,-999.0,-999.0
114049,LIMBANI,2020,3,-999.0,-999.0,-999.0
114049,LIMBANI,2020,4,-999.0,-999.0,-999.0
114049,LIMBANI,2020,5,-999.0,-999.0,-999.0
114049,LIMBANI,2020,6,-999.0,-999.0,-999.0
114049,LIMBANI,2020,7,9.5,-999.0,-999.0
114049,LIMBANI,2020,8,50.2,-999.0,-999.0
114049,LIMBANI,2020,9,54.5,-999.0,-999.0
114049,LIMBANI,2020,10,64.3,-999.0,-999.0
114049,LIMBANI,2020,11,65.2,-999.0,-999.0
114049,LIMBANI,2020,12,144.2,-999.0,-999.0
114049,LIMBANI,2021,1,192.4,-999.0,-999.0
114049,LIMBANI,2021,2,165.5,18.89,2.5
114049,LIMBANI,2021,3,170.7,18.81,2.39
114049,LIMBANI,2021,4,61.0,18.78,2.03
114049,LIMBANI,2021,5,18.5,19.15,0.63
114049,LIMBANI,2021,6,14.8,18.82,0.52
114049,LIMBANI,2021,7,12.3,18.85,0.05
114049,LIMBANI,2021,8,31.3,18.57,0.05
114049,LIMBANI,2021,9,57.2,18.82,2.02
114049,LIMBANI,2021,10,112.5,18.19,2.42
114049,LIMBANI,2021,11,170.3,18.14,2.71
114049,LIMBANI,2021,12,193.3,18.47,2.31
114049,LIMBANI,2022,1,132.7,18.42,2.26
114049,LIMBANI,2022,2,189.2,18.64,2.46
114049,LIMBANI,2022,3,212.0,18.58,2.4
114049,LIMBANI,2022,4,15.9,18.64,2.03
114049,LIMBANI,2022,5,21.4,18.53,1.82
114049,LIMBANI,2022,6,36.3,18.57,1.03
114049,LIMBANI,2022,7,30.5,18.8,0.69
114049,LIMBANI,2022,8,81.3,18.32,1.87
114049,LIMBANI,2022,9,44.9,18.27,2.45
114049,LIMBANI,2022,10,102.3,18.39,2.41
114049,LIMBANI,2022,11,43.5,18.51,2.07
114049,LIMBANI,2022,12,167.6,18.4,2.35
114049,LIMBANI,2023,1,79.4,18.7,2.49
114049,LIMBANI,2023,2,114.1,18.46,2.58
114049,LIMBANI,2023,3,77.1,18.53,2.36
114049,LIMBANI,2023,4,19.8,18.41,2.22
114049,LIMBANI,2023,5,34.4,18.55,0.74
114049,LIMBANI,2023,6,2.0,18.53,-1.0
114049,LIMBANI,2023,7,11.1,18.69,-0.34
114049,LIMBANI,2023,8,29.3,18.49,1.54
114049,LIMBANI,2023,9,44.7,18.09,2.52
114049,LIMBANI,2023,10,72.7,18.17,2.69
114049,LIMBANI,2023,11,98.0,17.87,2.85
114049,LIMBANI,2023,12,112.9,17.96,2.68
114049,LIMBANI,2024,1,99.0,17.54,2.78
114049,LIMBANI,2024,2,141.4,19.48,4.82
114049,LIMBANI,2024,3,162.0,18.53,2.7
114049,LIMBANI,2024,4,48.2,19.72,2.67
114049,LIMBANI,2024,5,35.8,18.87,-999.0
114049,LIMBANI,2024,6,17.5,19.09,-999.0
114049,LIMBANI,2024,7,24.8,16.74,-999.0
114049,LIMBANI,2024,8,19.2,17.06,3.48
114049,LIMBANI,2024,9,67.1,17.02,3.05
114049,LIMBANI,2024,10,108.7,17.0,3.28
114049,LIMBANI,2024,11,159.9,17.12,3.15
114049,LIMBANI,2024,12,74.1,17.44,3.06
114049,LIMBANI,2025,1,153.4,17.17,3.08
114049,LIMBANI,2025,2,121.6,17.23,3.01
114049,LIMBANI,2025,3,98.4,17.44,3.22
114049,LIMBANI,2025,4,45.3,17.63,2.76
114049,LIMBANI,2025,5,19.8,17.37,2.33
114049,LIMBANI,2025,6,24.9,17.25,1.66
114049,LIMBANI,2025,7,6.6,17.19,0.7
114049,LIMBANI,2025,8,23.3,16.85,2.06
114049,LIMBANI,2025,9,55.2,17.11,2.18
114049,LIMBANI,2025,10,91.2,17.08,-999.0
114049,LIMBANI,2025,11,57.5,-999.0,-999.0
114049,LIMBANI,2025,12,92.4,-999.0,-999.0
