CODIGO,ESTACION,YEAR,MONTH,PP,TMAX,TMIN
114043,TAMBOPATA,1990,1,305.5,26.85,16.17
114043,TAMBOPATA,1990,2,268.5,27.09,15.68
114043,TAMBOPATA,1990,3,72.1,28.23,16.13
114043,TAMBOPATA,1990,4,101.1,26.52,16.31
114043,TAMBOPATA,1990,5,78.0,24.99,15.04
114043,TAMBOPATA,1990,6,171.8,22.97,14.5
114043,TAMBOPATA,1990,7,52.3,22.43,13.23
114043,TAMBOPATA,1990,8,86.4,25.44,12.8
114043,TAMBOPATA,1990,9,93.9,25.24,14.11
114043,TAMBOPATA,1990,10,121.0,27.34,15.72
114043,TAMBOPATA,1990,11,116.5,26.49,16.7
114043,TAMBOPATA,1990,12,264.2,26.7,16.32
114043,TAMBOPATA,1991,1,237.0,26.32,16.99
114043,TAMBOPATA,1991,2,146.2,26.52,17.15
114043,TAMBOPATA,1991,3,120.7,25.95,17.01
114043,TAMBOPATA,1991,4,85.5,26.83,16.69
114043,TAMBOPATA,1991,5,19.6,25.74,-999.0
114043,TAMBOPATA,1991,6,82.3,23.57,14.97
114043,TAMBOPATA,1991,7,3.8,24.78,11.75
114043,TAMBOPATA,1991,8,31.7,24.34,13.38
114043,TAMBOPATA,1991,9,30.7,26.83,13.94
114043,TAMBOPATA,1991,10,197.4,26.3,15.49
114043,TAMBOPATA,1991,11,228.9,26.06,16.59
114043,TAMBOPATA,1991,12,149.8,26.97,16.78
114043,TAMBOPATA,1992,1,248.4,26.23,16.52
114043,TAMBOPATA,1992,2,162.6,26.23,16.66
114043,TAMBOPATA,1992,3,211.9,25.95,16.75
114043,TAMBOPATA,1992,4,138.7,25.07,16.84
114043,TAMBOPATA,1992,5,82.1,25.41,16.9
114043,TAMBOPATA,1992,6,61.1,23.46,16.05
114043,TAMBOPATA,1992,7,38.1,23.47,13.31
114043,TAMBOPATA,1992,8,191.3,23.28,13.75
114043,TAMBOPATA,1992,9,139.6,23.91,15.09
114043,TAMBOPATA,1992,10,103.5,25.29,15.75
114043,TAMBOPATA,1992,11,122.7,25.66,16.01
114043,TAMBOPATA,1992,12,232.8,26.04,16.82
114043,TAMBOPATA,1993,1,192.5,24.87,-999.0
114043,TAMBOPATA,1993,2,229.4,25.18,16.0
114043,TAMBOPATA,1993,3,313.7,26.54,15.67
114043,TAMBOPATA,1993,4,132.4,25.48,16.51
114043,TAMBOPATA,1993,5,157.1,24.82,15.81
114043,TAMBOPATA,1993,6,0.6,25.22,13.99
114043,TAMBOPATA,1993,7,43.5,23.09,13.7
114043,TAMBOPATA,1993,8,145.2,25.06,13.35
114043,TAMBOPATA,1993,9,68.8,25.33,14.69
114043,TAMBOPATA,1993,10,122.1,27.31,15.51
114043,TAMBOPATA,1993,11,227.3,28.06,17.3
114043,TAMBOPATA,1993,12,300.9,26.67,17.79
114043,TAMBOPATA,1994,1,169.8,26.27,16.74
114043,TAMBOPATA,1994,2,162.0,26.3,17.39
114043,TAMBOPATA,1994,3,173.6,26.71,16.46
114043,TAMBOPATA,1994,4,119.8,25.09,16.52
114043,TAMBOPATA,1994,5,25.7,24.46,15.67
114043,TAMBOPATA,1994,6,29.3,25.12,12.08
114043,TAMBOPATA,1994,7,40.5,23.5,12.37
114043,TAMBOPATA,1994,8,69.4,26.3,13.87
114043,TAMBOPATA,1994,9,48.2,28.17,13.8
114043,TAMBOPATA,1994,10,138.6,28.27,15.92
114043,TAMBOPATA,1994,11,283.0,27.17,16.14
114043,TAMBOPATA,1994,12,230.0,27.16,17.56
114043,TAMBOPATA,1995,1,233.6,26.2,17.5
114043,TAMBOPATA,1995,2,253.1,25.68,-999.0
114043,TAMBOPATA,1995,3,187.2,26.19,16.82
114043,TAMBOPATA,1995,4,62.3,26.28,16.57
114043,TAMBOPATA,1995,5,18.8,24.88,13.77
114043,TAMBOPATA,1995,6,33.4,24.84,14.61
114043,TAMBOPATA,1995,7,66.3,23.28,14.85
114043,TAMBOPATA,1995,8,30.0,25.9,14.84
114043,TAMBOPATA,1995,9,38.9,27.95,15.01
114043,TAMBOPATA,1995,10,100.7,28.95,16.45
114043,TAMBOPATA,1995,11,239.3,29.26,16.96
114043,TAMBOPATA,1995,12,281.4,28.12,16.73
114043,TAMBOPATA,1996,1,290.1,25.96,16.76
114043,TAMBOPATA,1996,2,118.4,26.96,17.03
114043,TAMBOPATA,1996,3,236.9,26.09,16.89
114043,TAMBOPATA,1996,4,113.6,26.58,16.39
114043,TAMBOPATA,1996,5,65.5,25.35,16.29
114043,TAMBOPATA,1996,6,16.1,23.99,14.27
114043,TAMBOPATA,1996,7,55.5,24.26,12.07
114043,TAMBOPATA,1996,8,66.8,25.63,13.86
114043,TAMBOPATA,1996,9,83.7,27.42,14.75
114043,TAMBOPATA,1996,10,102.8,27.99,15.16
114043,TAMBOPATA,1996,11,164.8,26.68,16.36
114043,TAMBOPATA,1996,12,189.5,26.33,16.81
114043,TAMBOPATA,1997,1,327.2,26.59,17.04
114043,TAMBOPATA,1997,2,219.3,25.65,16.24
114043,TAMBOPATA,1997,3,225.2,26.25,16.71
114043,TAMBOPATA,1997,4,106.8,27.0,16.53
114043,TAMBOPATA,1997,5,74.0,24.83,15.8
114043,TAMBOPATA,1997,6,37.1,23.67,15.67
114043,TAMBOPATA,1997,7,24.6,24.77,14.75
114043,TAMBOPATA,1997,8,31.7,26.53,15.17
114043,TAMBOPATA,1997,9,77.0,28.35,15.37
114043,TAMBOPATA,1997,10,106.7,28.12,16.66
114043,TAMBOPATA,1997,11,140.9,28.01,17.57
114043,TAMBOPATA,1997,12,245.5,26.85,17.89
114043,TAMBOPATA,1998,1,150.3,27.98,18.39
114043,TAMBOPATA,1998,2,142.7,26.52,18.4
114043,TAMBOPATA,1998,3,234.7,26.66,18.07
114043,TAMBOPATA,1998,4,150.3,25.69,16.98
114043,TAMBOPATA,1998,5,33.7,24.94,13.7
114043,TAMBOPATA,1998,6,43.9,23.71,13.81
114043,TAMBOPATA,1998,7,35.9,24.66,13.98
114043,TAMBOPATA,1998,8,31.6,25.46,14.84
114043,TAMBOPATA,1998,9,28.7,28.24,14.48
114043,TAMBOPATA,1998,10,219.2,27.15,16.07
114043,TAMBOPATA,1998,11,145.1,27.79,17.03
114043,TAMBOPATA,1998,12,98.5,26.88,16.41
114043,TAMBOPATA,1999,1,250.7,26.43,16.68
114043,TAMBOPATA,1999,2,320.7,26.61,16.34
114043,TAMBOPATA,1999,3,222.5,25.54,16.44
114043,TAMBOPATA,1999,4,186.8,25.12,15.06
114043,TAMBOPATA,1999,5,97.0,23.4,15.37
114043,TAMBOPATA,1999,6,31.3,23.35,14.07
114043,TAMBOPATA,1999,7,68.1,22.44,12.68
114043,TAMBOPATA,1999,8,15.4,25.57,12.03
114043,TAMBOPATA,1999,9,119.0,27.82,14.37
114043,TAMBOPATA,1999,10,66.1,28.64,14.41
114043,TAMBOPATA,1999,11,162.7,27.06,15.27
114043,TAMBOPATA,1999,12,183.7,26.59,16.33
114043,TAMBOPATA,2000,1,266.3,26.58,15.71
114043,TAMBOPATA,2000,2,116.8,26.48,16.7
114043,TAMBOPATA,2000,3,86.2,25.62,16.68
114043,TAMBOPATA,2000,4,83.6,27.16,16.01
114043,TAMBOPATA,2000,5,52.1,24.14,14.81
114043,TAMBOPATA,2000,6,46.3,23.13,14.42
114043,TAMBOPATA,2000,7,64.5,22.97,12.75
114043,TAMBOPATA,2000,8,122.7,25.26,14.7
114043,TAMBOPATA,2000,9,73.0,25.17,14.57
114043,TAMBOPATA,2000,10,177.4,27.07,15.54
114043,TAMBOPATA,2000,11,142.1,26.38,16.53
114043,TAMBOPATA,2000,12,186.0,26.1,16.77
114043,TAMBOPATA,2001,1,262.7,25.03,16.63
114043,TAMBOPATA,2001,2,213.4,26.21,16.37
114043,TAMBOPATA,2001,3,209.4,26.09,16.58
114043,TAMBOPATA,2001,4,101.7,26.41,16.27
114043,TAMBOPATA,2001,5,67.3,24.32,15.95
114043,TAMBOPATA,2001,6,31.6,23.22,14.0
114043,TAMBOPATA,2001,7,76.6,23.49,14.55
114043,TAMBOPATA,2001,8,52.5,25.37,13.3
114043,TAMBOPATA,2001,9,87.1,26.64,14.46
114043,TAMBOPATA,2001,10,219.9,27.15,15.43
114043,TAMBOPATA,2001,11,202.3,27.15,17.29
114043,TAMBOPATA,2001,12,228.5,27.44,16.26
114043,TAMBOPATA,2002,1,190.3,27.19,16.5
114043,TAMBOPATA,2002,2,255.8,25.4,17.14
114043,TAMBOPATA,2002,3,138.3,26.94,17.41
114043,TAMBOPATA,2002,4,165.5,25.72,16.27
114043,TAMBOPATA,2002,5,97.8,25.3,15.97
114043,TAMBOPATA,2002,6,75.0,23.91,14.87
114043,TAMBOPATA,2002,7,65.1,23.64,13.46
114043,TAMBOPATA,2002,8,50.1,26.43,13.94
114043,TAMBOPATA,2002,9,79.9,26.27,14.75
114043,TAMBOPATA,2002,10,119.8,27.77,15.28
114043,TAMBOPATA,2002,11,171.6,27.17,16.12
114043,TAMBOPATA,2002,12,244.1,26.91,17.03
114043,TAMBOPATA,2003,1,192.5,26.47,16.85
114043,TAMBOPATA,2003,2,236.9,25.81,16.34
114043,TAMBOPATA,2003,3,232.1,26.24,15.76
114043,TAMBOPATA,2003,4,85.9,25.81,15.68
114043,TAMBOPATA,2003,5,100.4,24.69,14.81
114043,TAMBOPATA,2003,6,27.8,25.47,14.0
114043,TAMBOPATA,2003,7,26.1,24.66,12.69
114043,TAMBOPATA,2003,8,97.8,23.87,12.94
114043,TAMBOPATA,2003,9,43.0,26.89,13.15
114043,TAMBOPATA,2003,10,79.5,28.98,14.64
114043,TAMBOPATA,2003,11,152.5,28.42,15.72
114043,TAMBOPATA,2003,12,296.3,25.71,16.77
114043,TAMBOPATA,2004,1,129.2,26.63,16.12
114043,TAMBOPATA,2004,2,99.0,26.98,15.77
114043,TAMBOPATA,2004,3,164.3,27.35,16.68
114043,TAMBOPATA,2004,4,89.2,27.17,15.93
114043,TAMBOPATA,2004,5,81.7,22.77,14.59
114043,TAMBOPATA,2004,6,59.2,23.07,14.03
114043,TAMBOPATA,2004,7,53.7,23.76,13.46
114043,TAMBOPATA,2004,8,65.9,25.33,12.77
114043,TAMBOPATA,2004,9,88.7,27.95,13.2
114043,TAMBOPATA,2004,10,118.9,26.82,16.06
114043,TAMBOPATA,2004,11,160.7,27.13,16.98
114043,TAMBOPATA,2004,12,202.7,28.67,17.25
114043,TAMBOPATA,2005,1,258.6,27.95,17.3
114043,TAMBOPATA,2005,2,196.5,26.74,16.75
114043,TAMBOPATA,2005,3,156.3,27.67,17.26
114043,TAMBOPATA,2005,4,79.2,26.45,16.63
114043,TAMBOPATA,2005,5,33.1,26.47,16.0
114043,TAMBOPATA,2005,6,20.2,24.41,15.52
114043,TAMBOPATA,2005,7,21.4,24.81,13.23
114043,TAMBOPATA,2005,8,8.7,27.59,13.15
114043,TAMBOPATA,2005,9,79.7,27.95,14.19
114043,TAMBOPATA,2005,10,233.8,28.1,15.57
114043,TAMBOPATA,2005,11,147.9,28.11,17.21
114043,TAMBOPATA,2005,12,318.4,28.15,17.57
114043,TAMBOPATA,2006,1,334.2,26.97,17.01
114043,TAMBOPATA,2006,2,113.4,27.48,17.34
114043,TAMBOPATA,2006,3,142.3,28.43,17.68
114043,TAMBOPATA,2006,4,239.4,26.96,16.5
114043,TAMBOPATA,2006,5,26.8,24.5,12.15
114043,TAMBOPATA,2006,6,31.7,24.75,14.79
114043,TAMBOPATA,2006,7,47.1,25.83,13.24
114043,TAMBOPATA,2006,8,43.9,26.75,14.15
114043,TAMBOPATA,2006,9,28.1,26.44,14.61
114043,TAMBOPATA,2006,10,131.5,28.77,16.68
114043,TAMBOPATA,2006,11,174.0,28.74,16.79
114043,TAMBOPATA,2006,12,193.3,27.07,18.04
114043,TAMBOPATA,2007,1,156.3,-999.0,-999.0
114043,TAMBOPATA,2007,2,173.4,-999.0,-999.0
114043,TAMBOPATA,2007,3,228.5,-999.0,-999.0
114043,TAMBOPATA,2007,4,114.4,-999.0,-999.0
114043,TAMBOPATA,2007,5,82.3,-999.0,-999.0
114043,TAMBOPATA,2007,6,8.5,-999.0,-999.0
114043,TAMBOPATA,2007,7,58.5,-999.0,-999.0
114043,TAMBOPATA,2007,8,50.4,-999.0,-999.0
114043,TAMBOPATA,2007,9,73.6,-999.0,-999.0
114043,TAMBOPATA,2007,10,89.6,-999.0,-999.0
114043,TAMBOPATA,2007,11,146.8,-999.0,-999.0
114043,TAMBOPATA,2007,12,182.5,-999.0,-999.0
114043,TAMBOPATA,2008,1,411.8,-999.0,-999.0
114043,TAMBOPATA,2008,2,114.1,-999.0,-999.0
114043,TAMBOPATA,2008,3,160.1,-999.0,-999.0
114043,TAMBOPATA,2008,4,82.0,-999.0,-999.0
114043,TAMBOPATA,2008,5,58.5,-999.0,-999.0
114043,TAMBOPATA,2008,6,29.3,-999.0,-999.0
114043,TAMBOPATA,2008,7,28.4,-999.0,-999.0
114043,TAMBOPATA,2008,8,20.0,-999.0,-999.0
114043,TAMBOPATA,2008,9,55.4,-999.0,-999.0
114043,TAMBOPATA,2008,10,226.5,-999.0,-999.0
114043,TAMBOPATA,2008,11,135.8,-999.0,-999.0
114043,TAMBOPATA,2008,12,252.2,-999.0,-999.0
114043,TAMBOPATA,2009,1,236.0,-999.0,-999.0
114043,TAMBOPATA,2009,2,287.3,-999.0,-999.0
114043,TAMBOPATA,2009,3,178.5,-999.0,-999.0
114043,TAMBOPATA,2009,4,82.6,-999.0,-999.0
114043,TAMBOPATA,2009,5,44.7,-999.0,-999.0
114043,TAMBOPATA,2009,6,20.8,-999.0,-999.0
114043,TAMBOPATA,2009,7,31.0,-999.0,-999.0
114043,TAMBOPATA,2009,8,27.0,-999.0,-999.0
114043,TAMBOPATA,2009,9,78.4,-999.0,-999.0
114043,TAMBOPATA,2009,10,82.5,-999.0,-999.0
114043,TAMBOPATA,2009,11,139.3,-999.0,-999.0
114043,TAMBOPATA,2009,12,203.4,-999.0,-999.0
114043,TAMBOPATA,2010,1,242.4,-999.0,-999.0
114043,TAMBOPATA,2010,2,236.1,-999.0,-999.0
114043,TAMBOPATA,2010,3,63.9,-999.0,-999.0
114043,TAMBOPATA,2010,4,94.3,-999.0,-999.0
114043,TAMBOPATA,2010,5,78.3,-999.0,-999.0
114043,TAMBOPATA,2010,6,10.1,-999.0,-999.0
114043,TAMBOPATA,2010,7,27.5,-999.0,-999.0
114043,TAMBOPATA,2010,8,21.5,-999.0,-999.0
114043,TAMBOPATA,2010,9,22.5,-999.0,-999.0
114043,TAMBOPATA,2010,10,119.3,-999.0,-999.0
114043,TAMBOPATA,2010,11,82.5,-999.0,-999.0
114043,TAMBOPATA,2010,12,120.7,-999.0,-999.0
114043,TAMBOPATA,2011,1,133.3,-999.0,-999.0
114043,TAMBOPATA,2011,2,159.7,-999.0,-999.0
114043,TAMBOPATA,2011,3,265.7,-999.0,-999.0
114043,TAMBOPATA,2011,4,147.8,-999.0,-999.0
114043,TAMBOPATA,2011,5,10.0,-999.0,-999.0
114043,TAMBOPATA,2011,6,38.8,-999.0,-999.0
114043,TAMBOPATA,2011,7,24.7,-999.0,-999.0
114043,TAMBOPATA,2011,8,4.6,-999.0,-999.0
114043,TAMBOPATA,2011,9,30.7,-999.0,-999.0
114043,TAMBOPATA,2011,10,53.5,-999.0,-999.0
114043,TAMBOPATA,2011,11,81.2,-999.0,-999.0
114043,TAMBOPATA,2011,12,265.4,-999.0,-999.0
114043,TAMBOPATA,2012,1,315.7,-999.0,-999.0
114043,TAMBOPATA,2012,2,346.9,-999.0,-999.0
114043,TAMBOPATA,2012,3,35.4,-999.0,-999.0
114043,TAMBOPATA,2012,4,95.4,-999.0,-999.0
114043,TAMBOPATA,2012,5,56.0,-999.0,-999.0
114043,TAMBOPATA,2012,6,44.7,-999.0,-999.0
114043,TAMBOPATA,2012,7,50.0,-999.0,-999.0
114043,TAMBOPATA,2012,8,20.5,-999.0,-999.0
114043,TAMBOPATA,2012,9,31.7,-999.0,-999.0
114043,TAMBOPATA,2012,10,109.1,-999.0,-999.0
114043,TAMBOPATA,2012,11,74.1,-999.0,-999.0
114043,TAMBOPATA,2012,12,155.5,-999.0,-999.0
114043,TAMBOPATA,2013,1,280.2,-999.0,-999.0
114043,TAMBOPATA,2013,2,215.2,-999.0,-999.0
114043,TAMBOPATA,2013,3,199.5,-999.0,-999.0
114043,TAMBOPATA,2013,4,58.8,-999.0,-999.0
114043,TAMBOPATA,2013,5,85.1,-999.0,-999.0
114043,TAMBOPATA,2013,6,65.6,-999.0,-999.0
114043,TAMBOPATA,2013,7,21.7,-999.0,-999.0
114043,TAMBOPATA,2013,8,109.9,-999.0,-999.0
114043,TAMBOPATA,2013,9,68.1,-999.0,-999.0
114043,TAMBOPATA,2013,10,209.9,-999.0,-999.0
114043,TAMBOPATA,2013,11,139.4,-999.0,-999.0
114043,TAMBOPATA,2013,12,151.4,-999.0,-999.0
114043,TAMBOPATA,2014,1,356.1,-999.0,-999.0
114043,TAMBOPATA,2014,2,144.4,-999.0,-999.0
114043,TAMBOPATA,2014,3,174.5,-999.0,-999.0
114043,TAMBOPATA,2014,4,163.4,-999.0,-999.0
114043,TAMBOPATA,2014,5,108.3,-999.0,-999.0
114043,TAMBOPATA,2014,6,65.7,-999.0,-999.0
114043,TAMBOPATA,2014,7,64.8,-999.0,12.93
114043,TAMBOPATA,2014,8,24.5,-999.0,13.35
114043,TAMBOPATA,2014,9,112.2,-999.0,13.89
114043,TAMBOPATA,2014,10,47.3,-999.0,14.93
114043,TAMBOPATA,2014,11,67.1,-999.0,15.85
114043,TAMBOPATA,2014,12,244.3,-999.0,16.25
114043,TAMBOPATA,2015,1,328.9,-999.0,16.78
114043,TAMBOPATA,2015,2,181.2,-999.0,16.95
114043,TAMBOPATA,2015,3,148.4,-999.0,16.85
114043,TAMBOPATA,2015,4,167.7,-999.0,16.83
114043,TAMBOPATA,2015,5,124.0,-999.0,16.5
114043,TAMBOPATA,2015,6,28.5,-999.0,15.69
114043,TAMBOPATA,2015,7,62.1,-999.0,15.15
114043,TAMBOPATA,2015,8,76.3,-999.0,14.85
114043,TAMBOPATA,2015,9,65.8,-999.0,15.86
114043,TAMBOPATA,2015,10,146.3,-999.0,15.92
114043,TAMBOPATA,2015,11,137.3,-999.0,17.22
114043,TAMBOPATA,2015,12,100.0,-999.0,16.61
114043,TAMBOPATA,2016,1,107.5,-999.0,17.55
114043,TAMBOPATA,2016,2,241.0,-999.0,17.64
114043,TAMBOPATA,2016,3,114.4,-999.0,17.43
114043,TAMBOPATA,2016,4,100.2,28.07,16.79
114043,TAMBOPATA,2016,5,36.1,26.05,15.95
114043,TAMBOPATA,2016,6,30.1,25.19,14.64
114043,TAMBOPATA,2016,7,13.1,26.76,14.02
114043,TAMBOPATA,2016,8,31.6,29.37,13.84
114043,TAMBOPATA,2016,9,71.0,30.0,14.57
114043,TAMBOPATA,2016,10,87.0,28.62,15.59
114043,TAMBOPATA,2016,11,59.6,-999.0,16.45
114043,TAMBOPATA,2016,12,75.5,-999.0,-999.0
114043,TAMBOPATA,2017,1,127.2,29.65,16.9
114043,TAMBOPATA,2017,2,-999.0,-999.0,-999.0
114043,TAMBOPATA,2017,3,-999.0,-999.0,-999.0
114043,TAMBOPATA,2017,4,-999.0,-999.0,-999.0
114043,TAMBOPATA,2017,5,-999.0,-999.0,-999.0
114043,TAMBOPATA,2017,6,-999.0,-999.0,-999.0
114043,TAMBOPATA,2017,7,-999.0,-999.0,-999.0
114043,TAMBOPATA,2017,8,-999.0,-999.0,-999.0
114043,TAMBOPATA,2017,9,-999.0,-999.0,-999.0
114043,TAMBOPATA,2017,10,-999.0,-999.0,-999.0
114043,TAMBOPATA,2017,11,-999.0,-999.0,-999.0
114043,TAMBOPATA,2017,12,-999.0,-999.0,-999.0
114043,TAMBOPATA,2018,1,-999.0,-999.0,-999.0
114043,TAMBOPATA,2018,2,-999.0,-999.0,-999.0
114043,TAMBOPATA,2018,3,-999.0,-999.0,-999.0
114043,TAMBOPATA,2018,4,-999.0,-999.0,-999.0
114043,TAMBOPATA,2018,5,-999.0,-999.0,-999.0
114043,TAMBOPATA,2018,6,-999.0,-999.0,-999.0
114043,TAMBOPATA,2018,7,-999.0,-999.0,-999.0
114043,TAMBOPATA,2018,8,-999.0,-999.0,-999.0
114043,TAMBOPATA,2018,9,-999.0,-999.0,-999.0
114043,TAMBOPATA,2018,10,-999.0,-999.0,-999.0
114043,TAMBOPATA,2018,11,-999.0,-999.0,-999.0
114043,TAMBOPATA,2018,12,-999.0,-999.0,-999.0
114043,TAMBOPATA,2019,1,-999.0,-999.0,-999.0
114043,TAMBOPATA,2019,2,-999.0,-999.0,-999.0
114043,TAMBOPATA,2019,3,-999.0,-999.0,-999.0
114043,TAMBOPATA,2019,4,-999.0,-999.0,-999.0
114043,TAMBOPATA,2019,5,-999.0,-999.0,-999.0
114043,TAMBOPATA,2019,6,-999.0,-999.0,-999.0
114043,TAMBOPATA,2019,7,31.8,25.38,14.41
114043,TAMBOPATA,2019,8,22.6,28.48,12.92
114043,TAMBOPATA,2019,9,68.3,29.41,15.17
114043,TAMBOPATA,2019,10,117.7,28.85,16.35
114043,TAMBOPATA,2019,11,271.8,29.62,16.96
114043,TAMBOPATA,2019,12,227.7,27.11,17.75
114043,TAMBOPATA,2020,1,112.0,29.11,17.83
114043,TAMBOPATA,2020,2,338.4,27.06,17.99
114043,TAMBOPATA,2020,3,-999.0,-999.0,-999.0
114043,TAMBOPATA,2020,4,-999.0,-999.0,-999.0
114043,TAMBOPATA,2020,5,-999.0,-999.0,-999.0
114043,TAMBOPATA,2020,6,-999.0,-999.0,-999.0
114043,TAMBOPATA,2020,7,15.9,27.02,15.34
114043,TAMBOPATA,2020,8,26.8,28.26,14.4
114043,TAMBOPATA,2020,9,42.4,29.83,14.98
114043,TAMBOPATA,2020,10,67.9,31.43,15.73
114043,TAMBOPATA,2020,11,113.6,31.05,18.67
114043,TAMBOPATA,2020,12,148.4,27.81,17.89
114043,TAMBOPATA,2021,1,163.4,27.2,17.92
114043,TAMBOPATA,2021,2,122.5,27.37,17.68
114043,TAMBOPATA,2021,3,110.5,27.61,16.95
114043,TAMBOPATA,2021,4,75.0,25.93,17.21
114043,TAMBOPATA,2021,5,25.2,24.92,15.35
114043,TAMBOPATA,2021,6,99.5,23.23,15.28
114043,TAMBOPATA,2021,7,65.7,23.86,13.92
114043,TAMBOPATA,2021,8,42.1,26.29,14.79
114043,TAMBOPATA,2021,9,113.1,26.55,15.03
114043,TAMBOPATA,2021,10,162.4,26.1,15.68
114043,TAMBOPATA,2021,11,236.6,24.89,16.58
114043,TAMBOPATA,2021,12,217.6,24.67,17.11
114043,TAMBOPATA,2022,1,228.5,24.74,16.16
114043,TAMBOPATA,2022,2,279.7,25.44,16.66
114043,TAMBOPATA,2022,3,143.7,26.54,16.28
114043,TAMBOPATA,2022,4,55.2,26.43,16.39
114043,TAMBOPATA,2022,5,85.5,23.87,-999.0
114043,TAMBOPATA,2022,6,82.7,24.53,12.63
114043,TAMBOPATA,2022,7,55.4,24.88,13.57
114043,TAMBOPATA,2022,8,152.3,25.39,13.66
114043,TAMBOPATA,2022,9,59.1,25.99,14.95
114043,TAMBOPATA,2022,10,95.0,27.58,15.5
114043,TAMBOPATA,2022,11,63.4,29.61,15.37
114043,TAMBOPATA,2022,12,131.2,28.24,15.53
114043,TAMBOPATA,2023,1,104.2,27.97,16.06
114043,TAMBOPATA,2023,2,208.7,27.21,16.2
114043,TAMBOPATA,2023,3,227.0,28.57,15.97
114043,TAMBOPATA,2023,4,67.0,27.24,16.49
114043,TAMBOPATA,2023,5,70.3,25.79,16.1
114043,TAMBOPATA,2023,6,36.2,25.46,13.43
114043,TAMBOPATA,2023,7,52.2,24.93,14.59
114043,TAMBOPATA,2023,8,6.0,27.03,14.1
114043,TAMBOPATA,2023,9,21.4,30.01,15.41
114043,TAMBOPATA,2023,10,133.4,31.31,17.1
114043,TAMBOPATA,2023,11,144.6,30.12,18.04
114043,TAMBOPATA,2023,12,217.8,29.19,19.01
114043,TAMBOPATA,2024,1,277.3,29.22,18.29
114043,TAMBOPATA,2024,2,249.2,27.53,18.03
114043,TAMBOPATA,2024,3,196.8,28.41,18.14
114043,TAMBOPATA,2024,4,52.8,26.78,18.76
114043,TAMBOPATA,2024,5,89.2,24.96,17.42
114043,TAMBOPATA,2024,6,27.3,24.37,15.47
114043,TAMBOPATA,2024,7,80.2,23.32,13.71
114043,TAMBOPATA,2024,8,40.8,25.08,14.7
114043,TAMBOPATA,2024,9,34.2,30.09,15.54
114043,TAMBOPATA,2024,10,84.5,29.28,16.73
114043,TAMBOPATA,2024,11,280.0,26.36,17.17
114043,TAMBOPATA,2024,12,107.8,26.68,17.28
114043,TAMBOPATA,2025,1,228.5,26.85,16.77
114043,TAMBOPATA,2025,2,216.8,28.13,16.76
114043,TAMBOPATA,2025,3,314.0,26.35,17.92
114043,TAMBOPATA,2025,4,194.0,24.96,17.43
114043,TAMBOPATA,2025,5,101.0,24.84,16.79
114043,TAMBOPATA,2025,6,60.0,22.89,15.42
114043,TAMBOPATA,2025,7,4.5,23.41,14.83
114043,TAMBOPATA,2025,8,76.4,-999.0,15.41
114043,TAMBOPATA,2025,9,51.8,-999.0,15.99
114043,TAMBOPATA,2025,10,162.6,-999.0,16.75
114043,TAMBOPATA,2025,11,189.0,-999.0,17.44
114043,TAMBOPATA,2025,12,-999.0,-999.0,-999.0
