CODIGO,ESTACION,YEAR,MONTH,PP,TMAX,TMIN
114067,LLAUTA,1990,1,12.4,-999.0,-999.0
114067,LLAUTA,1990,2,0.0,-999.0,-999.0
114067,LLAUTA,1990,3,36.9,-999.0,-999.0
114067,LLAUTA,1990,4,1.8,-999.0,-999.0
114067,LLAUTA,1990,5,0.0,-999.0,-999.0
114067,LLAUTA,1990,6,0.0,-999.0,-999.0
114067,LLAUTA,1990,7,0.0,-999.0,-999.0
114067,LLAUTA,1990,8,0.0,-999.0,-999.0
114067,LLAUTA,1990,9,0.0,-999.0,-999.0
114067,LLAUTA,1990,10,1.8,-999.0,-999.0
114067,LLAUTA,1990,11,17.2,-999.0,-999.0
114067,LLAUTA,1990,12,100.4,-999.0,-999.0
114067,LLAUTA,1991,1,50.6,-999.0,-999.0
114067,LLAUTA,1991,2,11.0,-999.0,-999.0
114067,LLAUTA,1991,3,64.1,-999.0,-999.0
114067,LLAUTA,1991,4,6.8,-999.0,-999.0
114067,LLAUTA,1991,5,0.0,-999.0,-999.0
114067,LLAUTA,1991,6,0.0,-999.0,-999.0
114067,LLAUTA,1991,7,0.0,-999.0,-999.0
114067,LLAUTA,1991,8,0.0,-999.0,-999.0
114067,LLAUTA,1991,9,0.0,-999.0,-999.0
114067,LLAUTA,1991,10,12.2,-999.0,-999.0
114067,LLAUTA,1991,11,0.0,-999.0,-999.0
114067,LLAUTA,1991,12,-999.0,-999.0,-999.0
114067,LLAUTA,1992,1,2.3,-999.0,-999.0
114067,LLAUTA,1992,2,5.4,-999.0,-999.0
114067,LLAUTA,1992,3,7.6,-999.0,-999.0
114067,LLAUTA,1992,4,0.6,-999.0,-999.0
114067,LLAUTA,1992,5,0.0,-999.0,-999.0
114067,LLAUTA,1992,6,0.0,-999.0,-999.0
114067,LLAUTA,1992,7,0.0,-999.0,-999.0
114067,LLAUTA,1992,8,0.0,-999.0,-999.0
114067,LLAUTA,1992,9,0.0,-999.0,-999.0
114067,LLAUTA,1992,10,1.4,-999.0,-999.0
114067,LLAUTA,1992,11,-999.0,-999.0,-999.0
114067,LLAUTA,1992,12,-999.0,-999.0,-999.0
114067,LLAUTA,1993,1,-999.0,-999.0,-999.0
114067,LLAUTA,1993,2,-999.0,-999.0,-999.0
114067,LLAUTA,1993,3,137.9,-999.0,-999.0
114067,LLAUTA,1993,4,4.5,-999.0,-999.0
114067,LLAUTA,1993,5,0.0,-999.0,-999.0
114067,LLAUTA,1993,6,0.0,-999.0,-999.0
114067,LLAUTA,1993,7,0.0,-999.0,-999.0
114067,LLAUTA,1993,8,0.0,-999.0,-999.0
114067,LLAUTA,1993,9,0.0,-999.0,-999.0
114067,LLAUTA,1993,10,0.5,-999.0,-999.0
114067,LLAUTA,1993,11,5.1,-999.0,-999.0
114067,LLAUTA,1993,12,21.1,-999.0,-999.0
114067,LLAUTA,1994,1,82.8,-999.0,-999.0
114067,LLAUTA,1994,2,85.1,-999.0,-999.0
114067,LLAUTA,1994,3,28.1,-999.0,-999.0
114067,LLAUTA,1994,4,12.7,-999.0,-999.0
114067,LLAUTA,1994,5,1.1,-999.0,-999.0
114067,LLAUTA,1994,6,0.0,-999.0,-999.0
114067,LLAUTA,1994,7,0.0,-999.0,-999.0
114067,LLAUTA,1994,8,0.0,-999.0,-999.0
114067,LLAUTA,1994,9,0.0,-999.0,-999.0
114067,LLAUTA,1994,10,0.0,-999.0,-999.0
114067,LLAUTA,1994,11,0.0,-999.0,-999.0
114067,LLAUTA,1994,12,25.6,-999.0,-999.0
114067,LLAUTA,1995,1,74.9,-999.0,-999.0
114067,LLAUTA,1995,2,5.9,-999.0,-999.0
114067,LLAUTA,1995,3,97.1,-999.0,-999.0
114067,LLAUTA,1995,4,3.7,-999.0,-999.0
114067,LLAUTA,1995,5,0.5,-999.0,-999.0
114067,LLAUTA,1995,6,0.0,-999.0,-999.0
114067,LLAUTA,1995,7,0.0,-999.0,-999.0
114067,LLAUTA,1995,8,0.0,-999.0,-999.0
114067,LLAUTA,1995,9,0.0,-999.0,-999.0
114067,LLAUTA,1995,10,0.0,-999.0,-999.0
114067,LLAUTA,1995,11,15.2,-999.0,-999.0
114067,LLAUTA,1995,12,13.6,-999.0,-999.0
114067,LLAUTA,1996,1,53.8,-999.0,-999.0
114067,LLAUTA,1996,2,102.8,-999.0,-999.0
114067,LLAUTA,1996,3,60.7,-999.0,-999.0
114067,LLAUTA,1996,4,8.7,-999.0,-999.0
114067,LLAUTA,1996,5,0.0,-999.0,-999.0
114067,LLAUTA,1996,6,0.0,-999.0,-999.0
114067,LLAUTA,1996,7,0.0,-999.0,-999.0
114067,LLAUTA,1996,8,1.9,-999.0,-999.0
114067,LLAUTA,1996,9,0.0,-999.0,-999.0
114067,LLAUTA,1996,10,0.0,-999.0,-999.0
114067,LLAUTA,1996,11,0.0,-999.0,-999.0
114067,LLAUTA,1996,12,5.1,-999.0,-999.0
114067,LLAUTA,1997,1,53.4,-999.0,-999.0
114067,LLAUTA,1997,2,62.1,-999.0,-999.0
114067,LLAUTA,1997,3,33.9,-999.0,-999.0
114067,LLAUTA,1997,4,0.0,-999.0,-999.0
114067,LLAUTA,1997,5,0.0,-999.0,-999.0
114067,LLAUTA,1997,6,0.0,-999.0,-999.0
114067,LLAUTA,1997,7,0.0,-999.0,-999.0
114067,LLAUTA,1997,8,28.8,-999.0,-999.0
114067,LLAUTA,1997,9,0.9,-999.0,-999.0
114067,LLAUTA,1997,10,0.0,-999.0,-999.0
114067,LLAUTA,1997,11,0.0,-999.0,-999.0
114067,LLAUTA,1997,12,40.2,-999.0,-999.0
114067,LLAUTA,1998,1,166.3,-999.0,-999.0
114067,LLAUTA,1998,2,124.9,-999.0,-999.0
114067,LLAUTA,1998,3,89.2,-999.0,-999.0
114067,LLAUTA,1998,4,0.0,-999.0,-999.0
114067,LLAUTA,1998,5,0.0,-999.0,-999.0
114067,LLAUTA,1998,6,0.0,-999.0,-999.0
114067,LLAUTA,1998,7,0.0,-999.0,-999.0
114067,LLAUTA,1998,8,0.0,-999.0,-999.0
114067,LLAUTA,1998,9,0.0,-999.0,-999.0
114067,LLAUTA,1998,10,0.0,-999.0,-999.0
114067,LLAUTA,1998,11,12.2,-999.0,-999.0
114067,LLAUTA,1998,12,39.9,-999.0,-999.0
114067,LLAUTA,1999,1,45.3,-999.0,-999.0
114067,LLAUTA,1999,2,172.8,-999.0,-999.0
114067,LLAUTA,1999,3,87.3,-999.0,-999.0
114067,LLAUTA,1999,4,12.6,-999.0,-999.0
114067,LLAUTA,1999,5,0.0,-999.0,-999.0
114067,LLAUTA,1999,6,0.0,-999.0,-999.0
114067,LLAUTA,1999,7,0.0,-999.0,-999.0
114067,LLAUTA,1999,8,0.0,-999.0,-999.0
114067,LLAUTA,1999,9,0.5,-999.0,-999.0
114067,LLAUTA,1999,10,11.9,-999.0,-999.0
114067,LLAUTA,1999,11,0.0,-999.0,-999.0
114067,LLAUTA,1999,12,13.9,-999.0,-999.0
114067,LLAUTA,2000,1,102.3,-999.0,-999.0
114067,LLAUTA,2000,2,76.4,-999.0,-999.0
114067,LLAUTA,2000,3,61.4,-999.0,-999.0
114067,LLAUTA,2000,4,23.7,-999.0,-999.0
114067,LLAUTA,2000,5,1.1,-999.0,-999.0
114067,LLAUTA,2000,6,0.0,-999.0,-999.0
114067,LLAUTA,2000,7,0.0,-999.0,-999.0
114067,LLAUTA,2000,8,0.0,-999.0,-999.0
114067,LLAUTA,2000,9,0.0,-999.0,-999.0
114067,LLAUTA,2000,10,0.3,-999.0,-999.0
114067,LLAUTA,2000,11,3.5,-999.0,-999.0
114067,LLAUTA,2000,12,15.0,-999.0,-999.0
114067,LLAUTA,2001,1,80.1,-999.0,-999.0
114067,LLAUTA,2001,2,120.4,-999.0,-999.0
114067,LLAUTA,2001,3,99.6,-999.0,-999.0
114067,LLAUTA,2001,4,12.8,-999.0,-999.0
114067,LLAUTA,2001,5,0.0,-999.0,-999.0
114067,LLAUTA,2001,6,0.0,-999.0,-999.0
114067,LLAUTA,2001,7,0.0,-999.0,-999.0
114067,LLAUTA,2001,8,0.0,-999.0,-999.0
114067,LLAUTA,2001,9,0.0,-999.0,-999.0
114067,LLAUTA,2001,10,0.0,-999.0,-999.0
114067,LLAUTA,2001,11,1.2,-999.0,-999.0
114067,LLAUTA,2001,12,0.0,-999.0,-999.0
114067,LLAUTA,2002,1,28.7,-999.0,-999.0
114067,LLAUTA,2002,2,65.0,-999.0,-999.0
114067,LLAUTA,2002,3,56.7,-999.0,-999.0
114067,LLAUTA,2002,4,22.3,-999.0,-999.0
114067,LLAUTA,2002,5,0.0,-999.0,-999.0
114067,LLAUTA,2002,6,0.0,-999.0,-999.0
114067,LLAUTA,2002,7,1.1,-999.0,-999.0
114067,LLAUTA,2002,8,2.7,-999.0,-999.0
114067,LLAUTA,2002,9,0.0,-999.0,-999.0
114067,LLAUTA,2002,10,-999.0,-999.0,-999.0
114067,LLAUTA,2002,11,25.4,-999.0,-999.0
114067,LLAUTA,2002,12,8.1,-999.0,-999.0
114067,LLAUTA,2003,1,14.4,-999.0,-999.0
114067,LLAUTA,2003,2,-999.0,-999.0,-999.0
114067,LLAUTA,2003,3,-999.0,-999.0,-999.0
114067,LLAUTA,2003,4,-999.0,-999.0,-999.0
114067,LLAUTA,2003,5,-999.0,-999.0,-999.0
114067,LLAUTA,2003,6,0.0,-999.0,-999.0
114067,LLAUTA,2003,7,0.0,-999.0,-999.0
114067,LLAUTA,2003,8,0.0,-999.0,-999.0
114067,LLAUTA,2003,9,0.0,-999.0,-999.0
114067,LLAUTA,2003,10,0.0,-999.0,-999.0
114067,LLAUTA,2003,11,1.8,-999.0,-999.0
114067,LLAUTA,2003,12,-999.0,-999.0,-999.0
114067,LLAUTA,2004,1,43.2,-999.0,-999.0
114067,LLAUTA,2004,2,29.3,-999.0,-999.0
114067,LLAUTA,2004,3,50.8,-999.0,-999.0
114067,LLAUTA,2004,4,8.0,-999.0,-999.0
114067,LLAUTA,2004,5,0.0,-999.0,-999.0
114067,LLAUTA,2004,6,0.0,-999.0,-999.0
114067,LLAUTA,2004,7,3.6,-999.0,-999.0
114067,LLAUTA,2004,8,0.0,-999.0,-999.0
114067,LLAUTA,2004,9,2.2,-999.0,-999.0
114067,LLAUTA,2004,10,0.6,-999.0,-999.0
114067,LLAUTA,2004,11,0.5,-999.0,-999.0
114067,LLAUTA,2004,12,17.7,-999.0,-999.0
114067,LLAUTA,2005,1,18.8,-999.0,-999.0
114067,LLAUTA,2005,2,46.6,-999.0,-999.0
114067,LLAUTA,2005,3,-999.0,-999.0,-999.0
114067,LLAUTA,2005,4,2.9,-999.0,-999.0
114067,LLAUTA,2005,5,0.0,-999.0,-999.0
114067,LLAUTA,2005,6,0.0,-999.0,-999.0
114067,LLAUTA,2005,7,0.0,-999.0,-999.0
114067,LLAUTA,2005,8,0.0,-999.0,-999.0
114067,LLAUTA,2005,9,0.1,-999.0,-999.0
114067,LLAUTA,2005,10,0.0,-999.0,-999.0
114067,LLAUTA,2005,11,0.0,-999.0,-999.0
114067,LLAUTA,2005,12,31.5,-999.0,-999.0
114067,LLAUTA,2006,1,59.5,-999.0,-999.0
114067,LLAUTA,2006,2,118.6,-999.0,-999.0
114067,LLAUTA,2006,3,93.4,-999.0,-999.0
114067,LLAUTA,2006,4,15.2,-999.0,-999.0
114067,LLAUTA,2006,5,0.0,-999.0,-999.0
114067,LLAUTA,2006,6,0.0,-999.0,-999.0
114067,LLAUTA,2006,7,0.0,-999.0,-999.0
114067,LLAUTA,2006,8,0.0,-999.0,-999.0
114067,LLAUTA,2006,9,2.8,-999.0,-999.0
114067,LLAUTA,2006,10,4.2,-999.0,-999.0
114067,LLAUTA,2006,11,16.1,-999.0,-999.0
114067,LLAUTA,2006,12,13.5,-999.0,-999.0
114067,LLAUTA,2007,1,-999.0,-999.0,-999.0
114067,LLAUTA,2007,2,-999.0,-999.0,-999.0
114067,LLAUTA,2007,3,-999.0,-999.0,-999.0
114067,LLAUTA,2007,4,4.4,-999.0,-999.0
114067,LLAUTA,2007,5,0.5,-999.0,-999.0
114067,LLAUTA,2007,6,0.0,-999.0,-999.0
114067,LLAUTA,2007,7,0.0,-999.0,-999.0
114067,LLAUTA,2007,8,0.0,-999.0,-999.0
114067,LLAUTA,2007,9,0.0,-999.0,-999.0
114067,LLAUTA,2007,10,0.0,-999.0,-999.0
114067,LLAUTA,2007,11,5.0,-999.0,-999.0
114067,LLAUTA,2007,12,5.8,-999.0,-999.0
114067,LLAUTA,2008,1,121.4,-999.0,-999.0
114067,LLAUTA,2008,2,151.8,-999.0,-999.0
114067,LLAUTA,2008,3,92.3,-999.0,-999.0
114067,LLAUTA,2008,4,9.7,-999.0,-999.0
114067,LLAUTA,2008,5,0.0,-999.0,-999.0
114067,LLAUTA,2008,6,0.0,-999.0,-999.0
114067,LLAUTA,2008,7,0.0,-999.0,-999.0
114067,LLAUTA,2008,8,0.0,-999.0,-999.0
114067,LLAUTA,2008,9,0.0,-999.0,-999.0
114067,LLAUTA,2008,10,0.0,-999.0,-999.0
114067,LLAUTA,2008,11,0.0,-999.0,-999.0
114067,LLAUTA,2008,12,10.2,-999.0,-999.0
114067,LLAUTA,2009,1,-999.0,-999.0,-999.0
114067,LLAUTA,2009,2,113.7,-999.0,-999.0
114067,LLAUTA,2009,3,72.7,-999.0,-999.0
114067,LLAUTA,2009,4,22.6,-999.0,-999.0
114067,LLAUTA,2009,5,0.0,-999.0,-999.0
114067,LLAUTA,2009,6,0.0,-999.0,-999.0
114067,LLAUTA,2009,7,0.0,-999.0,-999.0
114067,LLAUTA,2009,8,0.0,-999.0,-999.0
114067,LLAUTA,2009,9,0.0,-999.0,-999.0
114067,LLAUTA,2009,10,11.7,-999.0,-999.0
114067,LLAUTA,2009,11,6.1,-999.0,-999.0
114067,LLAUTA,2009,12,2.3,-999.0,-999.0
114067,LLAUTA,2010,1,17.6,-999.0,-999.0
114067,LLAUTA,2010,2,-999.0,-999.0,-999.0
114067,LLAUTA,2010,3,-999.0,-999.0,-999.0
114067,LLAUTA,2010,4,13.9,-999.0,-999.0
114067,LLAUTA,2010,5,0.0,-999.0,-999.0
114067,LLAUTA,2010,6,0.0,-999.0,-999.0
114067,LLAUTA,2010,7,0.0,-999.0,-999.0
114067,LLAUTA,2010,8,0.0,-999.0,-999.0
114067,LLAUTA,2010,9,0.0,-999.0,-999.0
114067,LLAUTA,2010,10,0.0,-999.0,-999.0
114067,LLAUTA,2010,11,0.0,-999.0,-999.0
114067,LLAUTA,2010,12,-999.0,-999.0,-999.0
114067,LLAUTA,2011,1,88.1,-999.0,-999.0
114067,LLAUTA,2011,2,153.2,-999.0,-999.0
114067,LLAUTA,2011,3,38.2,-999.0,-999.0
114067,LLAUTA,2011,4,14.1,-999.0,-999.0
114067,LLAUTA,2011,5,0.2,-999.0,-999.0
114067,LLAUTA,2011,6,0.0,-999.0,-999.0
114067,LLAUTA,2011,7,2.6,-999.0,-999.0
114067,LLAUTA,2011,8,0.0,-999.0,-999.0
114067,LLAUTA,2011,9,0.0,-999.0,-999.0
114067,LLAUTA,2011,10,0.0,-999.0,-999.0
114067,LLAUTA,2011,11,-999.0,-999.0,-999.0
114067,LLAUTA,2011,12,30.6,-999.0,-999.0
114067,LLAUTA,2012,1,-999.0,-999.0,-999.0
114067,LLAUTA,2012,2,174.9,-999.0,-999.0
114067,LLAUTA,2012,3,46.5,-999.0,-999.0
114067,LLAUTA,2012,4,36.7,-999.0,-999.0
114067,LLAUTA,2012,5,0.0,-999.0,-999.0
114067,LLAUTA,2012,6,0.0,-999.0,-999.0
114067,LLAUTA,2012,7,0.0,-999.0,-999.0
114067,LLAUTA,2012,8,0.0,-999.0,-999.0
114067,LLAUTA,2012,9,0.0,-999.0,-999.0
114067,LLAUTA,2012,10,11.7,-999.0,-999.0
114067,LLAUTA,2012,11,0.0,-999.0,-999.0
114067,LLAUTA,2012,12,16.9,-999.0,-999.0
114067,LLAUTA,2013,1,30.6,-999.0,-999.0
114067,LLAUTA,2013,2,143.0,-999.0,-999.0
114067,LLAUTA,2013,3,44.6,-999.0,-999.0
114067,LLAUTA,2013,4,0.0,-999.0,-999.0
114067,LLAUTA,2013,5,5.5,-999.0,-999.0
114067,LLAUTA,2013,6,2.0,-999.0,-999.0
114067,LLAUTA,2013,7,0.0,-999.0,-999.0
114067,LLAUTA,2013,8,0.0,-999.0,-999.0
114067,LLAUTA,2013,9,0.0,-999.0,-999.0
114067,LLAUTA,2013,10,9.1,-999.0,-999.0
114067,LLAUTA,2013,11,0.0,-999.0,-999.0
114067,LLAUTA,2013,12,25.4,-999.0,-999.0
114067,LLAUTA,2014,1,-999.0,-999.0,-999.0
114067,LLAUTA,2014,2,32.0,-999.0,-999.0
114067,LLAUTA,2014,3,92.4,-999.0,-999.0
114067,LLAUTA,2014,4,5.5,-999.0,-999.0
114067,LLAUTA,2014,5,0.0,-999.0,-999.0
114067,LLAUTA,2014,6,0.0,-999.0,-999.0
114067,LLAUTA,2014,7,0.0,-999.0,-999.0
114067,LLAUTA,2014,8,0.2,-999.0,-999.0
114067,LLAUTA,2014,9,0.0,-999.0,-999.0
114067,LLAUTA,2014,10,4.6,-999.0,-999.0
114067,LLAUTA,2014,11,0.0,-999.0,-999.0
114067,LLAUTA,2014,12,21.0,-999.0,-999.0
114067,LLAUTA,2015,1,43.1,-999.0,-999.0
114067,LLAUTA,2015,2,100.1,-999.0,-999.0
114067,LLAUTA,2015,3,161.6,-999.0,-999.0
114067,LLAUTA,2015,4,34.3,-999.0,-999.0
114067,LLAUTA,2015,5,0.0,-999.0,-999.0
114067,LLAUTA,2015,6,0.0,-999.0,-999.0
114067,LLAUTA,2015,7,0.0,-999.0,-999.0
114067,LLAUTA,2015,8,0.0,-999.0,-999.0
114067,LLAUTA,2015,9,1.3,-999.0,-999.0
114067,LLAUTA,2015,10,0.0,-999.0,-999.0
114067,LLAUTA,2015,11,1.2,-999.0,-999.0
114067,LLAUTA,2015,12,0.0,-999.0,-999.0
114067,LLAUTA,2016,1,3.2,-999.0,-999.0
114067,LLAUTA,2016,2,-999.0,-999.0,-999.0
114067,LLAUTA,2016,3,60.9,-999.0,-999.0
114067,LLAUTA,2016,4,-999.0,-999.0,-999.0
114067,LLAUTA,2016,5,0.0,-999.0,-999.0
114067,LLAUTA,2016,6,0.0,-999.0,-999.0
114067,LLAUTA,2016,7,0.0,-999.0,-999.0
114067,LLAUTA,2016,8,0.0,-999.0,-999.0
114067,LLAUTA,2016,9,0.0,-999.0,-999.0
114067,LLAUTA,2016,10,0.0,-999.0,-999.0
114067,LLAUTA,2016,11,0.0,-999.0,-999.0
114067,LLAUTA,2016,12,-999.0,-999.0,-999.0
114067,LLAUTA,2017,1,285.2,-999.0,-999.0
114067,LLAUTA,2017,2,133.9,-999.0,-999.0
114067,LLAUTA,2017,3,241.3,-999.0,-999.0
114067,LLAUTA,2017,4,-999.0,-999.0,-999.0
114067,LLAUTA,2017,5,0.9,-999.0,-999.0
114067,LLAUTA,2017,6,0.0,-999.0,-999.0
114067,LLAUTA,2017,7,0.0,-999.0,-999.0
114067,LLAUTA,2017,8,0.0,-999.0,-999.0
114067,LLAUTA,2017,9,0.0,-999.0,-999.0
114067,LLAUTA,2017,10,1.1,-999.0,-999.0
114067,LLAUTA,2017,11,1.2,-999.0,-999.0
114067,LLAUTA,2017,12,-999.0,-999.0,-999.0
114067,LLAUTA,2018,1,-999.0,-999.0,-999.0
114067,LLAUTA,2018,2,-999.0,-999.0,-999.0
114067,LLAUTA,2018,3,-999.0,-999.0,-999.0
114067,LLAUTA,2018,4,13.9,-999.0,-999.0
114067,LLAUTA,2018,5,11.0,-999.0,-999.0
114067,LLAUTA,2018,6,8.6,-999.0,-999.0
114067,LLAUTA,2018,7,0.0,-999.0,-999.0
114067,LLAUTA,2018,8,0.0,-999.0,-999.0
114067,LLAUTA,2018,9,0.0,-999.0,-999.0
114067,LLAUTA,2018,10,0.0,-999.0,-999.0
114067,LLAUTA,2018,11,1.7,-999.0,-999.0
114067,LLAUTA,2018,12,-999.0,-999.0,-999.0
114067,LLAUTA,2019,1,112.5,-999.0,-999.0
114067,LLAUTA,2019,2,158.3,-999.0,-999.0
114067,LLAUTA,2019,3,60.1,-999.0,-999.0
114067,LLAUTA,2019,4,0.0,-999.0,-999.0
114067,LLAUTA,2019,5,2.7,-999.0,-999.0
114067,LLAUTA,2019,6,0.0,-999.0,-999.0
114067,LLAUTA,2019,7,0.0,-999.0,-999.0
114067,LLAUTA,2019,8,0.0,-999.0,-999.0
114067,LLAUTA,2019,9,2.1,-999.0,-999.0
114067,LLAUTA,2019,10,0.4,-999.0,-999.0
114067,LLAUTA,2019,11,0.0,-999.0,-999.0
114067,LLAUTA,2019,12,6.8,-999.0,-999.0
114067,LLAUTA,2020,1,-999.0,-999.0,-999.0
114067,LLAUTA,2020,2,51.3,-999.0,-999.0
114067,LLAUTA,2020,3,63.1,-999.0,-999.0
114067,LLAUTA,2020,4,3.8,-999.0,-999.0
114067,LLAUTA,2020,5,2.2,-999.0,-999.0
114067,LLAUTA,2020,6,0.0,-999.0,-999.0
114067,LLAUTA,2020,7,0.0,-999.0,-999.0
114067,LLAUTA,2020,8,0.0,-999.0,-999.0
114067,LLAUTA,2020,9,0.8,-999.0,-999.0
114067,LLAUTA,2020,10,6.8,-999.0,-999.0
114067,LLAUTA,2020,11,5.3,-999.0,-999.0
114067,LLAUTA,2020,12,45.4,-999.0,-999.0
114067,LLAUTA,2021,1,80.0,-999.0,-999.0
114067,LLAUTA,2021,2,40.1,-999.0,-999.0
114067,LLAUTA,2021,3,103.9,-999.0,-999.0
114067,LLAUTA,2021,4,-999.0,-999.0,-999.0
114067,LLAUTA,2021,5,1.2,-999.0,-999.0
114067,LLAUTA,2021,6,-999.0,-999.0,-999.0
114067,LLAUTA,2021,7,0.0,-999.0,-999.0
114067,LLAUTA,2021,8,0.0,-999.0,-999.0
114067,LLAUTA,2021,9,0.0,-999.0,-999.0
114067,LLAUTA,2021,10,1.2,-999.0,-999.0
114067,LLAUTA,2021,11,4.3,-999.0,-999.0
114067,LLAUTA,2021,12,7.6,-999.0,-999.0
114067,LLAUTA,2022,1,36.8,-999.0,-999.0
114067,LLAUTA,2022,2,59.7,-999.0,-999.0
114067,LLAUTA,2022,3,90.0,-999.0,-999.0
114067,LLAUTA,2022,4,0.2,-999.0,-999.0
114067,LLAUTA,2022,5,0.0,-999.0,-999.0
114067,LLAUTA,2022,6,0.0,-999.0,-999.0
114067,LLAUTA,2022,7,0.0,-999.0,-999.0
114067,LLAUTA,2022,8,-999.0,-999.0,-999.0
114067,LLAUTA,2022,9,0.0,-999.0,-999.0
114067,LLAUTA,2022,10,0.0,-999.0,-999.0
114067,LLAUTA,2022,11,0.0,-999.0,-999.0
114067,LLAUTA,2022,12,11.9,-999.0,-999.0
114067,LLAUTA,2023,1,36.1,-999.0,-999.0
114067,LLAUTA,2023,2,117.7,-999.0,-999.0
114067,LLAUTA,2023,3,149.9,-999.0,-999.0
114067,LLAUTA,2023,4,-999.0,-999.0,-999.0
114067,LLAUTA,2023,5,0.0,-999.0,-999.0
114067,LLAUTA,2023,6,0.0,-999.0,-999.0
114067,LLAUTA,2023,7,0.0,-999.0,-999.0
114067,LLAUTA,2023,8,0.0,-999.0,-999.0
114067,LLAUTA,2023,9,0.0,-999.0,-999.0
114067,LLAUTA,2023,10,-999.0,-999.0,-999.0
114067,LLAUTA,2023,11,0.0,-999.0,-999.0
114067,LLAUTA,2023,12,18.3,-999.0,-999.0
114067,LLAUTA,2024,1,48.7,-999.0,-999.0
114067,LLAUTA,2024,2,60.1,-999.0,-999.0
114067,LLAUTA,2024,3,74.8,-999.0,-999.0
114067,LLAUTA,2024,4,25.5,-999.0,-999.0
114067,LLAUTA,2024,5,0.0,-999.0,-999.0
114067,LLAUTA,2024,6,0.0,-999.0,-999.0
114067,LLAUTA,2024,7,0.0,-999.0,-999.0
114067,LLAUTA,2024,8,0.0,-999.0,-999.0
114067,LLAUTA,2024,9,0.0,-999.0,-999.0
114067,LLAUTA,2024,10,0.0,-999.0,-999.0
114067,LLAUTA,2024,11,-999.0,-999.0,-999.0
114067,LLAUTA,2024,12,-999.0,-999.0,-999.0
114067,LLAUTA,2025,1,26.8,-999.0,-999.0
114067,LLAUTA,2025,2,82.6,-999.0,-999.0
114067,LLAUTA,2025,3,173.2,-999.0,-999.0
114067,LLAUTA,2025,4,0.8,-999.0,-999.0
114067,LLAUTA,2025,5,0.0,-999.0,-999.0
114067,LLAUTA,2025,6,0.0,-999.0,-999.0
114067,LLAUTA,2025,7,0.0,-999.0,-999.0
114067,LLAUTA,2025,8,0.0,-999.0,-999.0
114067,LLAUTA,2025,9,0.0,-999.0,-999.0
114067,LLAUTA,2025,10,0.0,-999.0,-999.0
114067,LLAUTA,2025,11,0.0,-999.0,-999.0
114067,LLAUTA,2025,12,0.0,-999.0,-999.0
