CODIGO,ESTACION,YEAR,MONTH,PP,TMAX,TMIN
115049,ISLA TAQUILE,1990,1,336.1,-999.0,-999.0
115049,ISLA TAQUILE,1990,2,87.6,-999.0,-999.0
115049,ISLA TAQUILE,1990,3,36.0,-999.0,-999.0
115049,ISLA TAQUILE,1990,4,24.4,-999.0,-999.0
115049,ISLA TAQUILE,1990,5,53.3,-999.0,-999.0
115049,ISLA TAQUILE,1990,6,113.5,-999.0,-999.0
115049,ISLA TAQUILE,1990,7,2.5,-999.0,-999.0
115049,ISLA TAQUILE,1990,8,37.5,-999.0,-999.0
115049,ISLA TAQUILE,1990,9,27.9,-999.0,-999.0
115049,ISLA TAQUILE,1990,10,-999.0,-999.0,-999.0
115049,ISLA TAQUILE,1990,11,105.8,-999.0,8.07
115049,ISLA TAQUILE,1990,12,211.9,-999.0,7.4
115049,ISLA TAQUILE,1991,1,254.1,-999.0,7.27
115049,ISLA TAQUILE,1991,2,300.2,-999.0,6.94
115049,ISLA TAQUILE,1991,3,232.6,-999.0,6.33
115049,ISLA TAQUILE,1991,4,79.1,-999.0,7.21
115049,ISLA TAQUILE,1991,5,19.5,-999.0,6.26
115049,ISLA TAQUILE,1991,6,55.8,-999.0,-999.0
115049,ISLA TAQUILE,1991,7,0.4,-999.0,-999.0
115049,ISLA TAQUILE,1991,8,3.0,-999.0,-999.0
115049,ISLA TAQUILE,1991,9,-999.0,-999.0,-999.0
115049,ISLA TAQUILE,1991,10,56.9,-999.0,5.67
115049,ISLA TAQUILE,1991,11,30.8,-999.0,5.4
115049,ISLA TAQUILE,1991,12,63.2,-999.0,6.09
115049,ISLA TAQUILE,1992,1,228.9,-999.0,4.96
115049,ISLA TAQUILE,1992,2,121.5,-999.0,6.04
115049,ISLA TAQUILE,1992,3,29.9,-999.0,7.08
115049,ISLA TAQUILE,1992,4,12.9,-999.0,6.7
115049,ISLA TAQUILE,1992,5,0.0,-999.0,6.53
115049,ISLA TAQUILE,1992,6,9.8,-999.0,5.41
115049,ISLA TAQUILE,1992,7,17.1,-999.0,-999.0
115049,ISLA TAQUILE,1992,8,43.5,-999.0,3.78
115049,ISLA TAQUILE,1992,9,4.5,-999.0,4.28
115049,ISLA TAQUILE,1992,10,32.6,-999.0,5.46
115049,ISLA TAQUILE,1992,11,53.7,-999.0,5.04
115049,ISLA TAQUILE,1992,12,100.3,-999.0,6.35
115049,ISLA TAQUILE,1993,1,239.6,-999.0,5.06
115049,ISLA TAQUILE,1993,2,150.5,-999.0,6.24
115049,ISLA TAQUILE,1993,3,313.8,-999.0,5.25
115049,ISLA TAQUILE,1993,4,39.5,-999.0,6.56
115049,ISLA TAQUILE,1993,5,9.6,-999.0,-999.0
115049,ISLA TAQUILE,1993,6,11.4,-999.0,3.08
115049,ISLA TAQUILE,1993,7,0.0,-999.0,3.08
115049,ISLA TAQUILE,1993,8,46.1,-999.0,2.4
115049,ISLA TAQUILE,1993,9,35.0,-999.0,3.76
115049,ISLA TAQUILE,1993,10,55.4,-999.0,5.08
115049,ISLA TAQUILE,1993,11,99.4,-999.0,5.59
115049,ISLA TAQUILE,1993,12,174.9,-999.0,5.76
115049,ISLA TAQUILE,1994,1,208.3,-999.0,5.67
115049,ISLA TAQUILE,1994,2,273.1,-999.0,5.61
115049,ISLA TAQUILE,1994,3,286.6,-999.0,5.45
115049,ISLA TAQUILE,1994,4,117.8,-999.0,5.42
115049,ISLA TAQUILE,1994,5,2.0,-999.0,4.48
115049,ISLA TAQUILE,1994,6,0.7,-999.0,3.38
115049,ISLA TAQUILE,1994,7,26.5,-999.0,3.54
115049,ISLA TAQUILE,1994,8,0.0,-999.0,3.84
115049,ISLA TAQUILE,1994,9,17.7,-999.0,4.35
115049,ISLA TAQUILE,1994,10,26.8,-999.0,4.68
115049,ISLA TAQUILE,1994,11,65.0,-999.0,5.8
115049,ISLA TAQUILE,1994,12,129.6,-999.0,5.45
115049,ISLA TAQUILE,1995,1,112.9,-999.0,6.07
115049,ISLA TAQUILE,1995,2,171.7,-999.0,6.0
115049,ISLA TAQUILE,1995,3,291.5,-999.0,5.12
115049,ISLA TAQUILE,1995,4,29.9,-999.0,5.72
115049,ISLA TAQUILE,1995,5,2.9,-999.0,4.32
115049,ISLA TAQUILE,1995,6,0.2,-999.0,3.73
115049,ISLA TAQUILE,1995,7,5.0,-999.0,4.03
115049,ISLA TAQUILE,1995,8,11.0,-999.0,-999.0
115049,ISLA TAQUILE,1995,9,40.9,-999.0,5.31
115049,ISLA TAQUILE,1995,10,11.0,-999.0,5.24
115049,ISLA TAQUILE,1995,11,109.9,-999.0,-999.0
115049,ISLA TAQUILE,1995,12,201.2,-999.0,-999.0
115049,ISLA TAQUILE,1996,1,252.1,-999.0,-999.0
115049,ISLA TAQUILE,1996,2,117.9,-999.0,-999.0
115049,ISLA TAQUILE,1996,3,69.8,-999.0,-999.0
115049,ISLA TAQUILE,1996,4,20.0,-999.0,-999.0
115049,ISLA TAQUILE,1996,5,0.5,-999.0,5.12
115049,ISLA TAQUILE,1996,6,0.2,-999.0,3.44
115049,ISLA TAQUILE,1996,7,10.3,-999.0,-999.0
115049,ISLA TAQUILE,1996,8,-999.0,-999.0,-999.0
115049,ISLA TAQUILE,1996,9,11.4,-999.0,4.42
115049,ISLA TAQUILE,1996,10,20.5,-999.0,-999.0
115049,ISLA TAQUILE,1996,11,-999.0,-999.0,-999.0
115049,ISLA TAQUILE,1996,12,137.8,-999.0,6.4
115049,ISLA TAQUILE,1997,1,210.9,-999.0,6.24
115049,ISLA TAQUILE,1997,2,282.8,-999.0,-999.0
115049,ISLA TAQUILE,1997,3,183.5,-999.0,5.59
115049,ISLA TAQUILE,1997,4,86.5,-999.0,5.35
115049,ISLA TAQUILE,1997,5,18.6,-999.0,5.63
115049,ISLA TAQUILE,1997,6,0.0,-999.0,3.13
115049,ISLA TAQUILE,1997,7,0.0,-999.0,3.5
115049,ISLA TAQUILE,1997,8,25.3,-999.0,-999.0
115049,ISLA TAQUILE,1997,9,83.9,-999.0,4.96
115049,ISLA TAQUILE,1997,10,29.1,-999.0,-999.0
115049,ISLA TAQUILE,1997,11,116.0,-999.0,-999.0
115049,ISLA TAQUILE,1997,12,50.0,-999.0,-999.0
115049,ISLA TAQUILE,1998,1,201.6,-999.0,-999.0
115049,ISLA TAQUILE,1998,2,109.8,-999.0,6.64
115049,ISLA TAQUILE,1998,3,139.1,-999.0,7.16
115049,ISLA TAQUILE,1998,4,80.2,-999.0,-999.0
115049,ISLA TAQUILE,1998,5,0.0,-999.0,5.49
115049,ISLA TAQUILE,1998,6,21.7,-999.0,4.73
115049,ISLA TAQUILE,1998,7,0.0,-999.0,-999.0
115049,ISLA TAQUILE,1998,8,0.9,-999.0,4.5
115049,ISLA TAQUILE,1998,9,0.0,-999.0,-999.0
115049,ISLA TAQUILE,1998,10,23.3,-999.0,6.63
115049,ISLA TAQUILE,1998,11,101.0,-999.0,6.54
115049,ISLA TAQUILE,1998,12,27.6,-999.0,-999.0
115049,ISLA TAQUILE,1999,1,228.9,-999.0,6.57
115049,ISLA TAQUILE,1999,2,174.1,-999.0,6.59
115049,ISLA TAQUILE,1999,3,352.6,-999.0,-999.0
115049,ISLA TAQUILE,1999,4,190.2,-999.0,5.95
115049,ISLA TAQUILE,1999,5,15.3,-999.0,5.75
115049,ISLA TAQUILE,1999,6,0.0,-999.0,3.2
115049,ISLA TAQUILE,1999,7,0.0,-999.0,3.62
115049,ISLA TAQUILE,1999,8,2.2,-999.0,-999.0
115049,ISLA TAQUILE,1999,9,55.5,-999.0,4.28
115049,ISLA TAQUILE,1999,10,114.7,-999.0,6.07
115049,ISLA TAQUILE,1999,11,22.4,-999.0,-999.0
115049,ISLA TAQUILE,1999,12,99.1,-999.0,-999.0
115049,ISLA TAQUILE,2000,1,198.1,-999.0,5.28
115049,ISLA TAQUILE,2000,2,229.4,-999.0,-999.0
115049,ISLA TAQUILE,2000,3,178.0,-999.0,6.38
115049,ISLA TAQUILE,2000,4,0.8,-999.0,6.21
115049,ISLA TAQUILE,2000,5,15.2,-999.0,5.13
115049,ISLA TAQUILE,2000,6,0.0,-999.0,4.28
115049,ISLA TAQUILE,2000,7,4.0,-999.0,2.53
115049,ISLA TAQUILE,2000,8,53.5,-999.0,-999.0
115049,ISLA TAQUILE,2000,9,14.6,-999.0,4.95
115049,ISLA TAQUILE,2000,10,99.8,-999.0,5.41
115049,ISLA TAQUILE,2000,11,19.4,-999.0,-999.0
115049,ISLA TAQUILE,2000,12,98.5,-999.0,5.9
115049,ISLA TAQUILE,2001,1,380.4,-999.0,5.98
115049,ISLA TAQUILE,2001,2,269.6,-999.0,6.57
115049,ISLA TAQUILE,2001,3,195.6,-999.0,6.75
115049,ISLA TAQUILE,2001,4,104.5,-999.0,5.94
115049,ISLA TAQUILE,2001,5,47.6,-999.0,4.43
115049,ISLA TAQUILE,2001,6,28.1,-999.0,4.37
115049,ISLA TAQUILE,2001,7,11.7,-999.0,3.36
115049,ISLA TAQUILE,2001,8,59.2,-999.0,3.73
115049,ISLA TAQUILE,2001,9,65.0,-999.0,5.61
115049,ISLA TAQUILE,2001,10,108.1,-999.0,6.54
115049,ISLA TAQUILE,2001,11,45.0,-999.0,7.34
115049,ISLA TAQUILE,2001,12,117.1,-999.0,7.06
115049,ISLA TAQUILE,2002,1,236.9,-999.0,6.92
115049,ISLA TAQUILE,2002,2,316.1,-999.0,7.13
115049,ISLA TAQUILE,2002,3,266.2,-999.0,6.85
115049,ISLA TAQUILE,2002,4,138.5,-999.0,7.33
115049,ISLA TAQUILE,2002,5,61.1,-999.0,4.67
115049,ISLA TAQUILE,2002,6,6.8,-999.0,4.7
115049,ISLA TAQUILE,2002,7,28.8,-999.0,2.93
115049,ISLA TAQUILE,2002,8,26.8,-999.0,3.04
115049,ISLA TAQUILE,2002,9,35.6,14.87,4.42
115049,ISLA TAQUILE,2002,10,93.4,15.21,5.55
115049,ISLA TAQUILE,2002,11,104.0,16.88,6.88
115049,ISLA TAQUILE,2002,12,91.0,16.75,6.77
115049,ISLA TAQUILE,2003,1,255.7,15.85,6.5
115049,ISLA TAQUILE,2003,2,145.9,15.95,-999.0
115049,ISLA TAQUILE,2003,3,199.0,15.11,-999.0
115049,ISLA TAQUILE,2003,4,43.7,14.79,5.95
115049,ISLA TAQUILE,2003,5,38.2,14.72,5.43
115049,ISLA TAQUILE,2003,6,6.8,13.52,3.65
115049,ISLA TAQUILE,2003,7,4.4,12.91,2.75
115049,ISLA TAQUILE,2003,8,2.2,13.01,3.63
115049,ISLA TAQUILE,2003,9,44.0,13.13,3.96
115049,ISLA TAQUILE,2003,10,51.4,15.94,5.66
115049,ISLA TAQUILE,2003,11,8.5,16.87,7.15
115049,ISLA TAQUILE,2003,12,184.6,16.73,7.32
115049,ISLA TAQUILE,2004,1,361.2,13.66,6.12
115049,ISLA TAQUILE,2004,2,212.0,15.12,6.78
115049,ISLA TAQUILE,2004,3,119.1,15.56,7.06
115049,ISLA TAQUILE,2004,4,67.7,15.15,6.62
115049,ISLA TAQUILE,2004,5,9.8,15.32,4.31
115049,ISLA TAQUILE,2004,6,6.9,13.83,3.48
115049,ISLA TAQUILE,2004,7,17.1,13.69,3.19
115049,ISLA TAQUILE,2004,8,44.9,14.45,4.11
115049,ISLA TAQUILE,2004,9,53.7,15.52,5.29
115049,ISLA TAQUILE,2004,10,8.1,17.05,6.34
115049,ISLA TAQUILE,2004,11,63.9,16.92,6.97
115049,ISLA TAQUILE,2004,12,103.5,16.74,7.18
115049,ISLA TAQUILE,2005,1,223.9,15.4,6.84
115049,ISLA TAQUILE,2005,2,229.1,14.23,6.57
115049,ISLA TAQUILE,2005,3,96.7,15.6,7.59
115049,ISLA TAQUILE,2005,4,45.9,15.57,6.4
115049,ISLA TAQUILE,2005,5,0.0,14.9,5.0
115049,ISLA TAQUILE,2005,6,0.0,13.2,2.55
115049,ISLA TAQUILE,2005,7,0.0,14.58,3.13
115049,ISLA TAQUILE,2005,8,0.0,14.85,3.87
115049,ISLA TAQUILE,2005,9,29.8,15.41,4.54
115049,ISLA TAQUILE,2005,10,64.8,16.44,6.25
115049,ISLA TAQUILE,2005,11,72.7,16.17,6.95
115049,ISLA TAQUILE,2005,12,161.9,16.46,7.73
115049,ISLA TAQUILE,2006,1,341.5,14.45,5.58
115049,ISLA TAQUILE,2006,2,120.5,16.08,6.82
115049,ISLA TAQUILE,2006,3,227.4,15.73,6.88
115049,ISLA TAQUILE,2006,4,124.5,15.23,6.15
115049,ISLA TAQUILE,2006,5,2.8,14.21,5.1
115049,ISLA TAQUILE,2006,6,2.1,13.7,4.46
115049,ISLA TAQUILE,2006,7,2.8,13.92,3.42
115049,ISLA TAQUILE,2006,8,4.6,14.76,4.73
115049,ISLA TAQUILE,2006,9,24.4,15.17,5.27
115049,ISLA TAQUILE,2006,10,20.7,16.41,6.79
115049,ISLA TAQUILE,2006,11,108.1,16.95,7.52
115049,ISLA TAQUILE,2006,12,97.8,17.41,7.44
115049,ISLA TAQUILE,2007,1,165.4,16.66,7.65
115049,ISLA TAQUILE,2007,2,150.7,17.01,7.48
115049,ISLA TAQUILE,2007,3,378.8,14.5,6.13
115049,ISLA TAQUILE,2007,4,106.7,14.89,6.65
115049,ISLA TAQUILE,2007,5,31.2,14.92,6.0
115049,ISLA TAQUILE,2007,6,0.0,14.35,5.17
115049,ISLA TAQUILE,2007,7,1.3,13.62,3.9
115049,ISLA TAQUILE,2007,8,10.6,14.58,4.81
115049,ISLA TAQUILE,2007,9,72.0,14.43,5.78
115049,ISLA TAQUILE,2007,10,23.2,16.99,6.61
115049,ISLA TAQUILE,2007,11,98.5,15.92,5.77
115049,ISLA TAQUILE,2007,12,121.9,16.71,6.55
115049,ISLA TAQUILE,2008,1,149.4,14.49,5.76
115049,ISLA TAQUILE,2008,2,103.3,16.23,6.72
115049,ISLA TAQUILE,2008,3,68.9,15.46,6.37
115049,ISLA TAQUILE,2008,4,3.1,15.68,6.53
115049,ISLA TAQUILE,2008,5,6.6,16.31,3.84
115049,ISLA TAQUILE,2008,6,0.4,15.13,4.23
115049,ISLA TAQUILE,2008,7,2.3,13.85,3.42
115049,ISLA TAQUILE,2008,8,0.0,14.63,3.9
115049,ISLA TAQUILE,2008,9,0.9,16.46,4.52
115049,ISLA TAQUILE,2008,10,78.1,16.85,6.89
115049,ISLA TAQUILE,2008,11,14.7,18.25,7.32
115049,ISLA TAQUILE,2008,12,158.1,16.01,6.68
115049,ISLA TAQUILE,2009,1,124.7,16.14,6.56
115049,ISLA TAQUILE,2009,2,255.9,16.18,6.54
115049,ISLA TAQUILE,2009,3,126.8,14.98,6.65
115049,ISLA TAQUILE,2009,4,32.5,15.78,6.25
115049,ISLA TAQUILE,2009,5,0.0,-999.0,5.26
115049,ISLA TAQUILE,2009,6,0.0,14.11,3.17
115049,ISLA TAQUILE,2009,7,6.7,14.45,3.58
115049,ISLA TAQUILE,2009,8,0.0,14.93,3.37
115049,ISLA TAQUILE,2009,9,27.7,16.65,5.05
115049,ISLA TAQUILE,2009,10,32.0,17.85,6.68
115049,ISLA TAQUILE,2009,11,91.6,17.46,7.4
115049,ISLA TAQUILE,2009,12,101.8,17.56,7.35
115049,ISLA TAQUILE,2010,1,227.9,16.58,7.18
115049,ISLA TAQUILE,2010,2,225.4,15.67,6.91
115049,ISLA TAQUILE,2010,3,39.2,16.23,8.11
115049,ISLA TAQUILE,2010,4,64.9,17.35,7.1
115049,ISLA TAQUILE,2010,5,5.5,15.75,5.69
115049,ISLA TAQUILE,2010,6,6.5,15.59,5.76
115049,ISLA TAQUILE,2010,7,0.0,14.66,3.82
115049,ISLA TAQUILE,2010,8,2.3,15.91,4.92
115049,ISLA TAQUILE,2010,9,8.9,16.77,5.75
115049,ISLA TAQUILE,2010,10,33.2,16.76,6.42
115049,ISLA TAQUILE,2010,11,7.5,18.01,6.77
115049,ISLA TAQUILE,2010,12,155.7,16.78,6.6
115049,ISLA TAQUILE,2011,1,153.3,16.28,6.74
115049,ISLA TAQUILE,2011,2,304.4,14.81,5.79
115049,ISLA TAQUILE,2011,3,212.3,14.77,5.9
115049,ISLA TAQUILE,2011,4,17.8,16.01,5.8
115049,ISLA TAQUILE,2011,5,6.5,14.55,5.32
115049,ISLA TAQUILE,2011,6,0.0,15.08,4.1
115049,ISLA TAQUILE,2011,7,20.8,14.35,3.52
115049,ISLA TAQUILE,2011,8,0.0,15.57,4.16
115049,ISLA TAQUILE,2011,9,67.8,15.89,4.8
115049,ISLA TAQUILE,2011,10,27.7,16.78,5.82
115049,ISLA TAQUILE,2011,11,53.5,17.9,6.98
115049,ISLA TAQUILE,2011,12,232.2,16.6,6.19
115049,ISLA TAQUILE,2012,1,178.8,14.95,6.27
115049,ISLA TAQUILE,2012,2,280.2,14.4,5.66
115049,ISLA TAQUILE,2012,3,227.3,14.9,6.18
115049,ISLA TAQUILE,2012,4,76.8,14.39,5.75
115049,ISLA TAQUILE,2012,5,0.0,14.46,4.58
115049,ISLA TAQUILE,2012,6,4.0,14.28,4.32
115049,ISLA TAQUILE,2012,7,0.0,14.81,3.71
115049,ISLA TAQUILE,2012,8,10.0,14.43,3.65
115049,ISLA TAQUILE,2012,9,3.7,16.25,5.33
115049,ISLA TAQUILE,2012,10,31.0,17.41,6.97
115049,ISLA TAQUILE,2012,11,60.4,17.37,7.52
115049,ISLA TAQUILE,2012,12,165.4,15.59,6.55
115049,ISLA TAQUILE,2013,1,210.6,14.97,6.44
115049,ISLA TAQUILE,2013,2,226.4,15.23,6.41
115049,ISLA TAQUILE,2013,3,194.4,16.16,6.76
115049,ISLA TAQUILE,2013,4,13.8,16.17,5.26
115049,ISLA TAQUILE,2013,5,22.4,15.53,5.14
115049,ISLA TAQUILE,2013,6,10.6,13.76,4.45
115049,ISLA TAQUILE,2013,7,17.7,14.19,4.14
115049,ISLA TAQUILE,2013,8,8.0,14.69,4.23
115049,ISLA TAQUILE,2013,9,16.5,16.51,5.31
115049,ISLA TAQUILE,2013,10,76.9,17.6,5.75
115049,ISLA TAQUILE,2013,11,30.1,18.49,6.61
115049,ISLA TAQUILE,2013,12,217.3,16.41,6.4
115049,ISLA TAQUILE,2014,1,289.6,16.03,-999.0
115049,ISLA TAQUILE,2014,2,232.4,16.27,5.96
115049,ISLA TAQUILE,2014,3,86.9,16.81,6.35
115049,ISLA TAQUILE,2014,4,53.1,15.94,6.52
115049,ISLA TAQUILE,2014,5,8.9,15.78,5.16
115049,ISLA TAQUILE,2014,6,0.0,14.88,5.14
115049,ISLA TAQUILE,2014,7,5.0,14.44,3.89
115049,ISLA TAQUILE,2014,8,27.9,14.65,4.27
115049,ISLA TAQUILE,2014,9,93.3,15.13,5.5
115049,ISLA TAQUILE,2014,10,50.3,16.61,5.37
115049,ISLA TAQUILE,2014,11,30.5,18.56,7.04
115049,ISLA TAQUILE,2014,12,60.4,18.7,7.2
115049,ISLA TAQUILE,2015,1,196.5,16.59,5.8
115049,ISLA TAQUILE,2015,2,154.3,16.9,6.52
115049,ISLA TAQUILE,2015,3,228.9,16.71,6.6
115049,ISLA TAQUILE,2015,4,224.6,15.53,6.28
115049,ISLA TAQUILE,2015,5,2.3,15.39,4.93
115049,ISLA TAQUILE,2015,6,2.2,16.0,-999.0
115049,ISLA TAQUILE,2015,7,8.9,15.5,3.82
115049,ISLA TAQUILE,2015,8,5.8,16.08,4.88
115049,ISLA TAQUILE,2015,9,50.0,17.14,5.63
115049,ISLA TAQUILE,2015,10,65.1,16.75,5.8
115049,ISLA TAQUILE,2015,11,66.0,18.75,7.23
115049,ISLA TAQUILE,2015,12,34.0,19.55,7.52
115049,ISLA TAQUILE,2016,1,131.4,18.49,7.84
115049,ISLA TAQUILE,2016,2,322.1,16.98,7.82
115049,ISLA TAQUILE,2016,3,24.4,18.61,8.58
115049,ISLA TAQUILE,2016,4,178.6,16.74,6.31
115049,ISLA TAQUILE,2016,5,0.5,16.52,5.83
115049,ISLA TAQUILE,2016,6,0.0,14.94,4.62
115049,ISLA TAQUILE,2016,7,5.7,15.14,4.44
115049,ISLA TAQUILE,2016,8,1.6,16.51,5.11
115049,ISLA TAQUILE,2016,9,5.6,17.36,5.61
115049,ISLA TAQUILE,2016,10,44.9,17.41,5.68
115049,ISLA TAQUILE,2016,11,31.4,17.61,5.95
115049,ISLA TAQUILE,2016,12,113.7,17.7,6.27
115049,ISLA TAQUILE,2017,1,192.9,16.05,5.31
115049,ISLA TAQUILE,2017,2,108.8,17.39,5.59
115049,ISLA TAQUILE,2017,3,169.8,14.9,5.76
115049,ISLA TAQUILE,2017,4,62.2,16.05,6.09
115049,ISLA TAQUILE,2017,5,46.1,15.54,5.25
115049,ISLA TAQUILE,2017,6,0.4,15.11,4.09
115049,ISLA TAQUILE,2017,7,2.2,14.35,3.84
115049,ISLA TAQUILE,2017,8,0.0,15.87,4.48
115049,ISLA TAQUILE,2017,9,118.7,15.91,5.67
115049,ISLA TAQUILE,2017,10,81.6,17.26,5.56
115049,ISLA TAQUILE,2017,11,25.0,18.85,7.52
115049,ISLA TAQUILE,2017,12,-999.0,17.49,7.35
115049,ISLA TAQUILE,2018,1,190.7,16.13,6.45
115049,ISLA TAQUILE,2018,2,211.8,15.81,6.52
115049,ISLA TAQUILE,2018,3,218.0,15.76,6.66
115049,ISLA TAQUILE,2018,4,86.3,16.34,6.12
115049,ISLA TAQUILE,2018,5,-999.0,14.9,4.53
115049,ISLA TAQUILE,2018,6,22.5,14.07,3.3
115049,ISLA TAQUILE,2018,7,74.8,14.38,2.71
115049,ISLA TAQUILE,2018,8,4.9,14.91,3.89
115049,ISLA TAQUILE,2018,9,4.8,16.54,5.1
115049,ISLA TAQUILE,2018,10,89.1,16.83,6.23
115049,ISLA TAQUILE,2018,11,8.5,18.95,7.77
115049,ISLA TAQUILE,2018,12,89.4,17.78,6.79
115049,ISLA TAQUILE,2019,1,194.2,17.08,7.0
115049,ISLA TAQUILE,2019,2,145.1,16.41,5.38
115049,ISLA TAQUILE,2019,3,103.7,17.14,6.35
115049,ISLA TAQUILE,2019,4,79.3,16.35,6.62
115049,ISLA TAQUILE,2019,5,11.4,16.03,5.32
115049,ISLA TAQUILE,2019,6,1.0,15.25,3.87
115049,ISLA TAQUILE,2019,7,39.7,14.5,3.63
115049,ISLA TAQUILE,2019,8,0.0,16.03,3.46
115049,ISLA TAQUILE,2019,9,40.2,16.75,5.72
115049,ISLA TAQUILE,2019,10,24.4,18.37,5.32
115049,ISLA TAQUILE,2019,11,143.1,18.01,5.87
115049,ISLA TAQUILE,2019,12,88.5,18.06,7.23
115049,ISLA TAQUILE,2020,1,138.3,16.78,6.96
115049,ISLA TAQUILE,2020,2,233.7,16.73,6.1
115049,ISLA TAQUILE,2020,3,131.6,-999.0,-999.0
115049,ISLA TAQUILE,2020,4,-999.0,-999.0,-999.0
115049,ISLA TAQUILE,2020,5,-999.0,-999.0,-999.0
115049,ISLA TAQUILE,2020,6,-999.0,-999.0,-999.0
115049,ISLA TAQUILE,2020,7,-999.0,-999.0,-999.0
115049,ISLA TAQUILE,2020,8,-999.0,-999.0,-999.0
115049,ISLA TAQUILE,2020,9,-999.0,-999.0,-999.0
115049,ISLA TAQUILE,2020,10,-999.0,-999.0,-999.0
115049,ISLA TAQUILE,2020,11,-999.0,-999.0,-999.0
115049,ISLA TAQUILE,2020,12,-999.0,-999.0,-999.0
115049,ISLA TAQUILE,2021,1,-999.0,-999.0,-999.0
115049,ISLA TAQUILE,2021,2,-999.0,-999.0,-999.0
115049,ISLA TAQUILE,2021,3,-999.0,-999.0,-999.0
115049,ISLA TAQUILE,2021,4,-999.0,-999.0,-999.0
115049,ISLA TAQUILE,2021,5,-999.0,-999.0,-999.0
115049,ISLA TAQUILE,2021,6,-999.0,-999.0,-999.0
115049,ISLA TAQUILE,2021,7,0.2,15.2,2.23
115049,ISLA TAQUILE,2021,8,15.3,15.2,2.98
115049,ISLA TAQUILE,2021,9,19.3,17.81,5.9
115049,ISLA TAQUILE,2021,10,40.6,18.85,6.15
115049,ISLA TAQUILE,2021,11,47.3,19.25,7.12
115049,ISLA TAQUILE,2021,12,222.1,16.39,-999.0
115049,ISLA TAQUILE,2022,1,295.3,16.65,5.9
115049,ISLA TAQUILE,2022,2,199.0,16.39,6.66
115049,ISLA TAQUILE,2022,3,171.3,16.05,6.39
115049,ISLA TAQUILE,2022,4,84.6,15.98,5.46
115049,ISLA TAQUILE,2022,5,5.0,15.87,4.11
115049,ISLA TAQUILE,2022,6,0.0,15.05,-999.0
115049,ISLA TAQUILE,2022,7,0.0,14.74,3.06
115049,ISLA TAQUILE,2022,8,3.1,16.41,3.79
115049,ISLA TAQUILE,2022,9,19.7,17.19,3.98
115049,ISLA TAQUILE,2022,10,6.3,18.15,3.7
115049,ISLA TAQUILE,2022,11,3.9,20.65,5.58
115049,ISLA TAQUILE,2022,12,67.4,18.6,5.3
115049,ISLA TAQUILE,2023,1,99.0,19.53,5.27
115049,ISLA TAQUILE,2023,2,120.5,18.35,5.78
115049,ISLA TAQUILE,2023,3,225.4,17.03,5.76
115049,ISLA TAQUILE,2023,4,33.1,16.07,4.97
115049,ISLA TAQUILE,2023,5,24.2,14.55,-999.0
115049,ISLA TAQUILE,2023,6,0.0,14.21,-999.0
115049,ISLA TAQUILE,2023,7,0.0,15.35,-999.0
115049,ISLA TAQUILE,2023,8,0.0,16.06,-999.0
115049,ISLA TAQUILE,2023,9,5.2,17.56,-999.0
115049,ISLA TAQUILE,2023,10,48.4,19.2,4.32
115049,ISLA TAQUILE,2023,11,73.9,19.41,4.98
115049,ISLA TAQUILE,2023,12,158.0,17.59,4.89
115049,ISLA TAQUILE,2024,1,74.0,19.12,4.79
115049,ISLA TAQUILE,2024,2,225.6,16.8,-999.0
115049,ISLA TAQUILE,2024,3,214.5,16.57,-999.0
115049,ISLA TAQUILE,2024,4,28.5,17.63,-999.0
115049,ISLA TAQUILE,2024,5,7.1,17.04,-999.0
115049,ISLA TAQUILE,2024,6,0.0,15.31,-999.0
115049,ISLA TAQUILE,2024,7,0.0,14.77,-999.0
115049,ISLA TAQUILE,2024,8,0.0,15.33,-999.0
115049,ISLA TAQUILE,2024,9,14.5,17.21,-999.0
115049,ISLA TAQUILE,2024,10,30.3,18.82,-999.0
115049,ISLA TAQUILE,2024,11,142.7,17.85,-999.0
115049,ISLA TAQUILE,2024,12,25.4,19.08,4.95
115049,ISLA TAQUILE,2025,1,260.1,16.71,5.21
115049,ISLA TAQUILE,2025,2,215.2,16.35,5.54
115049,ISLA TAQUILE,2025,3,344.9,15.97,5.77
115049,ISLA TAQUILE,2025,4,55.5,16.17,5.38
115049,ISLA TAQUILE,2025,5,49.3,15.0,4.68
115049,ISLA TAQUILE,2025,6,0.3,14.75,3.48
115049,ISLA TAQUILE,2025,7,0.0,14.67,3.4
115049,ISLA TAQUILE,2025,8,0.3,15.06,3.4
115049,ISLA TAQUILE,2025,9,32.6,16.02,-999.0
115049,ISLA TAQUILE,2025,10,106.7,16.37,5.13
115049,ISLA TAQUILE,2025,11,42.1,17.23,5.18
115049,ISLA TAQUILE,2025,12,83.0,16.28,-999.0
