CODIGO,ESTACION,YEAR,MONTH,PP,TMAX,TMIN
115027,PAMPAHUTA,1990,1,160.5,13.74,-0.73
115027,PAMPAHUTA,1990,2,67.1,14.48,-2.56
115027,PAMPAHUTA,1990,3,59.9,14.58,-2.87
115027,PAMPAHUTA,1990,4,36.8,15.58,-4.42
115027,PAMPAHUTA,1990,5,7.1,15.27,-8.76
115027,PAMPAHUTA,1990,6,31.5,10.73,-6.95
115027,PAMPAHUTA,1990,7,0.0,13.45,-12.43
115027,PAMPAHUTA,1990,8,7.5,14.54,-10.38
115027,PAMPAHUTA,1990,9,4.1,16.15,-10.33
115027,PAMPAHUTA,1990,10,93.5,16.52,-3.27
115027,PAMPAHUTA,1990,11,116.7,15.44,-1.32
115027,PAMPAHUTA,1990,12,91.4,14.77,-0.87
115027,PAMPAHUTA,1991,1,205.6,14.35,-0.75
115027,PAMPAHUTA,1991,2,119.3,14.87,-0.63
115027,PAMPAHUTA,1991,3,146.2,13.73,-0.25
115027,PAMPAHUTA,1991,4,58.3,13.91,-2.74
115027,PAMPAHUTA,1991,5,5.8,14.63,-8.41
115027,PAMPAHUTA,1991,6,31.1,12.08,-10.58
115027,PAMPAHUTA,1991,7,3.1,13.66,-13.16
115027,PAMPAHUTA,1991,8,0.0,15.79,-12.53
115027,PAMPAHUTA,1991,9,21.2,15.47,-7.56
115027,PAMPAHUTA,1991,10,29.4,16.68,-7.37
115027,PAMPAHUTA,1991,11,28.6,16.17,-5.35
115027,PAMPAHUTA,1991,12,102.4,15.45,-4.31
115027,PAMPAHUTA,1992,1,96.5,13.63,-1.37
115027,PAMPAHUTA,1992,2,142.3,15.06,-2.18
115027,PAMPAHUTA,1992,3,26.2,16.54,-3.6
115027,PAMPAHUTA,1992,4,9.4,17.2,-7.65
115027,PAMPAHUTA,1992,5,0.0,-999.0,-10.85
115027,PAMPAHUTA,1992,6,2.2,14.76,-11.06
115027,PAMPAHUTA,1992,7,0.0,14.02,-12.95
115027,PAMPAHUTA,1992,8,51.5,12.08,-10.83
115027,PAMPAHUTA,1992,9,0.0,16.01,-10.12
115027,PAMPAHUTA,1992,10,30.3,16.46,-6.58
115027,PAMPAHUTA,1992,11,55.0,15.14,-5.58
115027,PAMPAHUTA,1992,12,81.6,15.51,-2.83
115027,PAMPAHUTA,1993,1,246.2,13.26,-0.47
115027,PAMPAHUTA,1993,2,62.0,14.31,-3.0
115027,PAMPAHUTA,1993,3,138.2,12.6,-0.97
115027,PAMPAHUTA,1993,4,52.5,14.07,-2.13
115027,PAMPAHUTA,1993,5,4.6,15.1,-6.69
115027,PAMPAHUTA,1993,6,1.8,14.21,-12.13
115027,PAMPAHUTA,1993,7,0.0,14.34,-12.64
115027,PAMPAHUTA,1993,8,19.3,13.46,-9.76
115027,PAMPAHUTA,1993,9,1.6,16.18,-8.91
115027,PAMPAHUTA,1993,10,108.2,15.75,-3.26
115027,PAMPAHUTA,1993,11,114.5,15.36,-0.79
115027,PAMPAHUTA,1993,12,175.1,15.29,0.72
115027,PAMPAHUTA,1994,1,224.8,14.0,1.03
115027,PAMPAHUTA,1994,2,168.1,13.34,0.93
115027,PAMPAHUTA,1994,3,127.6,13.56,-0.55
115027,PAMPAHUTA,1994,4,86.3,13.97,-0.73
115027,PAMPAHUTA,1994,5,23.4,14.63,-999.0
115027,PAMPAHUTA,1994,6,1.1,13.79,-11.11
115027,PAMPAHUTA,1994,7,0.0,14.54,-12.05
115027,PAMPAHUTA,1994,8,0.0,16.37,-11.54
115027,PAMPAHUTA,1994,9,15.1,16.83,-7.55
115027,PAMPAHUTA,1994,10,12.9,15.52,-8.31
115027,PAMPAHUTA,1994,11,108.3,14.29,-2.52
115027,PAMPAHUTA,1994,12,165.4,13.48,-0.44
115027,PAMPAHUTA,1995,1,115.4,13.28,-0.14
115027,PAMPAHUTA,1995,2,151.5,13.22,-0.89
115027,PAMPAHUTA,1995,3,120.9,11.88,0.23
115027,PAMPAHUTA,1995,4,40.8,12.93,-2.92
115027,PAMPAHUTA,1995,5,1.1,13.06,-7.32
115027,PAMPAHUTA,1995,6,0.0,12.28,-10.31
115027,PAMPAHUTA,1995,7,0.0,13.5,-10.5
115027,PAMPAHUTA,1995,8,2.6,15.19,-9.63
115027,PAMPAHUTA,1995,9,14.8,14.82,-7.49
115027,PAMPAHUTA,1995,10,15.1,16.68,-6.5
115027,PAMPAHUTA,1995,11,64.2,14.28,-3.82
115027,PAMPAHUTA,1995,12,142.8,12.83,-2.39
115027,PAMPAHUTA,1996,1,254.5,12.85,-0.45
115027,PAMPAHUTA,1996,2,164.2,11.7,0.88
115027,PAMPAHUTA,1996,3,73.5,12.97,-0.79
115027,PAMPAHUTA,1996,4,73.0,12.23,-1.2
115027,PAMPAHUTA,1996,5,21.5,11.66,-4.92
115027,PAMPAHUTA,1996,6,0.0,11.47,-9.71
115027,PAMPAHUTA,1996,7,0.0,11.66,-11.81
115027,PAMPAHUTA,1996,8,27.9,12.08,-7.86
115027,PAMPAHUTA,1996,9,18.8,13.99,-7.44
115027,PAMPAHUTA,1996,10,3.0,15.34,-6.11
115027,PAMPAHUTA,1996,11,93.2,13.41,-3.43
115027,PAMPAHUTA,1996,12,228.3,11.58,-0.72
115027,PAMPAHUTA,1997,1,220.1,10.95,0.57
115027,PAMPAHUTA,1997,2,185.5,10.95,0.44
115027,PAMPAHUTA,1997,3,100.3,11.29,-0.49
115027,PAMPAHUTA,1997,4,55.4,11.19,-3.07
115027,PAMPAHUTA,1997,5,9.1,11.62,-6.19
115027,PAMPAHUTA,1997,6,0.0,12.19,-11.09
115027,PAMPAHUTA,1997,7,0.3,12.65,-10.3
115027,PAMPAHUTA,1997,8,26.6,10.77,-6.97
115027,PAMPAHUTA,1997,9,37.9,13.35,-4.99
115027,PAMPAHUTA,1997,10,33.6,14.85,-5.13
115027,PAMPAHUTA,1997,11,96.9,14.19,-2.17
115027,PAMPAHUTA,1997,12,103.7,15.42,-1.47
115027,PAMPAHUTA,1998,1,154.6,13.77,1.55
115027,PAMPAHUTA,1998,2,159.8,14.66,1.21
115027,PAMPAHUTA,1998,3,103.4,14.26,-0.39
115027,PAMPAHUTA,1998,4,29.7,14.74,-3.72
115027,PAMPAHUTA,1998,5,0.0,14.18,-9.96
115027,PAMPAHUTA,1998,6,0.9,12.55,-9.01
115027,PAMPAHUTA,1998,7,0.0,13.31,-11.78
115027,PAMPAHUTA,1998,8,0.0,14.39,-11.47
115027,PAMPAHUTA,1998,9,0.0,15.19,-10.91
115027,PAMPAHUTA,1998,10,31.8,15.35,-6.72
115027,PAMPAHUTA,1998,11,104.3,14.51,-5.03
115027,PAMPAHUTA,1998,12,45.0,15.06,-1.89
115027,PAMPAHUTA,1999,1,153.5,12.68,-1.77
115027,PAMPAHUTA,1999,2,163.9,11.14,0.4
115027,PAMPAHUTA,1999,3,204.9,11.27,0.9
115027,PAMPAHUTA,1999,4,116.1,11.61,-1.07
115027,PAMPAHUTA,1999,5,19.3,12.24,-5.68
115027,PAMPAHUTA,1999,6,1.1,11.91,-10.54
115027,PAMPAHUTA,1999,7,0.8,11.7,-10.37
115027,PAMPAHUTA,1999,8,1.9,13.11,-9.93
115027,PAMPAHUTA,1999,9,13.5,13.33,-9.37
115027,PAMPAHUTA,1999,10,118.3,11.82,-3.65
115027,PAMPAHUTA,1999,11,19.5,14.55,-6.63
115027,PAMPAHUTA,1999,12,118.0,13.87,-2.91
115027,PAMPAHUTA,2000,1,202.1,11.35,0.46
115027,PAMPAHUTA,2000,2,258.8,10.88,-0.04
115027,PAMPAHUTA,2000,3,181.6,11.64,-0.85
115027,PAMPAHUTA,2000,4,23.3,12.63,-4.15
115027,PAMPAHUTA,2000,5,9.4,13.16,-6.81
115027,PAMPAHUTA,2000,6,3.9,10.86,-11.23
115027,PAMPAHUTA,2000,7,0.4,10.69,-12.66
115027,PAMPAHUTA,2000,8,7.7,12.7,-10.22
115027,PAMPAHUTA,2000,9,5.1,14.45,-10.4
115027,PAMPAHUTA,2000,10,89.7,11.85,-5.03
115027,PAMPAHUTA,2000,11,9.9,15.14,-7.61
115027,PAMPAHUTA,2000,12,136.1,12.12,-2.36
115027,PAMPAHUTA,2001,1,299.0,10.37,0.42
115027,PAMPAHUTA,2001,2,248.1,10.86,0.52
115027,PAMPAHUTA,2001,3,149.3,10.87,0.07
115027,PAMPAHUTA,2001,4,81.2,11.26,-2.58
115027,PAMPAHUTA,2001,5,19.5,11.5,-5.86
115027,PAMPAHUTA,2001,6,2.9,10.96,-8.69
115027,PAMPAHUTA,2001,7,3.7,11.21,-11.08
115027,PAMPAHUTA,2001,8,16.1,11.53,-10.32
115027,PAMPAHUTA,2001,9,14.1,13.9,-7.44
115027,PAMPAHUTA,2001,10,39.7,14.52,-6.06
115027,PAMPAHUTA,2001,11,17.5,15.33,-4.65
115027,PAMPAHUTA,2001,12,68.1,13.61,-3.38
115027,PAMPAHUTA,2002,1,152.6,12.94,-1.65
115027,PAMPAHUTA,2002,2,240.7,10.6,0.17
115027,PAMPAHUTA,2002,3,111.0,11.49,-0.16
115027,PAMPAHUTA,2002,4,75.2,10.37,-1.81
115027,PAMPAHUTA,2002,5,17.0,11.33,-4.52
115027,PAMPAHUTA,2002,6,2.0,11.59,-7.33
115027,PAMPAHUTA,2002,7,27.4,8.59,-7.04
115027,PAMPAHUTA,2002,8,4.3,11.34,-8.17
115027,PAMPAHUTA,2002,9,10.1,12.78,-6.79
115027,PAMPAHUTA,2002,10,76.8,12.17,-3.3
115027,PAMPAHUTA,2002,11,92.9,12.98,-3.05
115027,PAMPAHUTA,2002,12,170.5,12.76,-1.32
115027,PAMPAHUTA,2003,1,222.2,12.3,0.31
115027,PAMPAHUTA,2003,2,194.8,11.84,0.05
115027,PAMPAHUTA,2003,3,201.4,10.86,-0.46
115027,PAMPAHUTA,2003,4,21.3,11.53,-3.17
115027,PAMPAHUTA,2003,5,8.3,11.87,-7.59
115027,PAMPAHUTA,2003,6,2.8,11.27,-12.31
115027,PAMPAHUTA,2003,7,0.0,11.47,-11.42
115027,PAMPAHUTA,2003,8,0.0,12.22,-11.82
115027,PAMPAHUTA,2003,9,25.5,12.09,-10.28
115027,PAMPAHUTA,2003,10,22.7,14.31,-8.77
115027,PAMPAHUTA,2003,11,14.1,15.54,-7.86
115027,PAMPAHUTA,2003,12,155.6,14.64,-3.86
115027,PAMPAHUTA,2004,1,226.8,10.69,-0.26
115027,PAMPAHUTA,2004,2,162.8,11.95,-0.93
115027,PAMPAHUTA,2004,3,55.8,12.83,-1.5
115027,PAMPAHUTA,2004,4,75.3,11.68,-3.56
115027,PAMPAHUTA,2004,5,0.0,12.03,-10.18
115027,PAMPAHUTA,2004,6,0.6,10.29,-11.93
115027,PAMPAHUTA,2004,7,11.7,10.33,-10.71
115027,PAMPAHUTA,2004,8,13.2,10.85,-8.58
115027,PAMPAHUTA,2004,9,26.6,12.16,-8.14
115027,PAMPAHUTA,2004,10,14.7,14.79,-8.01
115027,PAMPAHUTA,2004,11,32.3,15.07,-5.99
115027,PAMPAHUTA,2004,12,102.1,13.67,-2.29
115027,PAMPAHUTA,2005,1,111.5,12.87,-1.14
115027,PAMPAHUTA,2005,2,267.5,-999.0,-0.14
115027,PAMPAHUTA,2005,3,97.7,12.23,-1.04
115027,PAMPAHUTA,2005,4,60.2,12.02,-3.06
115027,PAMPAHUTA,2005,5,0.0,12.32,-9.85
115027,PAMPAHUTA,2005,6,0.0,11.52,-13.78
115027,PAMPAHUTA,2005,7,0.0,12.15,-11.76
115027,PAMPAHUTA,2005,8,0.6,12.39,-13.45
115027,PAMPAHUTA,2005,9,21.4,12.52,-8.92
115027,PAMPAHUTA,2005,10,17.7,13.55,-6.6
115027,PAMPAHUTA,2005,11,101.3,12.65,-4.85
115027,PAMPAHUTA,2005,12,136.1,12.21,-1.63
115027,PAMPAHUTA,2006,1,179.4,10.21,-0.52
115027,PAMPAHUTA,2006,2,165.0,11.76,-1.11
115027,PAMPAHUTA,2006,3,163.7,11.19,-0.14
115027,PAMPAHUTA,2006,4,65.3,10.55,-3.42
115027,PAMPAHUTA,2006,5,1.8,11.31,-9.53
115027,PAMPAHUTA,2006,6,0.0,11.19,-10.75
115027,PAMPAHUTA,2006,7,0.0,11.3,-12.59
115027,PAMPAHUTA,2006,8,9.1,12.55,-9.27
115027,PAMPAHUTA,2006,9,31.4,13.24,-9.63
115027,PAMPAHUTA,2006,10,46.7,13.35,-5.69
115027,PAMPAHUTA,2006,11,110.3,13.07,-2.06
115027,PAMPAHUTA,2006,12,89.4,13.2,-2.1
115027,PAMPAHUTA,2007,1,149.6,12.43,-0.43
115027,PAMPAHUTA,2007,2,147.9,12.08,-0.1
115027,PAMPAHUTA,2007,3,260.9,10.94,-0.03
115027,PAMPAHUTA,2007,4,81.0,11.93,-1.22
115027,PAMPAHUTA,2007,5,13.2,12.36,-4.56
115027,PAMPAHUTA,2007,6,0.0,12.44,-7.89
115027,PAMPAHUTA,2007,7,9.7,10.78,-9.19
115027,PAMPAHUTA,2007,8,0.0,13.79,-9.18
115027,PAMPAHUTA,2007,9,16.7,12.28,-5.26
115027,PAMPAHUTA,2007,10,27.3,14.6,-5.83
115027,PAMPAHUTA,2007,11,54.3,14.4,-5.61
115027,PAMPAHUTA,2007,12,116.8,13.36,-1.69
115027,PAMPAHUTA,2008,1,196.3,11.15,0.53
115027,PAMPAHUTA,2008,2,68.2,11.99,-0.56
115027,PAMPAHUTA,2008,3,84.2,11.9,-2.04
115027,PAMPAHUTA,2008,4,5.8,13.79,-4.95
115027,PAMPAHUTA,2008,5,0.5,12.6,-9.6
115027,PAMPAHUTA,2008,6,3.9,12.07,-10.15
115027,PAMPAHUTA,2008,7,0.0,11.95,-11.77
115027,PAMPAHUTA,2008,8,0.2,13.16,-11.77
115027,PAMPAHUTA,2008,9,3.3,14.69,-10.41
115027,PAMPAHUTA,2008,10,42.2,14.57,-4.45
115027,PAMPAHUTA,2008,11,35.9,15.52,-3.63
115027,PAMPAHUTA,2008,12,212.2,13.03,-0.89
115027,PAMPAHUTA,2009,1,63.1,12.72,-0.1
115027,PAMPAHUTA,2009,2,131.4,11.91,0.29
115027,PAMPAHUTA,2009,3,103.7,12.05,-0.97
115027,PAMPAHUTA,2009,4,38.7,12.47,-2.21
115027,PAMPAHUTA,2009,5,3.8,12.97,-5.69
115027,PAMPAHUTA,2009,6,0.0,12.42,-10.29
115027,PAMPAHUTA,2009,7,4.2,12.0,-8.77
115027,PAMPAHUTA,2009,8,0.7,13.24,-10.82
115027,PAMPAHUTA,2009,9,13.9,14.62,-6.57
115027,PAMPAHUTA,2009,10,25.4,15.6,-5.91
115027,PAMPAHUTA,2009,11,117.0,14.61,-1.26
115027,PAMPAHUTA,2009,12,134.2,13.17,-0.63
115027,PAMPAHUTA,2010,1,223.1,12.32,1.52
115027,PAMPAHUTA,2010,2,231.0,13.01,1.72
115027,PAMPAHUTA,2010,3,113.9,13.34,0.65
115027,PAMPAHUTA,2010,4,57.3,13.69,-1.15
115027,PAMPAHUTA,2010,5,7.8,13.25,-4.77
115027,PAMPAHUTA,2010,6,0.0,13.47,-7.14
115027,PAMPAHUTA,2010,7,0.0,13.11,-11.05
115027,PAMPAHUTA,2010,8,0.0,14.54,-9.72
115027,PAMPAHUTA,2010,9,0.0,15.33,-8.53
115027,PAMPAHUTA,2010,10,23.2,14.91,-5.17
115027,PAMPAHUTA,2010,11,49.2,16.31,-5.87
115027,PAMPAHUTA,2010,12,151.9,13.23,-0.55
115027,PAMPAHUTA,2011,1,105.9,13.54,0.57
115027,PAMPAHUTA,2011,2,209.1,11.21,1.03
115027,PAMPAHUTA,2011,3,155.6,11.9,1.04
115027,PAMPAHUTA,2011,4,83.2,12.07,-1.14
115027,PAMPAHUTA,2011,5,3.8,12.91,-4.15
115027,PAMPAHUTA,2011,6,0.0,12.56,-7.25
115027,PAMPAHUTA,2011,7,3.9,11.76,-7.85
115027,PAMPAHUTA,2011,8,1.8,13.43,-8.05
115027,PAMPAHUTA,2011,9,25.7,13.47,-5.55
115027,PAMPAHUTA,2011,10,14.1,15.1,-5.63
115027,PAMPAHUTA,2011,11,31.5,15.25,-3.03
115027,PAMPAHUTA,2011,12,172.2,12.63,-1.12
115027,PAMPAHUTA,2012,1,261.5,11.63,-0.02
115027,PAMPAHUTA,2012,2,230.7,10.81,0.78
115027,PAMPAHUTA,2012,3,142.8,11.41,-0.44
115027,PAMPAHUTA,2012,4,94.5,11.32,-0.61
115027,PAMPAHUTA,2012,5,1.5,12.05,-5.6
115027,PAMPAHUTA,2012,6,0.7,11.57,-8.35
115027,PAMPAHUTA,2012,7,0.0,12.17,-9.42
115027,PAMPAHUTA,2012,8,3.2,13.0,-9.77
115027,PAMPAHUTA,2012,9,4.9,14.03,-7.07
115027,PAMPAHUTA,2012,10,55.7,15.1,-4.23
115027,PAMPAHUTA,2012,11,61.6,14.51,-1.74
115027,PAMPAHUTA,2012,12,179.7,12.14,1.03
115027,PAMPAHUTA,2013,1,160.0,12.27,0.92
115027,PAMPAHUTA,2013,2,149.2,12.56,1.63
115027,PAMPAHUTA,2013,3,63.6,13.7,0.24
115027,PAMPAHUTA,2013,4,6.5,14.63,-4.42
115027,PAMPAHUTA,2013,5,9.4,13.98,-4.54
115027,PAMPAHUTA,2013,6,11.2,11.67,-7.13
115027,PAMPAHUTA,2013,7,3.9,12.3,-7.28
115027,PAMPAHUTA,2013,8,14.1,13.39,-8.87
115027,PAMPAHUTA,2013,9,0.0,15.44,-9.28
115027,PAMPAHUTA,2013,10,36.0,15.67,-5.36
115027,PAMPAHUTA,2013,11,72.7,16.01,-3.42
115027,PAMPAHUTA,2013,12,210.7,13.67,0.14
115027,PAMPAHUTA,2014,1,181.6,12.79,0.41
115027,PAMPAHUTA,2014,2,65.3,13.84,-0.26
115027,PAMPAHUTA,2014,3,101.1,13.66,-0.49
115027,PAMPAHUTA,2014,4,83.7,13.15,-1.08
115027,PAMPAHUTA,2014,5,3.3,13.83,-5.69
115027,PAMPAHUTA,2014,6,0.0,14.42,-8.84
115027,PAMPAHUTA,2014,7,7.7,12.29,-9.24
115027,PAMPAHUTA,2014,8,11.2,12.88,-7.7
115027,PAMPAHUTA,2014,9,30.3,13.84,-3.89
115027,PAMPAHUTA,2014,10,78.4,13.59,-2.07
115027,PAMPAHUTA,2014,11,46.2,15.01,-3.35
115027,PAMPAHUTA,2014,12,127.9,15.05,-1.11
115027,PAMPAHUTA,2015,1,147.5,11.75,-0.16
115027,PAMPAHUTA,2015,2,110.0,12.93,0.39
115027,PAMPAHUTA,2015,3,76.4,12.84,1.1
115027,PAMPAHUTA,2015,4,98.6,11.73,0.21
115027,PAMPAHUTA,2015,5,0.0,12.94,-4.54
115027,PAMPAHUTA,2015,6,2.6,14.03,-7.87
115027,PAMPAHUTA,2015,7,5.9,12.97,-8.79
115027,PAMPAHUTA,2015,8,8.8,13.5,-7.78
115027,PAMPAHUTA,2015,9,25.6,14.39,-6.16
115027,PAMPAHUTA,2015,10,52.0,14.72,-5.33
115027,PAMPAHUTA,2015,11,62.6,16.12,-2.72
115027,PAMPAHUTA,2015,12,77.1,14.77,-1.48
115027,PAMPAHUTA,2016,1,80.5,15.5,-0.81
115027,PAMPAHUTA,2016,2,215.0,13.73,1.9
115027,PAMPAHUTA,2016,3,64.1,15.36,-0.91
115027,PAMPAHUTA,2016,4,101.0,13.35,-1.47
115027,PAMPAHUTA,2016,5,2.7,13.94,-6.81
115027,PAMPAHUTA,2016,6,6.1,13.47,-9.5
115027,PAMPAHUTA,2016,7,2.7,13.46,-8.9
115027,PAMPAHUTA,2016,8,7.4,14.26,-9.15
115027,PAMPAHUTA,2016,9,11.2,15.29,-8.18
115027,PAMPAHUTA,2016,10,56.1,15.31,-5.01
115027,PAMPAHUTA,2016,11,14.4,15.97,-6.27
115027,PAMPAHUTA,2016,12,59.6,15.4,-1.57
115027,PAMPAHUTA,2017,1,175.5,12.74,0.88
115027,PAMPAHUTA,2017,2,183.6,14.16,-0.28
115027,PAMPAHUTA,2017,3,312.7,12.56,0.55
115027,PAMPAHUTA,2017,4,41.2,13.15,-1.29
115027,PAMPAHUTA,2017,5,31.9,12.68,-3.32
115027,PAMPAHUTA,2017,6,0.3,13.67,-7.28
115027,PAMPAHUTA,2017,7,3.1,14.05,-10.1
115027,PAMPAHUTA,2017,8,0.4,15.12,-10.54
115027,PAMPAHUTA,2017,9,21.6,14.66,-5.81
115027,PAMPAHUTA,2017,10,58.2,15.57,-5.01
115027,PAMPAHUTA,2017,11,69.3,16.61,-3.29
115027,PAMPAHUTA,2017,12,114.5,14.89,-1.51
115027,PAMPAHUTA,2018,1,179.4,12.95,0.14
115027,PAMPAHUTA,2018,2,258.8,13.02,0.5
115027,PAMPAHUTA,2018,3,185.1,13.07,-0.57
115027,PAMPAHUTA,2018,4,27.4,14.01,-3.73
115027,PAMPAHUTA,2018,5,2.0,14.03,-7.43
115027,PAMPAHUTA,2018,6,18.9,11.65,-5.79
115027,PAMPAHUTA,2018,7,33.7,11.86,-7.46
115027,PAMPAHUTA,2018,8,3.0,12.78,-7.27
115027,PAMPAHUTA,2018,9,9.2,15.22,-8.27
115027,PAMPAHUTA,2018,10,47.0,14.95,-2.25
115027,PAMPAHUTA,2018,11,14.9,17.02,-2.67
115027,PAMPAHUTA,2018,12,73.6,15.85,-2.41
115027,PAMPAHUTA,2019,1,253.0,14.37,0.39
115027,PAMPAHUTA,2019,2,255.4,13.58,1.02
115027,PAMPAHUTA,2019,3,117.7,13.94,0.92
115027,PAMPAHUTA,2019,4,71.0,13.73,-0.72
115027,PAMPAHUTA,2019,5,24.7,13.7,-4.5
115027,PAMPAHUTA,2019,6,1.4,13.51,-8.47
115027,PAMPAHUTA,2019,7,3.4,13.29,-9.19
115027,PAMPAHUTA,2019,8,0.6,14.77,-10.79
115027,PAMPAHUTA,2019,9,9.7,15.63,-5.48
115027,PAMPAHUTA,2019,10,29.6,15.31,-6.4
115027,PAMPAHUTA,2019,11,111.9,15.15,-1.46
115027,PAMPAHUTA,2019,12,144.2,15.04,-0.37
115027,PAMPAHUTA,2020,1,148.1,13.85,0.49
115027,PAMPAHUTA,2020,2,191.1,13.25,2.08
115027,PAMPAHUTA,2020,3,156.5,13.46,0.87
115027,PAMPAHUTA,2020,4,84.6,13.89,-2.16
115027,PAMPAHUTA,2020,5,18.6,13.59,-5.3
115027,PAMPAHUTA,2020,6,0.0,14.05,-8.49
115027,PAMPAHUTA,2020,7,0.0,14.93,-11.61
115027,PAMPAHUTA,2020,8,0.0,15.49,-10.47
115027,PAMPAHUTA,2020,9,27.7,15.21,-6.07
115027,PAMPAHUTA,2020,10,48.0,14.45,-3.47
115027,PAMPAHUTA,2020,11,21.9,17.6,-5.74
115027,PAMPAHUTA,2020,12,194.3,14.86,-0.94
115027,PAMPAHUTA,2021,1,249.5,13.47,0.26
115027,PAMPAHUTA,2021,2,-999.0,-999.0,-999.0
115027,PAMPAHUTA,2021,3,181.7,12.3,0.25
115027,PAMPAHUTA,2021,4,33.0,13.02,-2.57
115027,PAMPAHUTA,2021,5,8.3,13.62,-5.8
115027,PAMPAHUTA,2021,6,6.6,13.53,-8.75
115027,PAMPAHUTA,2021,7,0.0,14.23,-10.06
115027,PAMPAHUTA,2021,8,4.6,14.91,-9.57
115027,PAMPAHUTA,2021,9,25.7,15.62,-5.37
115027,PAMPAHUTA,2021,10,65.8,16.99,-4.43
115027,PAMPAHUTA,2021,11,137.4,15.93,-2.99
115027,PAMPAHUTA,2021,12,176.2,13.3,0.72
115027,PAMPAHUTA,2022,1,270.8,12.94,0.51
115027,PAMPAHUTA,2022,2,151.6,13.01,1.2
115027,PAMPAHUTA,2022,3,98.7,13.6,1.29
115027,PAMPAHUTA,2022,4,30.0,14.37,-3.66
115027,PAMPAHUTA,2022,5,0.8,14.31,-8.04
115027,PAMPAHUTA,2022,6,0.3,12.84,-10.02
115027,PAMPAHUTA,2022,7,0.0,14.19,-9.26
115027,PAMPAHUTA,2022,8,0.4,14.06,-9.67
115027,PAMPAHUTA,2022,9,0.0,16.28,-9.23
115027,PAMPAHUTA,2022,10,1.0,16.77,-10.0
115027,PAMPAHUTA,2022,11,18.1,17.37,-6.99
115027,PAMPAHUTA,2022,12,131.6,14.28,-1.99
115027,PAMPAHUTA,2023,1,74.1,14.12,-0.68
115027,PAMPAHUTA,2023,2,134.9,13.2,0.48
115027,PAMPAHUTA,2023,3,224.7,13.15,0.38
115027,PAMPAHUTA,2023,4,35.5,13.73,-2.42
115027,PAMPAHUTA,2023,5,11.8,12.87,-4.19
115027,PAMPAHUTA,2023,6,0.0,13.42,-10.34
115027,PAMPAHUTA,2023,7,17.9,15.24,-9.63
115027,PAMPAHUTA,2023,8,0.2,14.85,-9.61
115027,PAMPAHUTA,2023,9,1.7,16.29,-7.07
115027,PAMPAHUTA,2023,10,76.1,17.54,-2.09
115027,PAMPAHUTA,2023,11,81.6,16.98,0.09
115027,PAMPAHUTA,2023,12,155.7,15.31,2.36
115027,PAMPAHUTA,2024,1,149.8,15.22,1.98
115027,PAMPAHUTA,2024,2,170.0,14.12,2.12
115027,PAMPAHUTA,2024,3,177.3,14.11,2.71
115027,PAMPAHUTA,2024,4,59.2,15.26,-1.05
115027,PAMPAHUTA,2024,5,23.7,15.36,-3.84
115027,PAMPAHUTA,2024,6,1.4,14.8,-7.09
115027,PAMPAHUTA,2024,7,0.0,-999.0,-8.38
115027,PAMPAHUTA,2024,8,0.0,16.04,-9.26
115027,PAMPAHUTA,2024,9,12.2,17.02,-5.16
115027,PAMPAHUTA,2024,10,14.9,17.63,-5.27
115027,PAMPAHUTA,2024,11,154.9,16.1,-1.61
115027,PAMPAHUTA,2024,12,121.3,15.82,0.97
115027,PAMPAHUTA,2025,1,224.0,12.87,1.65
115027,PAMPAHUTA,2025,2,179.2,13.36,1.46
115027,PAMPAHUTA,2025,3,303.0,13.03,1.16
115027,PAMPAHUTA,2025,4,80.2,13.61,-0.72
115027,PAMPAHUTA,2025,5,49.5,13.61,-2.68
115027,PAMPAHUTA,2025,6,2.4,13.32,-6.89
115027,PAMPAHUTA,2025,7,0.0,13.55,-9.25
115027,PAMPAHUTA,2025,8,3.6,14.45,-9.38
115027,PAMPAHUTA,2025,9,42.0,15.28,-5.71
115027,PAMPAHUTA,2025,10,33.6,15.63,-2.24
115027,PAMPAHUTA,2025,11,51.5,17.08,-3.7
115027,PAMPAHUTA,2025,12,105.8,15.18,-1.66
