CODIGO,ESTACION,YEAR,MONTH,PP,TMAX,TMIN
115126,PILLONES,1990,1,91.2,-999.0,-999.0
115126,PILLONES,1990,2,18.6,-999.0,-999.0
115126,PILLONES,1990,3,74.3,-999.0,-999.0
115126,PILLONES,1990,4,6.7,-999.0,-999.0
115126,PILLONES,1990,5,7.5,-999.0,-999.0
115126,PILLONES,1990,6,29.0,-999.0,-999.0
115126,PILLONES,1990,7,0.0,-999.0,-999.0
115126,PILLONES,1990,8,4.1,-999.0,-999.0
115126,PILLONES,1990,9,0.0,-999.0,-999.0
115126,PILLONES,1990,10,11.2,-999.0,-999.0
115126,PILLONES,1990,11,72.6,-999.0,-999.0
115126,PILLONES,1990,12,81.7,-999.0,-999.0
115126,PILLONES,1991,1,-999.0,-999.0,-999.0
115126,PILLONES,1991,2,52.3,-999.0,-999.0
115126,PILLONES,1991,3,178.4,-999.0,-999.0
115126,PILLONES,1991,4,8.9,-999.0,-999.0
115126,PILLONES,1991,5,0.0,-999.0,-999.0
115126,PILLONES,1991,6,43.7,-999.0,-999.0
115126,PILLONES,1991,7,0.0,-999.0,-999.0
115126,PILLONES,1991,8,0.0,-999.0,-999.0
115126,PILLONES,1991,9,0.0,-999.0,-999.0
115126,PILLONES,1991,10,0.0,-999.0,-999.0
115126,PILLONES,1991,11,0.0,-999.0,-999.0
115126,PILLONES,1991,12,51.8,-999.0,-999.0
115126,PILLONES,1992,1,20.8,-999.0,-999.0
115126,PILLONES,1992,2,23.3,-999.0,-999.0
115126,PILLONES,1992,3,1.5,-999.0,-999.0
115126,PILLONES,1992,4,4.7,-999.0,-999.0
115126,PILLONES,1992,5,0.0,-999.0,-999.0
115126,PILLONES,1992,6,0.0,-999.0,-999.0
115126,PILLONES,1992,7,2.0,-999.0,-999.0
115126,PILLONES,1992,8,9.6,-999.0,-999.0
115126,PILLONES,1992,9,0.0,-999.0,-999.0
115126,PILLONES,1992,10,9.0,-999.0,-999.0
115126,PILLONES,1992,11,13.8,-999.0,-999.0
115126,PILLONES,1992,12,91.3,-999.0,-999.0
115126,PILLONES,1993,1,243.5,-999.0,-999.0
115126,PILLONES,1993,2,38.2,-999.0,-999.0
115126,PILLONES,1993,3,126.6,-999.0,-999.0
115126,PILLONES,1993,4,23.6,-999.0,-999.0
115126,PILLONES,1993,5,3.9,-999.0,-999.0
115126,PILLONES,1993,6,2.1,-999.0,-999.0
115126,PILLONES,1993,7,1.8,-999.0,-999.0
115126,PILLONES,1993,8,29.1,-999.0,-999.0
115126,PILLONES,1993,9,0.0,-999.0,-999.0
115126,PILLONES,1993,10,16.7,-999.0,-999.0
115126,PILLONES,1993,11,44.6,-999.0,-999.0
115126,PILLONES,1993,12,163.9,-999.0,-999.0
115126,PILLONES,1994,1,178.1,-999.0,-999.0
115126,PILLONES,1994,2,226.6,-999.0,-999.0
115126,PILLONES,1994,3,52.9,-999.0,-999.0
115126,PILLONES,1994,4,49.4,-999.0,-999.0
115126,PILLONES,1994,5,0.0,-999.0,-999.0
115126,PILLONES,1994,6,0.0,-999.0,-999.0
115126,PILLONES,1994,7,0.0,-999.0,-999.0
115126,PILLONES,1994,8,0.0,-999.0,-999.0
115126,PILLONES,1994,9,0.0,-999.0,-999.0
115126,PILLONES,1994,10,0.0,-999.0,-999.0
115126,PILLONES,1994,11,10.5,-999.0,-999.0
115126,PILLONES,1994,12,43.4,-999.0,-999.0
115126,PILLONES,1995,1,69.3,-999.0,-999.0
115126,PILLONES,1995,2,43.2,-999.0,-999.0
115126,PILLONES,1995,3,125.2,-999.0,-999.0
115126,PILLONES,1995,4,9.1,-999.0,-999.0
115126,PILLONES,1995,5,15.6,-999.0,-999.0
115126,PILLONES,1995,6,0.0,-999.0,-999.0
115126,PILLONES,1995,7,0.0,-999.0,-999.0
115126,PILLONES,1995,8,0.0,-999.0,-999.0
115126,PILLONES,1995,9,3.0,-999.0,-999.0
115126,PILLONES,1995,10,2.3,-999.0,-999.0
115126,PILLONES,1995,11,23.8,-999.0,-999.0
115126,PILLONES,1995,12,42.4,-999.0,-999.0
115126,PILLONES,1996,1,57.6,-999.0,-999.0
115126,PILLONES,1996,2,-999.0,-999.0,-999.0
115126,PILLONES,1996,3,60.0,-999.0,-999.0
115126,PILLONES,1996,4,28.4,-999.0,-999.0
115126,PILLONES,1996,5,10.7,-999.0,-999.0
115126,PILLONES,1996,6,0.0,-999.0,-999.0
115126,PILLONES,1996,7,0.0,-999.0,-999.0
115126,PILLONES,1996,8,4.4,-999.0,-999.0
115126,PILLONES,1996,9,0.0,-999.0,-999.0
115126,PILLONES,1996,10,0.6,-999.0,-999.0
115126,PILLONES,1996,11,-999.0,-999.0,-999.0
115126,PILLONES,1996,12,65.2,-999.0,-999.0
115126,PILLONES,1997,1,85.5,-999.0,-999.0
115126,PILLONES,1997,2,157.1,-999.0,-999.0
115126,PILLONES,1997,3,75.8,-999.0,-999.0
115126,PILLONES,1997,4,2.9,-999.0,-999.0
115126,PILLONES,1997,5,5.6,-999.0,-999.0
115126,PILLONES,1997,6,0.0,-999.0,-999.0
115126,PILLONES,1997,7,0.2,-999.0,-999.0
115126,PILLONES,1997,8,11.6,-999.0,-999.0
115126,PILLONES,1997,9,35.1,-999.0,-999.0
115126,PILLONES,1997,10,14.9,-999.0,-999.0
115126,PILLONES,1997,11,26.2,-999.0,-999.0
115126,PILLONES,1997,12,39.2,-999.0,-999.0
115126,PILLONES,1998,1,122.6,-999.0,-999.0
115126,PILLONES,1998,2,55.7,-999.0,-999.0
115126,PILLONES,1998,3,18.6,-999.0,-999.0
115126,PILLONES,1998,4,4.9,-999.0,-999.0
115126,PILLONES,1998,5,0.0,-999.0,-999.0
115126,PILLONES,1998,6,1.9,-999.0,-999.0
115126,PILLONES,1998,7,0.0,-999.0,-999.0
115126,PILLONES,1998,8,0.0,-999.0,-999.0
115126,PILLONES,1998,9,1.2,-999.0,-999.0
115126,PILLONES,1998,10,0.0,-999.0,-999.0
115126,PILLONES,1998,11,38.9,-999.0,-999.0
115126,PILLONES,1998,12,50.2,-999.0,-999.0
115126,PILLONES,1999,1,39.8,-999.0,-999.0
115126,PILLONES,1999,2,184.0,-999.0,-999.0
115126,PILLONES,1999,3,176.4,-999.0,-999.0
115126,PILLONES,1999,4,75.4,-999.0,-999.0
115126,PILLONES,1999,5,0.0,-999.0,-999.0
115126,PILLONES,1999,6,0.1,-999.0,-999.0
115126,PILLONES,1999,7,0.0,-999.0,-999.0
115126,PILLONES,1999,8,0.0,-999.0,-999.0
115126,PILLONES,1999,9,14.7,-999.0,-999.0
115126,PILLONES,1999,10,47.4,-999.0,-999.0
115126,PILLONES,1999,11,1.1,-999.0,-999.0
115126,PILLONES,1999,12,38.4,-999.0,-999.0
115126,PILLONES,2000,1,166.8,-999.0,-999.0
115126,PILLONES,2000,2,125.8,-999.0,-999.0
115126,PILLONES,2000,3,109.6,-999.0,-999.0
115126,PILLONES,2000,4,1.6,-999.0,-999.0
115126,PILLONES,2000,5,1.3,-999.0,-999.0
115126,PILLONES,2000,6,0.7,-999.0,-999.0
115126,PILLONES,2000,7,0.0,-999.0,-999.0
115126,PILLONES,2000,8,0.0,-999.0,-999.0
115126,PILLONES,2000,9,0.5,-999.0,-999.0
115126,PILLONES,2000,10,13.6,-999.0,-999.0
115126,PILLONES,2000,11,2.4,-999.0,-999.0
115126,PILLONES,2000,12,51.3,-999.0,-999.0
115126,PILLONES,2001,1,115.1,-999.0,-999.0
115126,PILLONES,2001,2,98.5,-999.0,-999.0
115126,PILLONES,2001,3,85.9,-999.0,-999.0
115126,PILLONES,2001,4,34.1,-999.0,-999.0
115126,PILLONES,2001,5,0.0,-999.0,-999.0
115126,PILLONES,2001,6,1.5,-999.0,-999.0
115126,PILLONES,2001,7,0.0,-999.0,-999.0
115126,PILLONES,2001,8,7.0,-999.0,-999.0
115126,PILLONES,2001,9,3.2,-999.0,-999.0
115126,PILLONES,2001,10,13.8,-999.0,-999.0
115126,PILLONES,2001,11,2.7,-999.0,-999.0
115126,PILLONES,2001,12,5.8,-999.0,-999.0
115126,PILLONES,2002,1,75.0,-999.0,-999.0
115126,PILLONES,2002,2,128.8,-999.0,-999.0
115126,PILLONES,2002,3,138.2,-999.0,-999.0
115126,PILLONES,2002,4,-999.0,-999.0,-999.0
115126,PILLONES,2002,5,4.7,-999.0,-999.0
115126,PILLONES,2002,6,3.6,-999.0,-999.0
115126,PILLONES,2002,7,33.0,-999.0,-999.0
115126,PILLONES,2002,8,0.5,-999.0,-999.0
115126,PILLONES,2002,9,3.8,-999.0,-999.0
115126,PILLONES,2002,10,6.1,-999.0,-999.0
115126,PILLONES,2002,11,64.2,-999.0,-999.0
115126,PILLONES,2002,12,57.5,-999.0,-999.0
115126,PILLONES,2003,1,43.7,13.08,0.12
115126,PILLONES,2003,2,57.1,12.61,-0.99
115126,PILLONES,2003,3,68.9,11.96,-1.24
115126,PILLONES,2003,4,10.7,12.47,-4.89
115126,PILLONES,2003,5,11.9,12.25,-8.54
115126,PILLONES,2003,6,0.0,12.08,-12.95
115126,PILLONES,2003,7,0.2,11.63,-11.87
115126,PILLONES,2003,8,4.5,11.24,-10.9
115126,PILLONES,2003,9,0.8,11.99,-10.23
115126,PILLONES,2003,10,0.0,14.45,-999.0
115126,PILLONES,2003,11,0.1,14.8,-999.0
115126,PILLONES,2003,12,52.0,14.75,-3.81
115126,PILLONES,2004,1,107.7,11.25,-0.05
115126,PILLONES,2004,2,80.5,12.23,-1.41
115126,PILLONES,2004,3,75.4,13.08,-0.86
115126,PILLONES,2004,4,6.7,12.96,-3.0
115126,PILLONES,2004,5,0.0,11.33,-11.22
115126,PILLONES,2004,6,0.0,10.35,-11.58
115126,PILLONES,2004,7,20.0,9.23,-10.37
115126,PILLONES,2004,8,7.4,10.74,-8.19
115126,PILLONES,2004,9,2.8,13.25,-9.0
115126,PILLONES,2004,10,0.0,14.12,-8.9
115126,PILLONES,2004,11,0.0,15.12,-8.25
115126,PILLONES,2004,12,21.0,14.11,-4.09
115126,PILLONES,2005,1,35.1,13.14,-2.39
115126,PILLONES,2005,2,137.0,11.39,0.27
115126,PILLONES,2005,3,58.2,12.78,-1.25
115126,PILLONES,2005,4,15.7,12.5,-3.29
115126,PILLONES,2005,5,0.0,12.23,-10.41
115126,PILLONES,2005,6,0.0,10.94,-13.61
115126,PILLONES,2005,7,0.0,11.41,-11.25
115126,PILLONES,2005,8,0.0,12.52,-12.65
115126,PILLONES,2005,9,14.4,10.7,-8.91
115126,PILLONES,2005,10,0.0,13.81,-8.02
115126,PILLONES,2005,11,4.2,-999.0,-6.04
115126,PILLONES,2005,12,64.1,-999.0,-2.47
115126,PILLONES,2006,1,144.0,-999.0,-0.33
115126,PILLONES,2006,2,114.3,-999.0,-0.08
115126,PILLONES,2006,3,107.3,-999.0,0.89
115126,PILLONES,2006,4,4.2,-999.0,-2.99
115126,PILLONES,2006,5,0.0,-999.0,-9.83
115126,PILLONES,2006,6,0.0,-999.0,-11.87
115126,PILLONES,2006,7,0.0,-999.0,-12.99
115126,PILLONES,2006,8,0.0,12.52,-10.23
115126,PILLONES,2006,9,2.4,13.07,-10.72
115126,PILLONES,2006,10,6.3,14.41,-7.89
115126,PILLONES,2006,11,16.6,15.02,-3.76
115126,PILLONES,2006,12,20.8,15.1,-4.62
115126,PILLONES,2007,1,95.7,13.73,-0.66
115126,PILLONES,2007,2,90.1,12.9,-0.61
115126,PILLONES,2007,3,101.2,11.39,0.29
115126,PILLONES,2007,4,21.7,12.95,-2.42
115126,PILLONES,2007,5,1.8,12.15,-7.49
115126,PILLONES,2007,6,0.3,13.12,-9.49
115126,PILLONES,2007,7,0.0,10.8,-11.61
115126,PILLONES,2007,8,0.0,12.85,-10.8
115126,PILLONES,2007,9,-999.0,13.28,-6.88
115126,PILLONES,2007,10,2.1,14.05,-7.19
115126,PILLONES,2007,11,26.2,14.19,-7.15
115126,PILLONES,2007,12,33.0,12.74,-4.24
115126,PILLONES,2008,1,136.9,10.4,0.48
115126,PILLONES,2008,2,90.2,11.3,-0.8
115126,PILLONES,2008,3,49.3,12.22,-2.18
115126,PILLONES,2008,4,0.2,12.81,-7.85
115126,PILLONES,2008,5,0.0,12.12,-11.51
115126,PILLONES,2008,6,2.2,11.34,-11.69
115126,PILLONES,2008,7,0.0,11.68,-12.7
115126,PILLONES,2008,8,1.5,12.48,-12.95
115126,PILLONES,2008,9,0.0,13.74,-11.97
115126,PILLONES,2008,10,0.0,14.59,-6.97
115126,PILLONES,2008,11,0.0,15.55,-7.79
115126,PILLONES,2008,12,54.0,12.76,-2.67
115126,PILLONES,2009,1,60.6,12.76,-1.91
115126,PILLONES,2009,2,209.1,11.99,0.2
115126,PILLONES,2009,3,66.6,12.44,-1.83
115126,PILLONES,2009,4,35.9,12.79,-3.29
115126,PILLONES,2009,5,0.4,12.34,-8.86
115126,PILLONES,2009,6,0.0,11.61,-13.44
115126,PILLONES,2009,7,19.4,10.21,-11.02
115126,PILLONES,2009,8,0.0,12.04,-12.2
115126,PILLONES,2009,9,8.7,13.63,-8.32
115126,PILLONES,2009,10,1.9,15.35,-6.9
115126,PILLONES,2009,11,43.3,13.79,-3.09
115126,PILLONES,2009,12,7.7,15.19,-3.69
115126,PILLONES,2010,1,105.0,13.67,-0.24
115126,PILLONES,2010,2,144.4,12.59,1.25
115126,PILLONES,2010,3,64.0,13.95,-0.34
115126,PILLONES,2010,4,8.0,14.18,-3.55
115126,PILLONES,2010,5,5.5,12.47,-6.88
115126,PILLONES,2010,6,0.0,-999.0,-9.06
115126,PILLONES,2010,7,0.0,-999.0,-13.03
115126,PILLONES,2010,8,0.0,-999.0,-11.01
115126,PILLONES,2010,9,2.7,-999.0,-9.42
115126,PILLONES,2010,10,4.4,-999.0,-8.52
115126,PILLONES,2010,11,0.4,-999.0,-999.0
115126,PILLONES,2010,12,103.0,-999.0,-2.8
115126,PILLONES,2011,1,128.3,-999.0,-1.83
115126,PILLONES,2011,2,156.1,-999.0,-999.0
115126,PILLONES,2011,3,74.0,-999.0,-1.19
115126,PILLONES,2011,4,46.6,-999.0,-3.19
115126,PILLONES,2011,5,2.8,-999.0,-7.13
115126,PILLONES,2011,6,0.0,-999.0,-10.57
115126,PILLONES,2011,7,1.4,-999.0,-10.14
115126,PILLONES,2011,8,0.0,-999.0,-9.92
115126,PILLONES,2011,9,0.0,-999.0,-8.72
115126,PILLONES,2011,10,0.9,-999.0,-9.2
115126,PILLONES,2011,11,16.5,-999.0,-5.99
115126,PILLONES,2011,12,149.9,-999.0,-3.76
115126,PILLONES,2012,1,123.9,-999.0,-1.07
115126,PILLONES,2012,2,132.5,-999.0,-0.2
115126,PILLONES,2012,3,107.3,-999.0,-2.19
115126,PILLONES,2012,4,51.9,-999.0,-0.89
115126,PILLONES,2012,5,3.2,-999.0,-7.5
115126,PILLONES,2012,6,0.0,-999.0,-11.67
115126,PILLONES,2012,7,0.0,-999.0,-10.26
115126,PILLONES,2012,8,0.0,-999.0,-11.9
115126,PILLONES,2012,9,7.1,-999.0,-8.08
115126,PILLONES,2012,10,31.1,13.19,-8.37
115126,PILLONES,2012,11,1.4,14.38,-6.15
115126,PILLONES,2012,12,150.0,12.33,0.25
115126,PILLONES,2013,1,140.9,12.28,-0.45
115126,PILLONES,2013,2,130.9,12.56,0.35
115126,PILLONES,2013,3,76.6,12.33,-1.75
115126,PILLONES,2013,4,0.0,13.14,-6.89
115126,PILLONES,2013,5,7.3,12.28,-6.38
115126,PILLONES,2013,6,25.5,9.58,-8.61
115126,PILLONES,2013,7,7.8,10.72,-7.62
115126,PILLONES,2013,8,10.6,11.77,-9.81
115126,PILLONES,2013,9,0.0,13.27,-10.31
115126,PILLONES,2013,10,21.5,14.05,-6.71
115126,PILLONES,2013,11,6.0,16.09,-5.42
115126,PILLONES,2013,12,71.0,13.72,-0.82
115126,PILLONES,2014,1,150.4,12.71,-0.52
115126,PILLONES,2014,2,20.9,13.89,-3.33
115126,PILLONES,2014,3,33.3,13.2,-1.75
115126,PILLONES,2014,4,20.8,12.91,-2.36
115126,PILLONES,2014,5,0.0,12.15,-8.95
115126,PILLONES,2014,6,0.0,12.64,-10.81
115126,PILLONES,2014,7,0.0,11.16,-10.79
115126,PILLONES,2014,8,0.3,11.63,-8.89
115126,PILLONES,2014,9,10.8,11.76,-6.13
115126,PILLONES,2014,10,12.7,13.99,-5.1
115126,PILLONES,2014,11,1.7,14.66,-6.94
115126,PILLONES,2014,12,6.7,14.97,-4.92
115126,PILLONES,2015,1,109.5,11.88,-2.1
115126,PILLONES,2015,2,161.2,11.89,0.65
115126,PILLONES,2015,3,101.4,11.4,0.47
115126,PILLONES,2015,4,-999.0,10.96,-0.51
115126,PILLONES,2015,5,0.0,11.1,-6.67
115126,PILLONES,2015,6,0.0,12.85,-9.1
115126,PILLONES,2015,7,11.6,11.15,-10.19
115126,PILLONES,2015,8,7.4,12.83,-8.9
115126,PILLONES,2015,9,2.7,13.21,-7.85
115126,PILLONES,2015,10,8.6,14.17,-5.6
115126,PILLONES,2015,11,15.0,15.26,-4.72
115126,PILLONES,2015,12,2.4,15.12,-3.64
115126,PILLONES,2016,1,28.0,15.45,-2.45
115126,PILLONES,2016,2,166.1,13.66,0.43
115126,PILLONES,2016,3,31.4,14.89,-1.46
115126,PILLONES,2016,4,43.5,12.81,-2.07
115126,PILLONES,2016,5,0.5,12.7,-8.64
115126,PILLONES,2016,6,7.6,12.09,-10.42
115126,PILLONES,2016,7,4.8,12.05,-8.46
115126,PILLONES,2016,8,0.0,12.85,-9.57
115126,PILLONES,2016,9,0.0,14.61,-8.7
115126,PILLONES,2016,10,1.0,14.18,-6.31
115126,PILLONES,2016,11,0.0,14.5,-7.71
115126,PILLONES,2016,12,34.6,14.46,-3.35
115126,PILLONES,2017,1,140.5,11.57,1.15
115126,PILLONES,2017,2,77.8,13.19,0.13
115126,PILLONES,2017,3,87.0,11.6,0.15
115126,PILLONES,2017,4,21.2,12.43,-2.44
115126,PILLONES,2017,5,9.9,11.55,-4.89
115126,PILLONES,2017,6,0.0,12.13,-8.77
115126,PILLONES,2017,7,0.3,12.88,-9.96
115126,PILLONES,2017,8,0.0,13.19,-10.75
115126,PILLONES,2017,9,9.1,13.25,-6.15
115126,PILLONES,2017,10,0.5,14.36,-7.34
115126,PILLONES,2017,11,33.5,15.34,-4.53
115126,PILLONES,2017,12,71.7,14.01,-2.05
115126,PILLONES,2018,1,119.4,12.05,-0.59
115126,PILLONES,2018,2,67.8,11.99,0.32
115126,PILLONES,2018,3,90.3,11.7,-0.33
115126,PILLONES,2018,4,38.8,13.47,-4.03
115126,PILLONES,2018,5,0.0,12.06,-8.19
115126,PILLONES,2018,6,11.9,10.52,-7.33
115126,PILLONES,2018,7,16.7,9.76,-7.48
115126,PILLONES,2018,8,0.0,11.43,-9.29
115126,PILLONES,2018,9,1.2,13.58,-10.44
115126,PILLONES,2018,10,0.9,14.45,-5.52
115126,PILLONES,2018,11,0.0,15.7,-5.87
115126,PILLONES,2018,12,20.7,14.89,-4.05
115126,PILLONES,2019,1,124.7,13.35,-0.5
115126,PILLONES,2019,2,145.7,11.9,0.9
115126,PILLONES,2019,3,76.4,12.66,-0.27
115126,PILLONES,2019,4,32.6,12.97,-1.85
115126,PILLONES,2019,5,0.5,13.09,-6.99
115126,PILLONES,2019,6,0.0,12.44,-9.3
115126,PILLONES,2019,7,0.6,11.94,-9.83
115126,PILLONES,2019,8,0.0,13.68,-10.01
115126,PILLONES,2019,9,-999.0,-999.0,-999.0
115126,PILLONES,2019,10,-999.0,-999.0,-999.0
115126,PILLONES,2019,11,-999.0,-999.0,-999.0
115126,PILLONES,2019,12,20.7,14.89,-3.26
115126,PILLONES,2020,1,123.3,12.23,0.5
115126,PILLONES,2020,2,-999.0,-999.0,-999.0
115126,PILLONES,2020,3,-999.0,-999.0,-999.0
115126,PILLONES,2020,4,-999.0,-999.0,-999.0
115126,PILLONES,2020,5,-999.0,-999.0,-999.0
115126,PILLONES,2020,6,-999.0,-999.0,-999.0
115126,PILLONES,2020,7,-999.0,-999.0,-999.0
115126,PILLONES,2020,8,0.0,12.97,-9.47
115126,PILLONES,2020,9,0.0,13.88,-6.5
115126,PILLONES,2020,10,-999.0,-999.0,-999.0
115126,PILLONES,2020,11,4.5,15.45,-6.48
115126,PILLONES,2020,12,111.1,13.53,-2.84
115126,PILLONES,2021,1,77.8,11.02,0.1
115126,PILLONES,2021,2,60.6,11.99,-0.96
115126,PILLONES,2021,3,96.3,11.23,0.09
115126,PILLONES,2021,4,44.3,11.79,-3.5
115126,PILLONES,2021,5,-999.0,-999.0,-999.0
115126,PILLONES,2021,6,0.0,11.11,-9.74
115126,PILLONES,2021,7,0.0,12.14,-10.21
115126,PILLONES,2021,8,2.4,12.58,-9.88
115126,PILLONES,2021,9,3.7,14.05,-6.22
115126,PILLONES,2021,10,-999.0,-999.0,-5.91
115126,PILLONES,2021,11,38.9,13.93,-5.12
115126,PILLONES,2021,12,46.6,12.32,-0.68
115126,PILLONES,2022,1,113.3,11.68,-0.2
115126,PILLONES,2022,2,54.4,11.92,-0.56
115126,PILLONES,2022,3,71.3,12.09,-0.25
115126,PILLONES,2022,4,7.9,13.49,-5.71
115126,PILLONES,2022,5,0.0,13.04,-10.44
115126,PILLONES,2022,6,0.0,11.55,-11.96
115126,PILLONES,2022,7,0.0,13.12,-9.87
115126,PILLONES,2022,8,0.0,12.55,-10.5
115126,PILLONES,2022,9,0.0,13.64,-10.94
115126,PILLONES,2022,10,0.0,14.3,-10.64
115126,PILLONES,2022,11,17.5,14.87,-6.96
115126,PILLONES,2022,12,79.6,13.39,-1.86
115126,PILLONES,2023,1,66.3,13.26,-1.72
115126,PILLONES,2023,2,107.6,12.41,0.44
115126,PILLONES,2023,3,104.8,12.43,-0.28
115126,PILLONES,2023,4,13.4,12.83,-4.22
115126,PILLONES,2023,5,-999.0,-999.0,-999.0
115126,PILLONES,2023,6,0.0,12.55,-11.35
115126,PILLONES,2023,7,0.0,13.46,-10.38
115126,PILLONES,2023,8,0.4,13.52,-10.48
115126,PILLONES,2023,9,0.0,15.13,-8.54
115126,PILLONES,2023,10,19.6,15.32,-3.18
115126,PILLONES,2023,11,14.6,15.45,-2.73
115126,PILLONES,2023,12,65.7,15.39,-0.14
115126,PILLONES,2024,1,100.3,14.18,1.55
115126,PILLONES,2024,2,108.0,12.57,1.3
115126,PILLONES,2024,3,121.7,12.9,1.55
115126,PILLONES,2024,4,33.3,14.67,-1.5
115126,PILLONES,2024,5,5.8,13.92,-5.37
115126,PILLONES,2024,6,0.3,12.88,-8.47
115126,PILLONES,2024,7,0.0,12.95,-10.16
115126,PILLONES,2024,8,0.0,13.5,-10.27
115126,PILLONES,2024,9,0.0,15.6,-6.24
115126,PILLONES,2024,10,11.5,15.75,-6.14
115126,PILLONES,2024,11,49.6,15.14,-3.43
115126,PILLONES,2024,12,14.0,15.33,-1.48
115126,PILLONES,2025,1,-999.0,12.17,-0.13
115126,PILLONES,2025,2,-999.0,12.08,1.05
115126,PILLONES,2025,3,87.9,11.77,0.88
115126,PILLONES,2025,4,26.4,12.62,-2.48
115126,PILLONES,2025,5,5.2,13.01,-5.01
115126,PILLONES,2025,6,0.0,11.27,-9.4
115126,PILLONES,2025,7,0.9,12.58,-9.13
115126,PILLONES,2025,8,0.0,12.77,-10.29
115126,PILLONES,2025,9,5.7,14.05,-6.11
115126,PILLONES,2025,10,7.5,14.4,-5.01
115126,PILLONES,2025,11,0.0,15.25,-6.55
115126,PILLONES,2025,12,15.2,14.7,-4.44
