CODIGO,ESTACION,YEAR,MONTH,PP,TMAX,TMIN
116022,EL FRAYLE,1990,1,63.4,13.96,-0.16
116022,EL FRAYLE,1990,2,11.4,14.15,-2.26
116022,EL FRAYLE,1990,3,43.2,14.97,-1.23
116022,EL FRAYLE,1990,4,9.6,14.23,-4.14
116022,EL FRAYLE,1990,5,6.5,13.11,-6.75
116022,EL FRAYLE,1990,6,93.0,10.31,-5.49
116022,EL FRAYLE,1990,7,0.0,11.14,-11.18
116022,EL FRAYLE,1990,8,1.0,12.87,-8.98
116022,EL FRAYLE,1990,9,0.0,13.82,-9.7
116022,EL FRAYLE,1990,10,27.1,14.68,-4.66
116022,EL FRAYLE,1990,11,57.0,15.2,-1.34
116022,EL FRAYLE,1990,12,45.6,13.98,0.55
116022,EL FRAYLE,1991,1,73.2,13.45,0.41
116022,EL FRAYLE,1991,2,65.3,14.65,1.16
116022,EL FRAYLE,1991,3,81.8,14.3,1.69
116022,EL FRAYLE,1991,4,6.9,15.12,-1.34
116022,EL FRAYLE,1991,5,0.0,14.85,-5.91
116022,EL FRAYLE,1991,6,20.1,11.39,-8.37
116022,EL FRAYLE,1991,7,0.0,12.63,-9.78
116022,EL FRAYLE,1991,8,0.0,14.0,-8.19
116022,EL FRAYLE,1991,9,0.0,13.85,-6.29
116022,EL FRAYLE,1991,10,3.0,15.12,-6.06
116022,EL FRAYLE,1991,11,9.9,14.14,-3.88
116022,EL FRAYLE,1991,12,29.8,14.29,-3.03
116022,EL FRAYLE,1992,1,49.6,14.22,-0.41
116022,EL FRAYLE,1992,2,9.1,15.04,-2.52
116022,EL FRAYLE,1992,3,1.3,15.37,-4.02
116022,EL FRAYLE,1992,4,0.0,14.68,-6.08
116022,EL FRAYLE,1992,5,0.0,14.36,-9.3
116022,EL FRAYLE,1992,6,0.0,12.09,-9.18
116022,EL FRAYLE,1992,7,0.0,11.76,-11.03
116022,EL FRAYLE,1992,8,0.0,11.17,-9.74
116022,EL FRAYLE,1992,9,0.0,12.67,-10.82
116022,EL FRAYLE,1992,10,2.6,14.41,-6.53
116022,EL FRAYLE,1992,11,11.9,13.97,-6.32
116022,EL FRAYLE,1992,12,36.7,14.45,-999.0
116022,EL FRAYLE,1993,1,116.6,12.68,0.58
116022,EL FRAYLE,1993,2,41.2,13.73,-1.0
116022,EL FRAYLE,1993,3,54.6,13.61,1.07
116022,EL FRAYLE,1993,4,11.0,14.84,-1.31
116022,EL FRAYLE,1993,5,0.0,13.12,-5.91
116022,EL FRAYLE,1993,6,0.0,14.35,-8.87
116022,EL FRAYLE,1993,7,0.0,12.13,-9.97
116022,EL FRAYLE,1993,8,0.6,13.75,-7.48
116022,EL FRAYLE,1993,9,2.4,13.8,-6.9
116022,EL FRAYLE,1993,10,8.7,15.18,-3.78
116022,EL FRAYLE,1993,11,5.5,15.74,-1.68
116022,EL FRAYLE,1993,12,52.1,14.95,0.88
116022,EL FRAYLE,1994,1,173.8,13.01,1.28
116022,EL FRAYLE,1994,2,115.4,13.22,2.06
116022,EL FRAYLE,1994,3,38.1,13.82,1.09
116022,EL FRAYLE,1994,4,29.5,14.72,0.17
116022,EL FRAYLE,1994,5,0.0,14.46,-5.16
116022,EL FRAYLE,1994,6,0.0,13.0,-7.5
116022,EL FRAYLE,1994,7,0.0,13.1,-8.62
116022,EL FRAYLE,1994,8,0.0,14.55,-7.25
116022,EL FRAYLE,1994,9,0.0,14.95,-5.14
116022,EL FRAYLE,1994,10,0.0,15.4,-6.37
116022,EL FRAYLE,1994,11,20.9,15.4,-2.98
116022,EL FRAYLE,1994,12,37.0,15.3,-0.57
116022,EL FRAYLE,1995,1,45.9,14.76,0.56
116022,EL FRAYLE,1995,2,16.5,14.25,-0.67
116022,EL FRAYLE,1995,3,124.1,13.68,1.09
116022,EL FRAYLE,1995,4,5.7,15.79,-3.14
116022,EL FRAYLE,1995,5,5.5,14.53,-6.28
116022,EL FRAYLE,1995,6,0.0,13.14,-9.39
116022,EL FRAYLE,1995,7,0.0,12.9,-9.71
116022,EL FRAYLE,1995,8,0.0,15.23,-8.03
116022,EL FRAYLE,1995,9,3.0,15.08,-5.49
116022,EL FRAYLE,1995,10,0.0,15.61,-6.31
116022,EL FRAYLE,1995,11,12.7,14.9,-3.49
116022,EL FRAYLE,1995,12,26.6,13.79,-3.05
116022,EL FRAYLE,1996,1,37.4,13.37,-0.44
116022,EL FRAYLE,1996,2,90.5,13.34,1.71
116022,EL FRAYLE,1996,3,57.4,14.64,-0.22
116022,EL FRAYLE,1996,4,23.6,15.01,-0.36
116022,EL FRAYLE,1996,5,11.0,13.52,-4.86
116022,EL FRAYLE,1996,6,0.0,12.26,-9.26
116022,EL FRAYLE,1996,7,0.0,12.58,-9.76
116022,EL FRAYLE,1996,8,1.1,13.1,-7.17
116022,EL FRAYLE,1996,9,0.0,14.28,-6.96
116022,EL FRAYLE,1996,10,0.0,15.17,-5.85
116022,EL FRAYLE,1996,11,9.3,14.74,-3.79
116022,EL FRAYLE,1996,12,29.5,14.11,-0.31
116022,EL FRAYLE,1997,1,69.0,12.28,1.99
116022,EL FRAYLE,1997,2,160.0,12.39,1.36
116022,EL FRAYLE,1997,3,51.1,13.18,0.3
116022,EL FRAYLE,1997,4,5.1,12.97,-2.01
116022,EL FRAYLE,1997,5,0.4,12.38,-5.95
116022,EL FRAYLE,1997,6,0.0,11.29,-9.91
116022,EL FRAYLE,1997,7,0.0,13.85,-8.37
116022,EL FRAYLE,1997,8,16.1,11.49,-5.36
116022,EL FRAYLE,1997,9,30.7,13.46,-2.36
116022,EL FRAYLE,1997,10,5.2,15.53,-4.69
116022,EL FRAYLE,1997,11,9.8,15.72,-1.85
116022,EL FRAYLE,1997,12,0.0,15.88,-0.12
116022,EL FRAYLE,1998,1,116.8,15.66,3.68
116022,EL FRAYLE,1998,2,67.8,15.75,3.38
116022,EL FRAYLE,1998,3,19.6,17.33,2.19
116022,EL FRAYLE,1998,4,1.0,15.97,-1.83
116022,EL FRAYLE,1998,5,0.0,14.28,-6.73
116022,EL FRAYLE,1998,6,1.5,13.07,-6.25
116022,EL FRAYLE,1998,7,0.0,13.48,-8.13
116022,EL FRAYLE,1998,8,0.0,13.64,-8.01
116022,EL FRAYLE,1998,9,0.0,14.38,-7.36
116022,EL FRAYLE,1998,10,0.0,15.33,-4.75
116022,EL FRAYLE,1998,11,23.9,14.75,-3.37
116022,EL FRAYLE,1998,12,30.5,15.07,-1.79
116022,EL FRAYLE,1999,1,28.3,14.41,-0.39
116022,EL FRAYLE,1999,2,210.2,12.18,2.51
116022,EL FRAYLE,1999,3,128.3,11.81,2.31
116022,EL FRAYLE,1999,4,25.1,13.65,0.8
116022,EL FRAYLE,1999,5,0.0,13.73,-4.73
116022,EL FRAYLE,1999,6,0.0,12.0,-8.43
116022,EL FRAYLE,1999,7,0.0,11.87,-7.43
116022,EL FRAYLE,1999,8,0.0,13.34,-6.74
116022,EL FRAYLE,1999,9,6.8,13.91,-6.14
116022,EL FRAYLE,1999,10,12.6,14.55,-1.52
116022,EL FRAYLE,1999,11,0.0,14.64,-5.68
116022,EL FRAYLE,1999,12,27.7,14.54,-1.84
116022,EL FRAYLE,2000,1,128.6,12.44,2.35
116022,EL FRAYLE,2000,2,93.1,11.84,2.35
116022,EL FRAYLE,2000,3,77.5,13.43,1.89
116022,EL FRAYLE,2000,4,5.2,15.24,-0.53
116022,EL FRAYLE,2000,5,2.4,14.48,-4.31
116022,EL FRAYLE,2000,6,0.0,11.34,-7.71
116022,EL FRAYLE,2000,7,0.0,10.78,-9.07
116022,EL FRAYLE,2000,8,0.0,12.49,-6.26
116022,EL FRAYLE,2000,9,0.0,13.85,-6.71
116022,EL FRAYLE,2000,10,5.3,14.82,-3.26
116022,EL FRAYLE,2000,11,0.2,14.94,-6.08
116022,EL FRAYLE,2000,12,47.7,14.03,-0.35
116022,EL FRAYLE,2001,1,81.5,11.39,2.02
116022,EL FRAYLE,2001,2,68.1,12.74,2.63
116022,EL FRAYLE,2001,3,80.9,12.72,2.41
116022,EL FRAYLE,2001,4,43.7,13.75,0.42
116022,EL FRAYLE,2001,5,0.0,12.82,-4.33
116022,EL FRAYLE,2001,6,0.5,13.1,-6.53
116022,EL FRAYLE,2001,7,0.0,12.5,-8.72
116022,EL FRAYLE,2001,8,2.5,13.38,-6.94
116022,EL FRAYLE,2001,9,1.0,14.35,-6.3
116022,EL FRAYLE,2001,10,10.8,15.58,-4.98
116022,EL FRAYLE,2001,11,0.0,16.23,-4.77
116022,EL FRAYLE,2001,12,2.1,15.22,-999.0
116022,EL FRAYLE,2002,1,56.3,14.81,-999.0
116022,EL FRAYLE,2002,2,116.5,12.86,-999.0
116022,EL FRAYLE,2002,3,90.9,13.78,-999.0
116022,EL FRAYLE,2002,4,64.3,13.32,-999.0
116022,EL FRAYLE,2002,5,3.2,13.54,-999.0
116022,EL FRAYLE,2002,6,2.6,13.18,-999.0
116022,EL FRAYLE,2002,7,30.1,9.87,-999.0
116022,EL FRAYLE,2002,8,0.0,12.92,-999.0
116022,EL FRAYLE,2002,9,0.0,14.4,-999.0
116022,EL FRAYLE,2002,10,2.9,15.07,-999.0
116022,EL FRAYLE,2002,11,21.3,15.51,-999.0
116022,EL FRAYLE,2002,12,31.1,15.72,-999.0
116022,EL FRAYLE,2003,1,24.0,14.58,-999.0
116022,EL FRAYLE,2003,2,65.5,14.52,-999.0
116022,EL FRAYLE,2003,3,51.3,14.91,-999.0
116022,EL FRAYLE,2003,4,16.3,14.73,-999.0
116022,EL FRAYLE,2003,5,7.0,13.74,-999.0
116022,EL FRAYLE,2003,6,0.0,14.03,-999.0
116022,EL FRAYLE,2003,7,0.9,12.74,-999.0
116022,EL FRAYLE,2003,8,2.5,12.91,-8.0
116022,EL FRAYLE,2003,9,0.2,13.6,-7.45
116022,EL FRAYLE,2003,10,0.0,15.7,-5.49
116022,EL FRAYLE,2003,11,4.1,15.62,-4.87
116022,EL FRAYLE,2003,12,19.1,15.7,-1.8
116022,EL FRAYLE,2004,1,75.7,13.74,1.2
116022,EL FRAYLE,2004,2,76.2,15.03,1.05
116022,EL FRAYLE,2004,3,67.2,15.65,1.38
116022,EL FRAYLE,2004,4,30.9,15.2,-0.83
116022,EL FRAYLE,2004,5,0.0,12.71,-8.71
116022,EL FRAYLE,2004,6,0.0,12.4,-9.11
116022,EL FRAYLE,2004,7,11.9,11.76,-8.04
116022,EL FRAYLE,2004,8,2.2,13.12,-6.01
116022,EL FRAYLE,2004,9,0.2,15.13,-6.04
116022,EL FRAYLE,2004,10,0.0,15.57,-5.67
116022,EL FRAYLE,2004,11,0.0,16.2,-4.68
116022,EL FRAYLE,2004,12,6.5,16.29,-1.96
116022,EL FRAYLE,2005,1,65.9,14.93,0.24
116022,EL FRAYLE,2005,2,76.0,13.98,2.17
116022,EL FRAYLE,2005,3,26.1,15.54,1.4
116022,EL FRAYLE,2005,4,41.7,15.11,-1.4
116022,EL FRAYLE,2005,5,0.0,14.22,-7.57
116022,EL FRAYLE,2005,6,0.0,13.22,-11.3
116022,EL FRAYLE,2005,7,0.0,13.32,-9.63
116022,EL FRAYLE,2005,8,0.0,14.4,-10.58
116022,EL FRAYLE,2005,9,15.9,12.57,-6.88
116022,EL FRAYLE,2005,10,0.0,14.94,-5.87
116022,EL FRAYLE,2005,11,2.7,15.86,-4.55
116022,EL FRAYLE,2005,12,54.0,14.96,-0.31
116022,EL FRAYLE,2006,1,129.5,12.74,1.0
116022,EL FRAYLE,2006,2,81.9,14.43,2.07
116022,EL FRAYLE,2006,3,100.6,14.17,2.6
116022,EL FRAYLE,2006,4,3.7,15.25,-0.58
116022,EL FRAYLE,2006,5,0.4,13.64,-7.32
116022,EL FRAYLE,2006,6,0.0,13.16,-8.33
116022,EL FRAYLE,2006,7,0.0,13.55,-9.06
116022,EL FRAYLE,2006,8,0.0,13.8,-6.95
116022,EL FRAYLE,2006,9,1.2,14.3,-7.37
116022,EL FRAYLE,2006,10,12.7,15.56,-4.87
116022,EL FRAYLE,2006,11,15.8,16.13,-1.12
116022,EL FRAYLE,2006,12,15.1,15.96,-1.51
116022,EL FRAYLE,2007,1,102.4,15.2,1.4
116022,EL FRAYLE,2007,2,61.8,14.44,1.36
116022,EL FRAYLE,2007,3,71.8,13.76,2.1
116022,EL FRAYLE,2007,4,3.1,15.54,-0.7
116022,EL FRAYLE,2007,5,1.3,13.4,-5.03
116022,EL FRAYLE,2007,6,0.0,14.71,-6.84
116022,EL FRAYLE,2007,7,0.0,12.38,-9.0
116022,EL FRAYLE,2007,8,0.0,13.72,-7.69
116022,EL FRAYLE,2007,9,0.0,14.84,-3.87
116022,EL FRAYLE,2007,10,0.9,15.52,-4.62
116022,EL FRAYLE,2007,11,17.6,15.05,-5.17
116022,EL FRAYLE,2007,12,37.5,14.8,-1.79
116022,EL FRAYLE,2008,1,135.1,12.89,2.15
116022,EL FRAYLE,2008,2,80.6,13.87,0.91
116022,EL FRAYLE,2008,3,69.7,14.36,0.16
116022,EL FRAYLE,2008,4,0.0,14.3,-4.5
116022,EL FRAYLE,2008,5,0.0,13.15,-8.71
116022,EL FRAYLE,2008,6,0.8,13.39,-9.03
116022,EL FRAYLE,2008,7,0.0,13.67,-10.01
116022,EL FRAYLE,2008,8,1.4,13.79,-9.85
116022,EL FRAYLE,2008,9,0.0,14.92,-8.84
116022,EL FRAYLE,2008,10,0.4,15.79,-4.44
116022,EL FRAYLE,2008,11,0.0,16.81,-4.36
116022,EL FRAYLE,2008,12,47.6,14.61,-0.42
116022,EL FRAYLE,2009,1,87.3,14.65,0.36
116022,EL FRAYLE,2009,2,107.1,13.82,1.28
116022,EL FRAYLE,2009,3,47.0,14.74,-0.01
116022,EL FRAYLE,2009,4,50.1,14.76,-1.86
116022,EL FRAYLE,2009,5,1.4,13.88,-6.2
116022,EL FRAYLE,2009,6,0.0,13.24,-10.64
116022,EL FRAYLE,2009,7,19.1,11.51,-8.22
116022,EL FRAYLE,2009,8,0.0,13.9,-9.52
116022,EL FRAYLE,2009,9,0.3,14.91,-6.07
116022,EL FRAYLE,2009,10,0.0,16.63,-4.85
116022,EL FRAYLE,2009,11,14.8,15.68,-0.9
116022,EL FRAYLE,2009,12,8.7,15.78,-1.19
116022,EL FRAYLE,2010,1,-999.0,15.65,1.89
116022,EL FRAYLE,2010,2,-999.0,15.25,2.81
116022,EL FRAYLE,2010,3,-999.0,16.64,1.47
116022,EL FRAYLE,2010,4,-999.0,16.19,-0.81
116022,EL FRAYLE,2010,5,-999.0,14.03,-4.89
116022,EL FRAYLE,2010,6,-999.0,14.93,-6.54
116022,EL FRAYLE,2010,7,-999.0,13.12,-10.49
116022,EL FRAYLE,2010,8,-999.0,15.25,-7.96
116022,EL FRAYLE,2010,9,-999.0,15.79,-6.33
116022,EL FRAYLE,2010,10,-999.0,15.23,-5.52
116022,EL FRAYLE,2010,11,-999.0,15.5,-6.27
116022,EL FRAYLE,2010,12,-999.0,14.23,-0.08
116022,EL FRAYLE,2011,1,-999.0,14.26,0.74
116022,EL FRAYLE,2011,2,-999.0,12.07,1.96
116022,EL FRAYLE,2011,3,-999.0,13.82,0.63
116022,EL FRAYLE,2011,4,-999.0,14.72,-0.53
116022,EL FRAYLE,2011,5,-999.0,14.31,-4.42
116022,EL FRAYLE,2011,6,-999.0,13.12,-7.46
116022,EL FRAYLE,2011,7,-999.0,12.56,-8.36
116022,EL FRAYLE,2011,8,-999.0,14.14,-7.22
116022,EL FRAYLE,2011,9,-999.0,15.04,-5.92
116022,EL FRAYLE,2011,10,-999.0,15.03,-6.23
116022,EL FRAYLE,2011,11,-999.0,16.86,-3.37
116022,EL FRAYLE,2011,12,-999.0,14.95,-0.83
116022,EL FRAYLE,2012,1,-999.0,13.06,1.06
116022,EL FRAYLE,2012,2,-999.0,12.42,1.67
116022,EL FRAYLE,2012,3,-999.0,14.17,1.41
116022,EL FRAYLE,2012,4,-999.0,13.14,0.66
116022,EL FRAYLE,2012,5,-999.0,14.19,-5.69
116022,EL FRAYLE,2012,6,-999.0,12.82,-8.04
116022,EL FRAYLE,2012,7,-999.0,13.75,-8.49
116022,EL FRAYLE,2012,8,-999.0,15.14,-8.1
116022,EL FRAYLE,2012,9,-999.0,15.89,-4.82
116022,EL FRAYLE,2012,10,-999.0,15.95,-3.85
116022,EL FRAYLE,2012,11,-999.0,16.49,-999.0
116022,EL FRAYLE,2012,12,-999.0,13.9,1.33
116022,EL FRAYLE,2013,1,-999.0,14.35,1.35
116022,EL FRAYLE,2013,2,100.4,14.29,2.35
116022,EL FRAYLE,2013,3,-999.0,14.85,0.86
116022,EL FRAYLE,2013,4,0.0,16.04,-4.18
116022,EL FRAYLE,2013,5,6.6,14.08,-3.99
116022,EL FRAYLE,2013,6,20.7,11.73,-5.7
116022,EL FRAYLE,2013,7,-999.0,13.38,-5.45
116022,EL FRAYLE,2013,8,-999.0,-999.0,-999.0
116022,EL FRAYLE,2013,9,-999.0,-999.0,-999.0
116022,EL FRAYLE,2013,10,-999.0,-999.0,-999.0
116022,EL FRAYLE,2013,11,-999.0,-999.0,-999.0
116022,EL FRAYLE,2013,12,-999.0,-999.0,-999.0
116022,EL FRAYLE,2014,1,-999.0,-999.0,-999.0
116022,EL FRAYLE,2014,2,-999.0,-999.0,-999.0
116022,EL FRAYLE,2014,3,-999.0,-999.0,-999.0
116022,EL FRAYLE,2014,4,-999.0,15.51,-0.76
116022,EL FRAYLE,2014,5,-999.0,14.13,-6.73
116022,EL FRAYLE,2014,6,-999.0,-999.0,-999.0
116022,EL FRAYLE,2014,7,-999.0,-999.0,-999.0
116022,EL FRAYLE,2014,8,-999.0,-999.0,-999.0
116022,EL FRAYLE,2014,9,-999.0,-999.0,-999.0
116022,EL FRAYLE,2014,10,-999.0,-999.0,-999.0
116022,EL FRAYLE,2014,11,-999.0,-999.0,-999.0
116022,EL FRAYLE,2014,12,-999.0,16.44,-2.05
116022,EL FRAYLE,2015,1,-999.0,14.75,0.01
116022,EL FRAYLE,2015,2,-999.0,14.51,2.21
116022,EL FRAYLE,2015,3,-999.0,14.48,1.81
116022,EL FRAYLE,2015,4,-999.0,14.36,1.06
116022,EL FRAYLE,2015,5,-999.0,13.91,-5.4
116022,EL FRAYLE,2015,6,-999.0,15.53,-7.69
116022,EL FRAYLE,2015,7,-999.0,14.39,-7.84
116022,EL FRAYLE,2015,8,-999.0,14.39,-7.84
116022,EL FRAYLE,2015,9,-999.0,14.67,-3.63
116022,EL FRAYLE,2015,10,-999.0,15.85,-3.17
116022,EL FRAYLE,2015,11,-999.0,17.0,-2.67
116022,EL FRAYLE,2015,12,-999.0,16.91,-0.93
116022,EL FRAYLE,2016,1,-999.0,17.12,-0.12
116022,EL FRAYLE,2016,2,-999.0,15.63,3.23
116022,EL FRAYLE,2016,3,-999.0,17.53,1.35
116022,EL FRAYLE,2016,4,-999.0,15.23,0.51
116022,EL FRAYLE,2016,5,-999.0,14.65,-5.45
116022,EL FRAYLE,2016,6,-999.0,13.24,-7.58
116022,EL FRAYLE,2016,7,-999.0,14.33,-5.69
116022,EL FRAYLE,2016,8,-999.0,14.93,-6.9
116022,EL FRAYLE,2016,9,-999.0,16.18,-5.83
116022,EL FRAYLE,2016,10,-999.0,15.78,-4.01
116022,EL FRAYLE,2016,11,-999.0,15.4,-4.99
116022,EL FRAYLE,2016,12,-999.0,16.17,-0.59
116022,EL FRAYLE,2017,1,-999.0,13.66,3.21
116022,EL FRAYLE,2017,2,-999.0,14.9,1.65
116022,EL FRAYLE,2017,3,-999.0,14.02,2.92
116022,EL FRAYLE,2017,4,-999.0,15.1,-0.18
116022,EL FRAYLE,2017,5,-999.0,13.83,-2.87
116022,EL FRAYLE,2017,6,-999.0,14.19,-6.44
116022,EL FRAYLE,2017,7,-999.0,15.05,-7.42
116022,EL FRAYLE,2017,8,-999.0,14.51,-8.09
116022,EL FRAYLE,2017,9,-999.0,15.09,-3.37
116022,EL FRAYLE,2017,10,-999.0,16.24,-4.86
116022,EL FRAYLE,2017,11,-999.0,16.22,-2.09
116022,EL FRAYLE,2017,12,-999.0,15.38,-0.47
116022,EL FRAYLE,2018,1,-999.0,13.7,1.6
116022,EL FRAYLE,2018,2,-999.0,14.46,3.06
116022,EL FRAYLE,2018,3,-999.0,14.27,2.11
116022,EL FRAYLE,2018,4,-999.0,16.01,-1.03
116022,EL FRAYLE,2018,5,-999.0,14.43,-5.32
116022,EL FRAYLE,2018,6,-999.0,12.14,-4.8
116022,EL FRAYLE,2018,7,-999.0,12.8,-4.63
116022,EL FRAYLE,2018,8,-999.0,13.4,-6.55
116022,EL FRAYLE,2018,9,-999.0,15.34,-6.69
116022,EL FRAYLE,2018,10,-999.0,16.33,-2.72
116022,EL FRAYLE,2018,11,-999.0,16.52,-2.7
116022,EL FRAYLE,2018,12,-999.0,16.29,-1.21
116022,EL FRAYLE,2019,1,-999.0,15.14,2.29
116022,EL FRAYLE,2019,2,-999.0,14.23,2.76
116022,EL FRAYLE,2019,3,-999.0,15.92,2.16
116022,EL FRAYLE,2019,4,-999.0,15.17,0.13
116022,EL FRAYLE,2019,5,-999.0,14.39,-4.49
116022,EL FRAYLE,2019,6,-999.0,14.83,-6.03
116022,EL FRAYLE,2019,7,-999.0,14.11,-6.76
116022,EL FRAYLE,2019,8,-999.0,16.15,-6.64
116022,EL FRAYLE,2019,9,-999.0,15.99,-3.17
116022,EL FRAYLE,2019,10,5.0,16.3,-3.79
116022,EL FRAYLE,2019,11,11.6,16.79,-0.15
116022,EL FRAYLE,2019,12,9.5,16.43,-0.32
116022,EL FRAYLE,2020,1,98.3,14.74,2.71
116022,EL FRAYLE,2020,2,-999.0,14.23,3.83
116022,EL FRAYLE,2020,3,101.2,14.7,3.01
116022,EL FRAYLE,2020,4,5.9,15.35,-0.34
116022,EL FRAYLE,2020,5,0.5,14.81,-3.96
116022,EL FRAYLE,2020,6,0.0,14.44,-6.69
116022,EL FRAYLE,2020,7,0.0,14.12,-8.77
116022,EL FRAYLE,2020,8,0.0,15.35,-6.13
116022,EL FRAYLE,2020,9,0.0,15.84,-3.32
116022,EL FRAYLE,2020,10,11.3,16.25,-1.38
116022,EL FRAYLE,2020,11,0.0,17.04,-2.98
116022,EL FRAYLE,2020,12,85.5,15.21,0.1
116022,EL FRAYLE,2021,1,54.6,13.78,2.3
116022,EL FRAYLE,2021,2,44.3,14.83,1.32
116022,EL FRAYLE,2021,3,99.5,13.71,2.57
116022,EL FRAYLE,2021,4,34.9,14.41,-0.92
116022,EL FRAYLE,2021,5,0.5,13.94,-3.84
116022,EL FRAYLE,2021,6,0.0,12.33,-7.34
116022,EL FRAYLE,2021,7,0.0,14.58,-6.94
116022,EL FRAYLE,2021,8,0.9,14.37,-7.15
116022,EL FRAYLE,2021,9,6.5,15.95,-3.23
116022,EL FRAYLE,2021,10,5.4,16.58,-3.64
116022,EL FRAYLE,2021,11,14.7,15.6,-2.34
116022,EL FRAYLE,2021,12,30.8,15.12,1.55
116022,EL FRAYLE,2022,1,71.4,13.96,1.62
116022,EL FRAYLE,2022,2,71.5,14.78,1.73
116022,EL FRAYLE,2022,3,63.4,14.57,2.47
116022,EL FRAYLE,2022,4,6.8,15.44,-3.3
116022,EL FRAYLE,2022,5,0.0,13.9,-7.02
116022,EL FRAYLE,2022,6,0.0,12.51,-8.59
116022,EL FRAYLE,2022,7,0.0,14.58,-6.94
116022,EL FRAYLE,2022,8,0.0,13.99,-7.48
116022,EL FRAYLE,2022,9,0.0,14.59,-7.94
116022,EL FRAYLE,2022,10,0.0,15.16,-8.02
116022,EL FRAYLE,2022,11,-999.0,15.73,-5.03
116022,EL FRAYLE,2022,12,-999.0,14.3,-0.58
116022,EL FRAYLE,2023,1,-999.0,15.07,0.9
116022,EL FRAYLE,2023,2,-999.0,14.48,2.29
116022,EL FRAYLE,2023,3,-999.0,14.06,2.09
116022,EL FRAYLE,2023,4,-999.0,15.31,-1.78
116022,EL FRAYLE,2023,5,-999.0,13.86,-4.0
116022,EL FRAYLE,2023,6,-999.0,15.14,-8.6
116022,EL FRAYLE,2023,7,-999.0,15.36,-7.95
116022,EL FRAYLE,2023,8,-999.0,15.29,-7.98
116022,EL FRAYLE,2023,9,-999.0,16.25,-6.2
116022,EL FRAYLE,2023,10,-999.0,16.45,-1.13
116022,EL FRAYLE,2023,11,-999.0,16.8,-0.62
116022,EL FRAYLE,2023,12,-999.0,16.62,1.7
116022,EL FRAYLE,2024,1,-999.0,-999.0,-999.0
116022,EL FRAYLE,2024,2,-999.0,15.78,3.22
116022,EL FRAYLE,2024,3,-999.0,15.54,3.72
116022,EL FRAYLE,2024,4,-999.0,17.11,0.35
116022,EL FRAYLE,2024,5,-999.0,15.9,-3.62
116022,EL FRAYLE,2024,6,-999.0,15.18,-5.91
116022,EL FRAYLE,2024,7,-999.0,14.91,-7.45
116022,EL FRAYLE,2024,8,-999.0,14.75,-7.55
116022,EL FRAYLE,2024,9,-999.0,17.31,-4.38
116022,EL FRAYLE,2024,10,-999.0,16.79,-3.75
116022,EL FRAYLE,2024,11,-999.0,16.73,-1.35
116022,EL FRAYLE,2024,12,-999.0,16.24,0.26
116022,EL FRAYLE,2025,1,-999.0,14.41,1.18
116022,EL FRAYLE,2025,2,-999.0,14.34,2.49
116022,EL FRAYLE,2025,3,-999.0,14.83,2.46
116022,EL FRAYLE,2025,4,-999.0,14.46,-1.06
116022,EL FRAYLE,2025,5,-999.0,14.84,-2.85
116022,EL FRAYLE,2025,6,-999.0,12.73,-7.07
116022,EL FRAYLE,2025,7,-999.0,14.96,-6.83
116022,EL FRAYLE,2025,8,-999.0,14.51,-7.74
116022,EL FRAYLE,2025,9,-999.0,15.52,-3.84
116022,EL FRAYLE,2025,10,-999.0,16.01,-3.05
116022,EL FRAYLE,2025,11,-999.0,16.34,-3.56
116022,EL FRAYLE,2025,12,-999.0,15.62,-2.57
