CODIGO,ESTACION,YEAR,MONTH,PP,TMAX,TMIN
116060,DESAGUADERO,1990,1,146.2,13.72,4.75
116060,DESAGUADERO,1990,2,86.0,13.97,2.49
116060,DESAGUADERO,1990,3,87.8,13.83,0.67
116060,DESAGUADERO,1990,4,60.1,14.38,1.55
116060,DESAGUADERO,1990,5,8.6,13.02,-2.01
116060,DESAGUADERO,1990,6,69.1,10.32,-2.41
116060,DESAGUADERO,1990,7,0.0,12.11,-6.46
116060,DESAGUADERO,1990,8,31.8,12.45,-4.15
116060,DESAGUADERO,1990,9,6.8,13.77,-2.79
116060,DESAGUADERO,1990,10,39.5,15.34,2.15
116060,DESAGUADERO,1990,11,125.7,14.88,4.0
116060,DESAGUADERO,1990,12,135.7,14.92,4.19
116060,DESAGUADERO,1991,1,105.9,14.9,3.6
116060,DESAGUADERO,1991,2,72.7,16.15,3.99
116060,DESAGUADERO,1991,3,117.1,14.98,4.5
116060,DESAGUADERO,1991,4,33.7,14.31,1.26
116060,DESAGUADERO,1991,5,8.2,14.09,-4.02
116060,DESAGUADERO,1991,6,38.5,12.29,-6.15
116060,DESAGUADERO,1991,7,2.0,12.45,-6.21
116060,DESAGUADERO,1991,8,0.0,13.05,-5.73
116060,DESAGUADERO,1991,9,0.8,13.37,-3.84
116060,DESAGUADERO,1991,10,21.2,16.04,0.97
116060,DESAGUADERO,1991,11,40.2,15.71,0.41
116060,DESAGUADERO,1991,12,48.1,16.32,1.67
116060,DESAGUADERO,1992,1,179.8,14.5,3.97
116060,DESAGUADERO,1992,2,146.4,15.25,3.13
116060,DESAGUADERO,1992,3,26.2,15.35,1.34
116060,DESAGUADERO,1992,4,62.3,15.0,-1.6
116060,DESAGUADERO,1992,5,1.0,15.3,-5.25
116060,DESAGUADERO,1992,6,3.7,12.91,-5.42
116060,DESAGUADERO,1992,7,4.0,12.28,-7.15
116060,DESAGUADERO,1992,8,24.2,11.3,-5.58
116060,DESAGUADERO,1992,9,0.0,14.43,-3.89
116060,DESAGUADERO,1992,10,25.2,15.43,-1.05
116060,DESAGUADERO,1992,11,31.5,15.4,0.16
116060,DESAGUADERO,1992,12,70.5,16.04,3.33
116060,DESAGUADERO,1993,1,211.2,13.99,4.01
116060,DESAGUADERO,1993,2,80.0,14.94,2.12
116060,DESAGUADERO,1993,3,119.6,14.09,4.06
116060,DESAGUADERO,1993,4,17.6,14.99,1.51
116060,DESAGUADERO,1993,5,7.3,14.43,-4.24
116060,DESAGUADERO,1993,6,2.6,13.58,-8.59
116060,DESAGUADERO,1993,7,0.0,13.29,-8.71
116060,DESAGUADERO,1993,8,49.5,12.57,-5.27
116060,DESAGUADERO,1993,9,26.5,14.76,-2.24
116060,DESAGUADERO,1993,10,60.5,15.31,1.51
116060,DESAGUADERO,1993,11,85.1,16.67,3.4
116060,DESAGUADERO,1993,12,93.1,16.36,5.03
116060,DESAGUADERO,1994,1,123.8,15.54,4.43
116060,DESAGUADERO,1994,2,213.3,14.84,4.45
116060,DESAGUADERO,1994,3,83.8,15.1,3.33
116060,DESAGUADERO,1994,4,25.0,15.59,2.97
116060,DESAGUADERO,1994,5,9.2,-999.0,-3.73
116060,DESAGUADERO,1994,6,2.0,-999.0,-7.87
116060,DESAGUADERO,1994,7,2.3,13.7,-7.4
116060,DESAGUADERO,1994,8,0.0,15.41,-5.55
116060,DESAGUADERO,1994,9,1.7,15.48,-1.91
116060,DESAGUADERO,1994,10,4.1,16.79,-0.67
116060,DESAGUADERO,1994,11,93.1,15.96,2.73
116060,DESAGUADERO,1994,12,122.6,15.77,3.76
116060,DESAGUADERO,1995,1,121.9,15.9,4.15
116060,DESAGUADERO,1995,2,134.4,16.29,3.43
116060,DESAGUADERO,1995,3,119.1,15.08,4.5
116060,DESAGUADERO,1995,4,20.5,15.67,0.1
116060,DESAGUADERO,1995,5,0.0,-999.0,-5.63
116060,DESAGUADERO,1995,6,0.0,13.23,-9.55
116060,DESAGUADERO,1995,7,0.0,13.69,-8.37
116060,DESAGUADERO,1995,8,6.8,15.55,-6.0
116060,DESAGUADERO,1995,9,16.9,15.28,0.23
116060,DESAGUADERO,1995,10,1.0,17.18,-1.74
116060,DESAGUADERO,1995,11,43.1,16.87,1.63
116060,DESAGUADERO,1995,12,188.5,14.89,2.36
116060,DESAGUADERO,1996,1,218.6,14.52,4.01
116060,DESAGUADERO,1996,2,73.5,14.76,4.85
116060,DESAGUADERO,1996,3,69.4,15.7,2.95
116060,DESAGUADERO,1996,4,27.3,15.18,2.14
116060,DESAGUADERO,1996,5,5.0,14.09,-4.52
116060,DESAGUADERO,1996,6,0.0,13.01,-8.35
116060,DESAGUADERO,1996,7,0.5,12.63,-8.87
116060,DESAGUADERO,1996,8,58.3,13.59,-4.3
116060,DESAGUADERO,1996,9,20.2,14.35,-1.94
116060,DESAGUADERO,1996,10,12.7,16.9,-0.39
116060,DESAGUADERO,1996,11,67.9,15.44,2.47
116060,DESAGUADERO,1996,12,65.4,15.29,4.0
116060,DESAGUADERO,1997,1,235.9,-999.0,4.6
116060,DESAGUADERO,1997,2,260.9,13.87,4.78
116060,DESAGUADERO,1997,3,85.7,13.97,3.68
116060,DESAGUADERO,1997,4,47.3,13.93,0.17
116060,DESAGUADERO,1997,5,13.7,13.62,-4.01
116060,DESAGUADERO,1997,6,0.0,12.55,-8.56
116060,DESAGUADERO,1997,7,0.0,14.3,-6.84
116060,DESAGUADERO,1997,8,58.6,12.45,-3.47
116060,DESAGUADERO,1997,9,63.2,14.47,0.03
116060,DESAGUADERO,1997,10,11.2,16.55,0.14
116060,DESAGUADERO,1997,11,65.5,16.74,3.26
116060,DESAGUADERO,1997,12,34.4,18.0,3.21
116060,DESAGUADERO,1998,1,94.7,17.56,5.95
116060,DESAGUADERO,1998,2,165.1,-999.0,5.72
116060,DESAGUADERO,1998,3,72.0,17.98,5.49
116060,DESAGUADERO,1998,4,57.7,16.74,1.14
116060,DESAGUADERO,1998,5,0.0,14.82,-6.19
116060,DESAGUADERO,1998,6,42.4,13.2,-4.93
116060,DESAGUADERO,1998,7,0.0,13.86,-6.53
116060,DESAGUADERO,1998,8,0.0,14.65,-5.84
116060,DESAGUADERO,1998,9,3.4,15.24,-3.94
116060,DESAGUADERO,1998,10,32.7,16.04,0.46
116060,DESAGUADERO,1998,11,67.2,16.29,1.39
116060,DESAGUADERO,1998,12,25.8,17.43,3.57
116060,DESAGUADERO,1999,1,212.0,15.28,4.73
116060,DESAGUADERO,1999,2,225.7,14.02,5.49
116060,DESAGUADERO,1999,3,248.8,14.08,5.65
116060,DESAGUADERO,1999,4,109.5,13.7,3.37
116060,DESAGUADERO,1999,5,10.9,13.87,-1.2
116060,DESAGUADERO,1999,6,0.9,12.85,-6.32
116060,DESAGUADERO,1999,7,1.1,12.21,-5.06
116060,DESAGUADERO,1999,8,0.0,13.82,-3.45
116060,DESAGUADERO,1999,9,15.2,14.22,-2.2
116060,DESAGUADERO,1999,10,86.5,14.4,1.73
116060,DESAGUADERO,1999,11,3.1,15.99,-1.01
116060,DESAGUADERO,1999,12,30.9,16.98,3.05
116060,DESAGUADERO,2000,1,202.1,14.31,4.68
116060,DESAGUADERO,2000,2,145.7,14.72,-999.0
116060,DESAGUADERO,2000,3,71.8,14.87,4.13
116060,DESAGUADERO,2000,4,0.5,15.87,1.13
116060,DESAGUADERO,2000,5,0.0,15.28,-4.18
116060,DESAGUADERO,2000,6,9.4,12.79,-6.41
116060,DESAGUADERO,2000,7,0.0,12.01,-8.62
116060,DESAGUADERO,2000,8,2.9,14.11,-5.01
116060,DESAGUADERO,2000,9,4.8,15.76,-3.27
116060,DESAGUADERO,2000,10,55.2,15.09,1.64
116060,DESAGUADERO,2000,11,63.5,17.35,-0.55
116060,DESAGUADERO,2000,12,104.9,14.92,2.74
116060,DESAGUADERO,2001,1,340.0,13.43,4.58
116060,DESAGUADERO,2001,2,278.2,14.2,4.98
116060,DESAGUADERO,2001,3,136.9,14.4,5.14
116060,DESAGUADERO,2001,4,17.5,15.35,3.4
116060,DESAGUADERO,2001,5,3.2,14.3,-1.48
116060,DESAGUADERO,2001,6,7.5,13.76,-3.2
116060,DESAGUADERO,2001,7,14.8,12.34,-5.57
116060,DESAGUADERO,2001,8,20.7,13.31,-2.81
116060,DESAGUADERO,2001,9,28.7,14.79,-0.23
116060,DESAGUADERO,2001,10,28.6,15.52,1.26
116060,DESAGUADERO,2001,11,12.0,17.49,2.39
116060,DESAGUADERO,2001,12,95.6,15.89,3.3
116060,DESAGUADERO,2002,1,107.5,16.24,4.34
116060,DESAGUADERO,2002,2,213.2,15.16,5.79
116060,DESAGUADERO,2002,3,266.2,15.27,4.92
116060,DESAGUADERO,2002,4,98.1,14.31,3.08
116060,DESAGUADERO,2002,5,11.5,14.27,0.14
116060,DESAGUADERO,2002,6,20.4,13.71,-2.82
116060,DESAGUADERO,2002,7,37.8,11.21,-2.85
116060,DESAGUADERO,2002,8,1.7,13.28,-2.7
116060,DESAGUADERO,2002,9,1.5,14.59,-0.25
116060,DESAGUADERO,2002,10,53.9,15.5,2.52
116060,DESAGUADERO,2002,11,64.9,16.8,2.12
116060,DESAGUADERO,2002,12,65.1,16.64,3.73
116060,DESAGUADERO,2003,1,171.9,16.02,4.81
116060,DESAGUADERO,2003,2,102.2,16.44,4.49
116060,DESAGUADERO,2003,3,149.2,15.26,6.14
116060,DESAGUADERO,2003,4,2.0,15.52,2.96
116060,DESAGUADERO,2003,5,12.8,14.52,0.49
116060,DESAGUADERO,2003,6,0.0,13.85,-4.91
116060,DESAGUADERO,2003,7,0.0,13.14,-4.14
116060,DESAGUADERO,2003,8,5.1,13.8,-3.82
116060,DESAGUADERO,2003,9,35.9,13.77,-0.87
116060,DESAGUADERO,2003,10,5.9,16.65,1.18
116060,DESAGUADERO,2003,11,22.8,17.25,1.79
116060,DESAGUADERO,2003,12,103.5,17.05,4.65
116060,DESAGUADERO,2004,1,224.2,14.77,5.75
116060,DESAGUADERO,2004,2,175.3,15.92,5.89
116060,DESAGUADERO,2004,3,47.2,16.2,4.99
116060,DESAGUADERO,2004,4,9.8,16.17,2.9
116060,DESAGUADERO,2004,5,0.7,14.53,-4.2
116060,DESAGUADERO,2004,6,0.0,12.86,-4.79
116060,DESAGUADERO,2004,7,49.8,12.31,-1.92
116060,DESAGUADERO,2004,8,42.1,13.71,-0.65
116060,DESAGUADERO,2004,9,14.8,15.77,1.39
116060,DESAGUADERO,2004,10,0.0,17.08,1.19
116060,DESAGUADERO,2004,11,7.3,17.7,2.63
116060,DESAGUADERO,2004,12,64.5,18.26,4.43
116060,DESAGUADERO,2005,1,98.1,15.95,4.26
116060,DESAGUADERO,2005,2,215.2,14.98,4.41
116060,DESAGUADERO,2005,3,123.0,16.74,4.42
116060,DESAGUADERO,2005,4,11.4,15.8,1.62
116060,DESAGUADERO,2005,5,0.0,14.67,-3.52
116060,DESAGUADERO,2005,6,0.0,12.97,-5.16
116060,DESAGUADERO,2005,7,0.0,13.37,-3.1
116060,DESAGUADERO,2005,8,0.0,12.95,-3.17
116060,DESAGUADERO,2005,9,30.4,13.28,0.26
116060,DESAGUADERO,2005,10,44.2,14.27,3.2
116060,DESAGUADERO,2005,11,64.8,15.28,4.06
116060,DESAGUADERO,2005,12,138.1,15.79,5.15
116060,DESAGUADERO,2006,1,289.6,14.15,4.91
116060,DESAGUADERO,2006,2,122.5,14.85,5.71
116060,DESAGUADERO,2006,3,158.6,15.39,6.07
116060,DESAGUADERO,2006,4,57.3,15.14,4.1
116060,DESAGUADERO,2006,5,0.6,14.21,-1.14
116060,DESAGUADERO,2006,6,2.0,13.48,-2.63
116060,DESAGUADERO,2006,7,0.0,13.39,-4.25
116060,DESAGUADERO,2006,8,0.0,14.26,-1.49
116060,DESAGUADERO,2006,9,11.1,15.62,-0.26
116060,DESAGUADERO,2006,10,48.7,16.73,2.87
116060,DESAGUADERO,2006,11,77.8,16.92,5.12
116060,DESAGUADERO,2006,12,46.2,17.16,5.21
116060,DESAGUADERO,2007,1,34.3,16.64,5.42
116060,DESAGUADERO,2007,2,72.6,16.17,5.04
116060,DESAGUADERO,2007,3,269.3,14.95,5.29
116060,DESAGUADERO,2007,4,31.2,15.25,3.97
116060,DESAGUADERO,2007,5,0.0,14.89,0.26
116060,DESAGUADERO,2007,6,0.0,14.82,-1.57
116060,DESAGUADERO,2007,7,9.9,12.71,-2.5
116060,DESAGUADERO,2007,8,3.4,14.87,-0.9
116060,DESAGUADERO,2007,9,19.4,14.63,2.74
116060,DESAGUADERO,2007,10,8.9,16.66,2.63
116060,DESAGUADERO,2007,11,43.8,16.53,1.9
116060,DESAGUADERO,2007,12,47.6,16.35,4.8
116060,DESAGUADERO,2008,1,207.2,14.76,5.49
116060,DESAGUADERO,2008,2,78.2,15.62,4.58
116060,DESAGUADERO,2008,3,70.5,15.15,4.77
116060,DESAGUADERO,2008,4,0.0,15.11,2.01
116060,DESAGUADERO,2008,5,0.0,14.38,-2.88
116060,DESAGUADERO,2008,6,0.0,13.93,-3.41
116060,DESAGUADERO,2008,7,0.0,13.37,-4.69
116060,DESAGUADERO,2008,8,2.2,14.15,-4.47
116060,DESAGUADERO,2008,9,0.0,15.67,-1.36
116060,DESAGUADERO,2008,10,25.7,16.37,2.62
116060,DESAGUADERO,2008,11,14.6,18.23,4.03
116060,DESAGUADERO,2008,12,136.1,15.88,4.77
116060,DESAGUADERO,2009,1,129.2,15.29,5.05
116060,DESAGUADERO,2009,2,228.1,15.41,5.57
116060,DESAGUADERO,2009,3,86.3,15.19,4.93
116060,DESAGUADERO,2009,4,30.8,15.38,2.94
116060,DESAGUADERO,2009,5,0.0,14.74,-1.29
116060,DESAGUADERO,2009,6,0.0,13.28,-6.37
116060,DESAGUADERO,2009,7,1.8,13.33,-3.54
116060,DESAGUADERO,2009,8,0.0,14.47,-4.95
116060,DESAGUADERO,2009,9,3.8,16.12,-0.57
116060,DESAGUADERO,2009,10,61.5,18.19,1.63
116060,DESAGUADERO,2009,11,50.4,17.75,5.32
116060,DESAGUADERO,2009,12,94.3,17.05,5.7
116060,DESAGUADERO,2010,1,174.2,15.98,6.59
116060,DESAGUADERO,2010,2,152.2,16.22,6.78
116060,DESAGUADERO,2010,3,10.2,16.95,6.22
116060,DESAGUADERO,2010,4,16.5,16.48,2.92
116060,DESAGUADERO,2010,5,22.2,14.82,0.11
116060,DESAGUADERO,2010,6,0.0,14.57,-1.24
116060,DESAGUADERO,2010,7,0.0,14.48,-4.35
116060,DESAGUADERO,2010,8,0.0,15.47,-2.86
116060,DESAGUADERO,2010,9,33.4,16.13,0.18
116060,DESAGUADERO,2010,10,39.0,16.27,2.29
116060,DESAGUADERO,2010,11,19.0,17.65,1.24
116060,DESAGUADERO,2010,12,107.4,16.26,5.43
116060,DESAGUADERO,2011,1,125.9,16.5,5.41
116060,DESAGUADERO,2011,2,212.7,14.27,5.88
116060,DESAGUADERO,2011,3,128.7,14.76,5.44
116060,DESAGUADERO,2011,4,37.8,15.06,3.35
116060,DESAGUADERO,2011,5,8.7,-999.0,0.3
116060,DESAGUADERO,2011,6,0.0,12.64,-4.36
116060,DESAGUADERO,2011,7,14.8,12.93,-2.37
116060,DESAGUADERO,2011,8,0.0,14.65,-1.19
116060,DESAGUADERO,2011,9,24.4,14.73,1.18
116060,DESAGUADERO,2011,10,14.8,15.77,1.44
116060,DESAGUADERO,2011,11,57.6,17.46,3.64
116060,DESAGUADERO,2011,12,144.7,15.65,5.16
116060,DESAGUADERO,2012,1,194.2,14.7,5.38
116060,DESAGUADERO,2012,2,197.6,14.09,5.53
116060,DESAGUADERO,2012,3,133.7,14.5,5.64
116060,DESAGUADERO,2012,4,40.2,14.13,4.44
116060,DESAGUADERO,2012,5,0.0,14.1,-0.38
116060,DESAGUADERO,2012,6,0.8,13.0,-2.32
116060,DESAGUADERO,2012,7,3.3,13.15,-2.98
116060,DESAGUADERO,2012,8,1.0,13.95,-1.92
116060,DESAGUADERO,2012,9,0.0,15.32,1.71
116060,DESAGUADERO,2012,10,29.6,16.35,3.22
116060,DESAGUADERO,2012,11,49.7,17.0,4.95
116060,DESAGUADERO,2012,12,156.4,15.47,6.19
116060,DESAGUADERO,2013,1,209.3,14.45,5.36
116060,DESAGUADERO,2013,2,127.7,14.54,5.93
116060,DESAGUADERO,2013,3,64.5,15.2,5.13
116060,DESAGUADERO,2013,4,0.0,15.35,1.79
116060,DESAGUADERO,2013,5,35.6,13.95,1.69
116060,DESAGUADERO,2013,6,51.6,12.3,-1.58
116060,DESAGUADERO,2013,7,1.3,12.77,-0.45
116060,DESAGUADERO,2013,8,22.4,13.17,-1.38
116060,DESAGUADERO,2013,9,0.0,14.98,-0.22
116060,DESAGUADERO,2013,10,56.5,15.63,2.52
116060,DESAGUADERO,2013,11,56.4,17.15,4.06
116060,DESAGUADERO,2013,12,139.1,16.0,5.78
116060,DESAGUADERO,2014,1,199.1,14.97,5.77
116060,DESAGUADERO,2014,2,46.4,15.37,6.0
116060,DESAGUADERO,2014,3,113.8,15.82,4.88
116060,DESAGUADERO,2014,4,31.6,15.07,3.93
116060,DESAGUADERO,2014,5,0.5,14.21,-0.32
116060,DESAGUADERO,2014,6,0.0,14.32,-2.21
116060,DESAGUADERO,2014,7,0.0,13.25,-2.58
116060,DESAGUADERO,2014,8,31.2,13.6,-0.29
116060,DESAGUADERO,2014,9,54.6,14.14,3.09
116060,DESAGUADERO,2014,10,49.5,15.86,3.53
116060,DESAGUADERO,2014,11,11.3,17.19,3.96
116060,DESAGUADERO,2014,12,111.7,16.62,5.43
116060,DESAGUADERO,2015,1,268.6,14.65,4.87
116060,DESAGUADERO,2015,2,119.3,15.41,5.89
116060,DESAGUADERO,2015,3,101.6,15.13,6.09
116060,DESAGUADERO,2015,4,176.9,14.02,4.95
116060,DESAGUADERO,2015,5,0.6,14.05,-0.35
116060,DESAGUADERO,2015,6,0.0,14.85,-1.82
116060,DESAGUADERO,2015,7,13.5,13.6,-2.94
116060,DESAGUADERO,2015,8,44.7,14.45,-0.94
116060,DESAGUADERO,2015,9,23.6,15.16,1.2
116060,DESAGUADERO,2015,10,47.3,15.93,2.59
116060,DESAGUADERO,2015,11,20.9,16.73,4.42
116060,DESAGUADERO,2015,12,62.5,16.7,4.89
116060,DESAGUADERO,2016,1,59.6,17.18,5.98
116060,DESAGUADERO,2016,2,284.9,15.91,6.62
116060,DESAGUADERO,2016,3,19.3,17.37,5.71
116060,DESAGUADERO,2016,4,68.3,15.65,3.09
116060,DESAGUADERO,2016,5,1.8,15.09,-1.71
116060,DESAGUADERO,2016,6,18.2,13.7,-3.54
116060,DESAGUADERO,2016,7,1.6,14.23,-1.99
116060,DESAGUADERO,2016,8,0.0,15.0,-2.65
116060,DESAGUADERO,2016,9,9.3,15.82,-0.04
116060,DESAGUADERO,2016,10,33.7,15.94,2.75
116060,DESAGUADERO,2016,11,12.0,16.98,2.57
116060,DESAGUADERO,2016,12,35.6,17.17,4.81
116060,DESAGUADERO,2017,1,270.4,14.57,5.2
116060,DESAGUADERO,2017,2,141.7,15.91,5.29
116060,DESAGUADERO,2017,3,144.8,14.58,5.6
116060,DESAGUADERO,2017,4,39.7,15.1,3.86
116060,DESAGUADERO,2017,5,53.9,14.15,0.84
116060,DESAGUADERO,2017,6,0.0,13.93,-2.41
116060,DESAGUADERO,2017,7,4.6,14.09,-3.86
116060,DESAGUADERO,2017,8,0.0,14.78,-2.9
116060,DESAGUADERO,2017,9,62.4,14.75,2.1
116060,DESAGUADERO,2017,10,44.1,16.16,1.94
116060,DESAGUADERO,2017,11,16.6,17.7,3.43
116060,DESAGUADERO,2017,12,73.9,16.74,5.27
116060,DESAGUADERO,2018,1,204.4,15.5,5.49
116060,DESAGUADERO,2018,2,144.2,15.05,5.57
116060,DESAGUADERO,2018,3,101.3,15.68,5.74
116060,DESAGUADERO,2018,4,11.3,15.62,2.77
116060,DESAGUADERO,2018,5,0.0,14.93,-1.83
116060,DESAGUADERO,2018,6,32.4,12.93,-1.29
116060,DESAGUADERO,2018,7,41.0,13.9,-1.29
116060,DESAGUADERO,2018,8,7.0,13.95,-1.18
116060,DESAGUADERO,2018,9,0.0,15.7,-1.05
116060,DESAGUADERO,2018,10,87.5,15.85,4.41
116060,DESAGUADERO,2018,11,48.4,17.18,4.62
116060,DESAGUADERO,2018,12,98.3,16.79,4.38
116060,DESAGUADERO,2019,1,263.4,15.97,5.86
116060,DESAGUADERO,2019,2,164.4,16.17,6.19
116060,DESAGUADERO,2019,3,135.6,16.43,5.79
116060,DESAGUADERO,2019,4,76.5,15.83,4.25
116060,DESAGUADERO,2019,5,0.0,15.83,-0.2
116060,DESAGUADERO,2019,6,12.2,15.29,-2.65
116060,DESAGUADERO,2019,7,18.5,14.28,-3.74
116060,DESAGUADERO,2019,8,0.0,15.2,-3.35
116060,DESAGUADERO,2019,9,61.4,15.78,-999.0
116060,DESAGUADERO,2019,10,54.6,16.45,-999.0
116060,DESAGUADERO,2019,11,95.7,16.87,-999.0
116060,DESAGUADERO,2019,12,133.2,16.35,-999.0
116060,DESAGUADERO,2020,1,151.2,16.33,-999.0
116060,DESAGUADERO,2020,2,154.7,15.95,6.4
116060,DESAGUADERO,2020,3,-999.0,-999.0,-999.0
116060,DESAGUADERO,2020,4,-999.0,-999.0,-999.0
116060,DESAGUADERO,2020,5,-999.0,-999.0,-999.0
116060,DESAGUADERO,2020,6,-999.0,-999.0,-999.0
116060,DESAGUADERO,2020,7,-999.0,-999.0,-999.0
116060,DESAGUADERO,2020,8,-999.0,-999.0,-999.0
116060,DESAGUADERO,2020,9,-999.0,-999.0,-999.0
116060,DESAGUADERO,2020,10,-999.0,-999.0,-999.0
116060,DESAGUADERO,2020,11,-999.0,-999.0,-999.0
116060,DESAGUADERO,2020,12,-999.0,-999.0,-999.0
116060,DESAGUADERO,2021,1,-999.0,-999.0,-999.0
116060,DESAGUADERO,2021,2,-999.0,-999.0,-999.0
116060,DESAGUADERO,2021,3,-999.0,-999.0,-999.0
116060,DESAGUADERO,2021,4,-999.0,-999.0,-999.0
116060,DESAGUADERO,2021,5,-999.0,-999.0,-999.0
116060,DESAGUADERO,2021,6,-999.0,-999.0,-999.0
116060,DESAGUADERO,2021,7,-999.0,-999.0,-999.0
116060,DESAGUADERO,2021,8,-999.0,-999.0,-999.0
116060,DESAGUADERO,2021,9,-999.0,-999.0,-999.0
116060,DESAGUADERO,2021,10,-999.0,-999.0,-999.0
116060,DESAGUADERO,2021,11,-999.0,-999.0,-999.0
116060,DESAGUADERO,2021,12,-999.0,-999.0,-999.0
116060,DESAGUADERO,2022,1,-999.0,-999.0,-999.0
116060,DESAGUADERO,2022,2,-999.0,-999.0,-999.0
116060,DESAGUADERO,2022,3,106.1,15.97,5.04
116060,DESAGUADERO,2022,4,60.9,16.06,-2.19
116060,DESAGUADERO,2022,5,0.0,15.81,-7.27
116060,DESAGUADERO,2022,6,1.8,15.5,-9.1
116060,DESAGUADERO,2022,7,0.0,15.41,-8.81
116060,DESAGUADERO,2022,8,0.5,15.6,-8.31
116060,DESAGUADERO,2022,9,61.8,16.65,-5.89
116060,DESAGUADERO,2022,10,60.2,16.85,-6.99
116060,DESAGUADERO,2022,11,12.9,17.6,-3.45
116060,DESAGUADERO,2022,12,102.2,16.65,1.71
116060,DESAGUADERO,2023,1,74.2,17.34,1.71
116060,DESAGUADERO,2023,2,140.9,16.69,4.6
116060,DESAGUADERO,2023,3,100.4,17.4,2.74
116060,DESAGUADERO,2023,4,0.0,17.42,-2.32
116060,DESAGUADERO,2023,5,17.1,17.11,-5.45
116060,DESAGUADERO,2023,6,0.0,16.86,-12.15
116060,DESAGUADERO,2023,7,0.0,16.88,-9.57
116060,DESAGUADERO,2023,8,0.0,17.43,-9.85
116060,DESAGUADERO,2023,9,3.7,17.79,-6.13
116060,DESAGUADERO,2023,10,18.0,18.39,-0.85
116060,DESAGUADERO,2023,11,119.2,18.21,-0.33
116060,DESAGUADERO,2023,12,185.9,17.81,1.61
116060,DESAGUADERO,2024,1,76.0,18.47,1.54
116060,DESAGUADERO,2024,2,169.6,17.88,1.41
116060,DESAGUADERO,2024,3,179.9,17.94,1.69
116060,DESAGUADERO,2024,4,32.6,18.25,-0.8
116060,DESAGUADERO,2024,5,4.3,17.77,-5.38
116060,DESAGUADERO,2024,6,0.0,17.28,-8.81
116060,DESAGUADERO,2024,7,-999.0,-999.0,-999.0
116060,DESAGUADERO,2024,8,0.0,17.04,-2.03
116060,DESAGUADERO,2024,9,2.0,17.9,1.46
116060,DESAGUADERO,2024,10,11.7,18.61,0.88
116060,DESAGUADERO,2024,11,110.7,18.21,-999.0
116060,DESAGUADERO,2024,12,25.3,18.7,1.52
116060,DESAGUADERO,2025,1,294.4,16.08,2.11
116060,DESAGUADERO,2025,2,118.9,16.42,0.7
116060,DESAGUADERO,2025,3,309.9,15.81,1.83
116060,DESAGUADERO,2025,4,41.8,15.84,1.35
116060,DESAGUADERO,2025,5,9.3,14.78,-1.2
116060,DESAGUADERO,2025,6,1.1,14.05,-4.56
116060,DESAGUADERO,2025,7,0.8,14.26,-5.22
116060,DESAGUADERO,2025,8,1.3,14.48,-5.05
116060,DESAGUADERO,2025,9,24.4,14.72,-1.05
116060,DESAGUADERO,2025,10,39.4,15.31,0.82
116060,DESAGUADERO,2025,11,28.6,16.53,-0.43
116060,DESAGUADERO,2025,12,64.0,16.43,0.92
