CODIGO,ESTACION,YEAR,MONTH,PP,TMAX,TMIN
116017,LA PAMPILLA,1990,1,0.0,23.45,11.01
116017,LA PAMPILLA,1990,2,0.0,23.08,10.47
116017,LA PAMPILLA,1990,3,15.0,23.49,11.06
116017,LA PAMPILLA,1990,4,0.0,23.85,10.15
116017,LA PAMPILLA,1990,5,0.0,23.86,9.51
116017,LA PAMPILLA,1990,6,1.9,23.69,9.24
116017,LA PAMPILLA,1990,7,0.0,22.58,7.31
116017,LA PAMPILLA,1990,8,0.0,23.67,8.71
116017,LA PAMPILLA,1990,9,0.0,24.0,8.52
116017,LA PAMPILLA,1990,10,0.0,23.48,9.83
116017,LA PAMPILLA,1990,11,1.7,23.86,10.85
116017,LA PAMPILLA,1990,12,7.2,22.43,10.97
116017,LA PAMPILLA,1991,1,7.5,22.84,10.85
116017,LA PAMPILLA,1991,2,0.2,23.94,11.71
116017,LA PAMPILLA,1991,3,13.2,23.06,11.2
116017,LA PAMPILLA,1991,4,0.0,23.34,10.28
116017,LA PAMPILLA,1991,5,0.0,23.84,9.24
116017,LA PAMPILLA,1991,6,-999.0,-999.0,-999.0
116017,LA PAMPILLA,1991,7,-999.0,-999.0,-999.0
116017,LA PAMPILLA,1991,8,-999.0,-999.0,-999.0
116017,LA PAMPILLA,1991,9,-999.0,-999.0,-999.0
116017,LA PAMPILLA,1991,10,-999.0,-999.0,-999.0
116017,LA PAMPILLA,1991,11,-999.0,-999.0,-999.0
116017,LA PAMPILLA,1991,12,-999.0,-999.0,-999.0
116017,LA PAMPILLA,1992,1,0.0,23.97,11.06
116017,LA PAMPILLA,1992,2,1.0,23.34,9.97
116017,LA PAMPILLA,1992,3,0.0,24.06,9.65
116017,LA PAMPILLA,1992,4,0.0,23.59,9.33
116017,LA PAMPILLA,1992,5,0.0,22.62,8.45
116017,LA PAMPILLA,1992,6,0.0,23.15,6.49
116017,LA PAMPILLA,1992,7,0.0,22.65,7.08
116017,LA PAMPILLA,1992,8,0.0,23.18,7.6
116017,LA PAMPILLA,1992,9,0.0,-999.0,7.26
116017,LA PAMPILLA,1992,10,0.0,24.31,9.45
116017,LA PAMPILLA,1992,11,0.0,23.76,9.15
116017,LA PAMPILLA,1992,12,4.0,23.48,10.28
116017,LA PAMPILLA,1993,1,44.3,21.91,10.79
116017,LA PAMPILLA,1993,2,2.1,22.12,9.96
116017,LA PAMPILLA,1993,3,0.0,22.55,10.5
116017,LA PAMPILLA,1993,4,0.0,23.12,10.02
116017,LA PAMPILLA,1993,5,0.0,22.93,8.17
116017,LA PAMPILLA,1993,6,0.0,24.0,7.54
116017,LA PAMPILLA,1993,7,0.0,23.12,6.67
116017,LA PAMPILLA,1993,8,3.1,22.92,7.42
116017,LA PAMPILLA,1993,9,0.0,23.27,8.24
116017,LA PAMPILLA,1993,10,1.8,23.99,9.76
116017,LA PAMPILLA,1993,11,0.0,23.53,9.92
116017,LA PAMPILLA,1993,12,0.0,23.39,10.89
116017,LA PAMPILLA,1994,1,39.3,21.37,11.05
116017,LA PAMPILLA,1994,2,33.7,21.24,11.0
116017,LA PAMPILLA,1994,3,11.7,22.94,10.44
116017,LA PAMPILLA,1994,4,0.0,22.89,9.95
116017,LA PAMPILLA,1994,5,0.0,23.71,8.26
116017,LA PAMPILLA,1994,6,0.0,23.54,7.5
116017,LA PAMPILLA,1994,7,0.0,23.87,7.15
116017,LA PAMPILLA,1994,8,0.0,24.02,8.22
116017,LA PAMPILLA,1994,9,0.0,24.22,9.41
116017,LA PAMPILLA,1994,10,0.0,23.53,8.57
116017,LA PAMPILLA,1994,11,0.0,23.54,9.73
116017,LA PAMPILLA,1994,12,0.0,23.6,11.16
116017,LA PAMPILLA,1995,1,33.4,22.72,11.23
116017,LA PAMPILLA,1995,2,0.0,22.86,11.07
116017,LA PAMPILLA,1995,3,62.8,21.61,11.02
116017,LA PAMPILLA,1995,4,0.0,23.21,9.66
116017,LA PAMPILLA,1995,5,0.0,23.0,8.54
116017,LA PAMPILLA,1995,6,0.0,23.32,7.5
116017,LA PAMPILLA,1995,7,0.0,23.06,7.27
116017,LA PAMPILLA,1995,8,0.0,23.62,8.27
116017,LA PAMPILLA,1995,9,0.0,23.69,9.74
116017,LA PAMPILLA,1995,10,0.0,23.79,8.76
116017,LA PAMPILLA,1995,11,0.3,23.62,10.06
116017,LA PAMPILLA,1995,12,0.0,23.16,9.6
116017,LA PAMPILLA,1996,1,23.1,22.06,10.38
116017,LA PAMPILLA,1996,2,20.4,22.43,11.1
116017,LA PAMPILLA,1996,3,0.2,22.57,10.4
116017,LA PAMPILLA,1996,4,0.0,23.15,10.2
116017,LA PAMPILLA,1996,5,0.0,23.53,8.8
116017,LA PAMPILLA,1996,6,0.0,23.02,6.99
116017,LA PAMPILLA,1996,7,0.0,23.2,6.91
116017,LA PAMPILLA,1996,8,0.0,23.29,8.59
116017,LA PAMPILLA,1996,9,0.0,23.8,8.22
116017,LA PAMPILLA,1996,10,0.0,23.61,8.75
116017,LA PAMPILLA,1996,11,0.0,23.62,9.77
116017,LA PAMPILLA,1996,12,0.0,22.96,10.69
116017,LA PAMPILLA,1997,1,31.9,20.38,10.61
116017,LA PAMPILLA,1997,2,57.5,23.1,11.42
116017,LA PAMPILLA,1997,3,46.3,22.32,10.75
116017,LA PAMPILLA,1997,4,0.0,23.07,9.73
116017,LA PAMPILLA,1997,5,0.0,24.32,8.61
116017,LA PAMPILLA,1997,6,0.0,23.28,6.55
116017,LA PAMPILLA,1997,7,0.0,25.18,8.39
116017,LA PAMPILLA,1997,8,12.4,24.08,9.12
116017,LA PAMPILLA,1997,9,4.5,24.04,10.85
116017,LA PAMPILLA,1997,10,0.0,24.87,9.98
116017,LA PAMPILLA,1997,11,0.0,24.54,10.79
116017,LA PAMPILLA,1997,12,6.6,25.54,11.98
116017,LA PAMPILLA,1998,1,35.4,25.46,13.66
116017,LA PAMPILLA,1998,2,1.9,24.89,13.18
116017,LA PAMPILLA,1998,3,0.0,24.31,12.74
116017,LA PAMPILLA,1998,4,1.1,24.34,11.04
116017,LA PAMPILLA,1998,5,0.0,23.74,8.84
116017,LA PAMPILLA,1998,6,0.0,23.24,9.24
116017,LA PAMPILLA,1998,7,0.0,22.85,8.46
116017,LA PAMPILLA,1998,8,0.0,22.43,7.98
116017,LA PAMPILLA,1998,9,0.0,22.92,8.26
116017,LA PAMPILLA,1998,10,0.0,23.76,9.74
116017,LA PAMPILLA,1998,11,-999.0,-999.0,-999.0
116017,LA PAMPILLA,1998,12,3.4,22.26,9.82
116017,LA PAMPILLA,1999,1,4.5,21.88,9.86
116017,LA PAMPILLA,1999,2,68.1,19.16,11.72
116017,LA PAMPILLA,1999,3,-999.0,-999.0,-999.0
116017,LA PAMPILLA,1999,4,0.0,22.24,10.19
116017,LA PAMPILLA,1999,5,0.0,21.71,7.74
116017,LA PAMPILLA,1999,6,0.0,21.59,6.37
116017,LA PAMPILLA,1999,7,0.0,22.14,7.21
116017,LA PAMPILLA,1999,8,0.0,22.62,8.1
116017,LA PAMPILLA,1999,9,0.0,22.16,7.52
116017,LA PAMPILLA,1999,10,0.4,22.4,9.48
116017,LA PAMPILLA,1999,11,0.0,22.05,7.89
116017,LA PAMPILLA,1999,12,3.1,21.18,9.38
116017,LA PAMPILLA,2000,1,84.7,19.07,10.96
116017,LA PAMPILLA,2000,2,19.6,19.63,10.98
116017,LA PAMPILLA,2000,3,48.9,20.42,10.47
116017,LA PAMPILLA,2000,4,0.3,21.23,10.03
116017,LA PAMPILLA,2000,5,0.9,21.84,8.31
116017,LA PAMPILLA,2000,6,0.7,22.02,7.02
116017,LA PAMPILLA,2000,7,0.0,21.43,6.52
116017,LA PAMPILLA,2000,8,0.0,22.76,8.06
116017,LA PAMPILLA,2000,9,0.0,21.98,7.71
116017,LA PAMPILLA,2000,10,0.0,23.12,9.91
116017,LA PAMPILLA,2000,11,0.0,22.33,8.05
116017,LA PAMPILLA,2000,12,0.9,22.25,10.66
116017,LA PAMPILLA,2001,1,12.4,21.31,11.19
116017,LA PAMPILLA,2001,2,95.5,21.05,11.95
116017,LA PAMPILLA,2001,3,71.6,20.92,11.2
116017,LA PAMPILLA,2001,4,1.8,22.45,10.55
116017,LA PAMPILLA,2001,5,0.0,22.28,8.26
116017,LA PAMPILLA,2001,6,0.0,22.81,7.93
116017,LA PAMPILLA,2001,7,0.0,22.36,7.09
116017,LA PAMPILLA,2001,8,0.0,23.47,8.76
116017,LA PAMPILLA,2001,9,0.0,22.41,8.74
116017,LA PAMPILLA,2001,10,0.6,23.3,10.16
116017,LA PAMPILLA,2001,11,0.0,22.39,9.7
116017,LA PAMPILLA,2001,12,0.0,23.18,10.55
116017,LA PAMPILLA,2002,1,8.8,22.14,10.28
116017,LA PAMPILLA,2002,2,49.5,20.56,11.54
116017,LA PAMPILLA,2002,3,29.7,21.75,11.78
116017,LA PAMPILLA,2002,4,0.8,21.9,10.6
116017,LA PAMPILLA,2002,5,0.0,22.75,9.87
116017,LA PAMPILLA,2002,6,0.6,22.82,8.41
116017,LA PAMPILLA,2002,7,6.0,21.92,7.72
116017,LA PAMPILLA,2002,8,0.0,23.31,8.85
116017,LA PAMPILLA,2002,9,0.0,22.96,9.36
116017,LA PAMPILLA,2002,10,0.0,23.29,10.05
116017,LA PAMPILLA,2002,11,0.0,22.97,10.49
116017,LA PAMPILLA,2002,12,3.0,23.59,11.05
116017,LA PAMPILLA,2003,1,10.8,23.02,11.86
116017,LA PAMPILLA,2003,2,-999.0,22.79,11.91
116017,LA PAMPILLA,2003,3,4.7,22.34,11.08
116017,LA PAMPILLA,2003,4,0.0,22.84,9.92
116017,LA PAMPILLA,2003,5,0.0,23.12,9.43
116017,LA PAMPILLA,2003,6,0.0,22.25,7.34
116017,LA PAMPILLA,2003,7,0.0,21.46,7.14
116017,LA PAMPILLA,2003,8,0.0,22.5,7.61
116017,LA PAMPILLA,2003,9,0.0,23.14,8.56
116017,LA PAMPILLA,2003,10,0.0,23.05,9.26
116017,LA PAMPILLA,2003,11,0.0,23.05,9.66
116017,LA PAMPILLA,2003,12,0.0,21.81,11.03
116017,LA PAMPILLA,2004,1,23.5,21.36,11.27
116017,LA PAMPILLA,2004,2,22.2,21.88,11.33
116017,LA PAMPILLA,2004,3,-999.0,22.71,11.95
116017,LA PAMPILLA,2004,4,0.0,22.12,9.92
116017,LA PAMPILLA,2004,5,0.0,22.78,7.47
116017,LA PAMPILLA,2004,6,0.0,22.89,7.54
116017,LA PAMPILLA,2004,7,5.6,20.9,6.75
116017,LA PAMPILLA,2004,8,0.0,21.84,8.61
116017,LA PAMPILLA,2004,9,0.0,22.41,8.91
116017,LA PAMPILLA,2004,10,0.0,22.78,9.02
116017,LA PAMPILLA,2004,11,0.0,22.62,9.39
116017,LA PAMPILLA,2004,12,2.5,22.47,10.31
116017,LA PAMPILLA,2005,1,6.6,21.85,11.06
116017,LA PAMPILLA,2005,2,9.2,22.6,12.2
116017,LA PAMPILLA,2005,3,6.8,22.08,10.86
116017,LA PAMPILLA,2005,4,0.0,23.2,10.52
116017,LA PAMPILLA,2005,5,0.0,22.42,7.75
116017,LA PAMPILLA,2005,6,0.0,22.02,5.89
116017,LA PAMPILLA,2005,7,0.0,22.64,7.17
116017,LA PAMPILLA,2005,8,0.0,22.88,7.02
116017,LA PAMPILLA,2005,9,1.0,22.61,8.41
116017,LA PAMPILLA,2005,10,0.0,22.56,8.57
116017,LA PAMPILLA,2005,11,0.0,22.3,9.16
116017,LA PAMPILLA,2005,12,9.6,21.38,10.17
116017,LA PAMPILLA,2006,1,17.0,21.79,11.74
116017,LA PAMPILLA,2006,2,33.0,21.58,11.93
116017,LA PAMPILLA,2006,3,33.9,21.35,11.77
116017,LA PAMPILLA,2006,4,0.0,21.92,9.77
116017,LA PAMPILLA,2006,5,0.0,22.53,7.24
116017,LA PAMPILLA,2006,6,0.0,22.23,7.26
116017,LA PAMPILLA,2006,7,0.0,22.96,6.71
116017,LA PAMPILLA,2006,8,0.0,23.09,8.21
116017,LA PAMPILLA,2006,9,0.0,22.82,7.86
116017,LA PAMPILLA,2006,10,0.3,22.98,8.79
116017,LA PAMPILLA,2006,11,0.0,22.64,9.77
116017,LA PAMPILLA,2006,12,0.0,22.99,9.97
116017,LA PAMPILLA,2007,1,10.7,22.99,11.61
116017,LA PAMPILLA,2007,2,27.9,21.49,10.8
116017,LA PAMPILLA,2007,3,0.0,22.28,11.32
116017,LA PAMPILLA,2007,4,2.2,22.31,9.54
116017,LA PAMPILLA,2007,5,0.0,22.27,8.01
116017,LA PAMPILLA,2007,6,0.0,22.51,7.6
116017,LA PAMPILLA,2007,7,0.0,21.33,6.51
116017,LA PAMPILLA,2007,8,0.0,22.22,7.1
116017,LA PAMPILLA,2007,9,0.0,23.2,9.04
116017,LA PAMPILLA,2007,10,0.0,22.66,8.05
116017,LA PAMPILLA,2007,11,0.0,23.03,8.71
116017,LA PAMPILLA,2007,12,0.6,21.78,9.3
116017,LA PAMPILLA,2008,1,106.4,20.41,11.67
116017,LA PAMPILLA,2008,2,23.7,20.57,10.33
116017,LA PAMPILLA,2008,3,2.4,21.42,9.55
116017,LA PAMPILLA,2008,4,0.0,21.97,7.84
116017,LA PAMPILLA,2008,5,0.0,21.96,6.0
116017,LA PAMPILLA,2008,6,0.0,22.37,6.0
116017,LA PAMPILLA,2008,7,0.0,22.27,5.61
116017,LA PAMPILLA,2008,8,0.7,22.42,5.9
116017,LA PAMPILLA,2008,9,0.0,23.18,6.42
116017,LA PAMPILLA,2008,10,0.0,23.07,8.05
116017,LA PAMPILLA,2008,11,0.0,22.98,8.27
116017,LA PAMPILLA,2008,12,0.3,21.84,9.26
116017,LA PAMPILLA,2009,1,4.9,22.23,10.34
116017,LA PAMPILLA,2009,2,35.6,21.56,11.28
116017,LA PAMPILLA,2009,3,13.4,22.18,9.95
116017,LA PAMPILLA,2009,4,1.4,22.74,9.14
116017,LA PAMPILLA,2009,5,0.0,22.39,7.33
116017,LA PAMPILLA,2009,6,0.0,22.84,5.35
116017,LA PAMPILLA,2009,7,0.5,22.78,7.3
116017,LA PAMPILLA,2009,8,0.0,23.5,6.73
116017,LA PAMPILLA,2009,9,0.0,24.29,8.68
116017,LA PAMPILLA,2009,10,0.0,24.12,8.71
116017,LA PAMPILLA,2009,11,0.0,23.82,10.01
116017,LA PAMPILLA,2009,12,0.0,23.29,9.76
116017,LA PAMPILLA,2010,1,1.9,23.67,11.06
116017,LA PAMPILLA,2010,2,12.1,24.21,12.72
116017,LA PAMPILLA,2010,3,1.2,23.92,11.06
116017,LA PAMPILLA,2010,4,0.4,23.73,10.16
116017,LA PAMPILLA,2010,5,0.0,22.91,8.41
116017,LA PAMPILLA,2010,6,0.0,22.67,7.48
116017,LA PAMPILLA,2010,7,0.0,22.17,5.57
116017,LA PAMPILLA,2010,8,0.0,23.16,7.6
116017,LA PAMPILLA,2010,9,0.0,22.83,7.67
116017,LA PAMPILLA,2010,10,0.0,22.73,7.72
116017,LA PAMPILLA,2010,11,0.0,21.9,7.05
116017,LA PAMPILLA,2010,12,0.9,21.39,9.5
116017,LA PAMPILLA,2011,1,39.7,21.07,10.13
116017,LA PAMPILLA,2011,2,74.4,20.1,11.4
116017,LA PAMPILLA,2011,3,1.0,21.42,9.4
116017,LA PAMPILLA,2011,4,5.3,21.86,9.15
116017,LA PAMPILLA,2011,5,0.2,23.17,7.97
116017,LA PAMPILLA,2011,6,0.0,22.47,6.89
116017,LA PAMPILLA,2011,7,0.0,22.06,6.63
116017,LA PAMPILLA,2011,8,0.0,22.73,7.24
116017,LA PAMPILLA,2011,9,0.0,23.36,8.38
116017,LA PAMPILLA,2011,10,0.0,22.31,6.79
116017,LA PAMPILLA,2011,11,0.0,22.92,8.69
116017,LA PAMPILLA,2011,12,17.1,22.19,9.65
116017,LA PAMPILLA,2012,1,98.2,21.02,10.4
116017,LA PAMPILLA,2012,2,153.8,19.58,10.92
116017,LA PAMPILLA,2012,3,31.3,22.34,10.41
116017,LA PAMPILLA,2012,4,19.3,21.65,9.43
116017,LA PAMPILLA,2012,5,0.0,22.87,6.5
116017,LA PAMPILLA,2012,6,0.0,22.49,5.71
116017,LA PAMPILLA,2012,7,0.0,23.0,5.92
116017,LA PAMPILLA,2012,8,0.0,23.89,6.48
116017,LA PAMPILLA,2012,9,0.0,24.08,8.15
116017,LA PAMPILLA,2012,10,0.3,23.46,8.08
116017,LA PAMPILLA,2012,11,0.0,23.37,8.28
116017,LA PAMPILLA,2012,12,2.3,22.39,10.36
116017,LA PAMPILLA,2013,1,32.8,23.33,11.35
116017,LA PAMPILLA,2013,2,190.2,22.31,10.6
116017,LA PAMPILLA,2013,3,26.7,22.85,9.13
116017,LA PAMPILLA,2013,4,0.0,23.69,6.23
116017,LA PAMPILLA,2013,5,2.8,22.91,6.43
116017,LA PAMPILLA,2013,6,0.8,23.47,6.48
116017,LA PAMPILLA,2013,7,0.0,22.97,7.02
116017,LA PAMPILLA,2013,8,0.0,23.16,6.53
116017,LA PAMPILLA,2013,9,0.0,23.9,7.1
116017,LA PAMPILLA,2013,10,0.0,23.83,8.05
116017,LA PAMPILLA,2013,11,0.0,22.83,7.62
116017,LA PAMPILLA,2013,12,3.1,22.75,9.92
116017,LA PAMPILLA,2014,1,33.3,22.06,10.65
116017,LA PAMPILLA,2014,2,0.0,22.93,9.07
116017,LA PAMPILLA,2014,3,2.0,22.25,9.53
116017,LA PAMPILLA,2014,4,0.2,23.49,9.68
116017,LA PAMPILLA,2014,5,0.0,22.69,6.43
116017,LA PAMPILLA,2014,6,0.0,23.48,6.4
116017,LA PAMPILLA,2014,7,0.0,23.8,7.05
116017,LA PAMPILLA,2014,8,0.0,22.85,7.38
116017,LA PAMPILLA,2014,9,0.0,23.46,8.76
116017,LA PAMPILLA,2014,10,0.0,23.62,9.36
116017,LA PAMPILLA,2014,11,0.0,23.47,8.2
116017,LA PAMPILLA,2014,12,0.0,23.14,9.35
116017,LA PAMPILLA,2015,1,13.7,23.88,10.4
116017,LA PAMPILLA,2015,2,-999.0,20.91,11.08
116017,LA PAMPILLA,2015,3,52.6,21.37,10.98
116017,LA PAMPILLA,2015,4,0.0,22.96,10.33
116017,LA PAMPILLA,2015,5,0.0,23.29,8.77
116017,LA PAMPILLA,2015,6,0.0,24.55,8.56
116017,LA PAMPILLA,2015,7,0.0,23.87,7.25
116017,LA PAMPILLA,2015,8,0.0,24.9,8.43
116017,LA PAMPILLA,2015,9,0.0,25.36,9.78
116017,LA PAMPILLA,2015,10,0.0,25.71,11.0
116017,LA PAMPILLA,2015,11,0.0,25.85,11.0
116017,LA PAMPILLA,2015,12,0.0,26.64,12.38
116017,LA PAMPILLA,2016,1,0.0,25.77,12.5
116017,LA PAMPILLA,2016,2,52.8,24.58,13.67
116017,LA PAMPILLA,2016,3,1.0,25.21,12.55
116017,LA PAMPILLA,2016,4,8.8,24.67,11.24
116017,LA PAMPILLA,2016,5,0.0,25.77,8.38
116017,LA PAMPILLA,2016,6,1.0,24.4,6.66
116017,LA PAMPILLA,2016,7,0.0,25.05,7.35
116017,LA PAMPILLA,2016,8,0.0,24.88,7.38
116017,LA PAMPILLA,2016,9,0.0,24.82,7.96
116017,LA PAMPILLA,2016,10,0.0,25.15,9.45
116017,LA PAMPILLA,2016,11,0.0,24.88,9.53
116017,LA PAMPILLA,2016,12,0.1,24.28,11.11
116017,LA PAMPILLA,2017,1,103.3,22.59,12.4
116017,LA PAMPILLA,2017,2,50.6,21.97,11.26
116017,LA PAMPILLA,2017,3,43.1,22.12,11.78
116017,LA PAMPILLA,2017,4,0.0,23.72,10.47
116017,LA PAMPILLA,2017,5,0.5,23.86,9.08
116017,LA PAMPILLA,2017,6,0.0,23.21,7.18
116017,LA PAMPILLA,2017,7,0.0,23.86,7.55
116017,LA PAMPILLA,2017,8,0.0,23.76,6.83
116017,LA PAMPILLA,2017,9,0.3,24.28,9.84
116017,LA PAMPILLA,2017,10,0.0,24.66,9.5
116017,LA PAMPILLA,2017,11,0.3,24.25,10.01
116017,LA PAMPILLA,2017,12,14.0,23.37,11.21
116017,LA PAMPILLA,2018,1,12.8,22.94,11.51
116017,LA PAMPILLA,2018,2,6.2,22.41,11.74
116017,LA PAMPILLA,2018,3,5.8,23.97,11.9
116017,LA PAMPILLA,2018,4,0.2,23.0,10.14
116017,LA PAMPILLA,2018,5,0.0,23.69,7.96
116017,LA PAMPILLA,2018,6,0.9,23.61,8.55
116017,LA PAMPILLA,2018,7,1.0,22.84,8.31
116017,LA PAMPILLA,2018,8,0.0,24.01,8.09
116017,LA PAMPILLA,2018,9,0.0,23.94,7.9
116017,LA PAMPILLA,2018,10,0.0,23.95,10.22
116017,LA PAMPILLA,2018,11,0.0,24.03,10.11
116017,LA PAMPILLA,2018,12,0.0,24.34,11.07
116017,LA PAMPILLA,2019,1,28.7,23.16,12.7
116017,LA PAMPILLA,2019,2,-999.0,23.01,12.85
116017,LA PAMPILLA,2019,3,10.1,24.44,12.33
116017,LA PAMPILLA,2019,4,0.0,23.95,10.96
116017,LA PAMPILLA,2019,5,0.0,24.86,9.07
116017,LA PAMPILLA,2019,6,0.0,25.07,8.13
116017,LA PAMPILLA,2019,7,0.0,24.37,7.34
116017,LA PAMPILLA,2019,8,0.0,24.86,7.71
116017,LA PAMPILLA,2019,9,0.0,24.81,9.12
116017,LA PAMPILLA,2019,10,0.0,24.86,8.52
116017,LA PAMPILLA,2019,11,0.0,24.64,11.02
116017,LA PAMPILLA,2019,12,0.0,25.07,10.93
116017,LA PAMPILLA,2020,1,82.2,23.86,12.39
116017,LA PAMPILLA,2020,2,119.8,23.68,12.93
116017,LA PAMPILLA,2020,3,-999.0,-999.0,-999.0
116017,LA PAMPILLA,2020,4,-999.0,-999.0,-999.0
116017,LA PAMPILLA,2020,5,-999.0,-999.0,-999.0
116017,LA PAMPILLA,2020,6,-999.0,-999.0,-999.0
116017,LA PAMPILLA,2020,7,-999.0,-999.0,-999.0
116017,LA PAMPILLA,2020,8,-999.0,-999.0,-999.0
116017,LA PAMPILLA,2020,9,-999.0,-999.0,-999.0
116017,LA PAMPILLA,2020,10,-999.0,25.07,-999.0
116017,LA PAMPILLA,2020,11,0.0,25.01,9.09
116017,LA PAMPILLA,2020,12,19.3,24.19,10.96
116017,LA PAMPILLA,2021,1,14.6,24.08,12.15
116017,LA PAMPILLA,2021,2,-999.0,25.16,11.9
116017,LA PAMPILLA,2021,3,13.8,24.16,11.4
116017,LA PAMPILLA,2021,4,0.3,24.53,9.98
116017,LA PAMPILLA,2021,5,0.7,-999.0,-999.0
116017,LA PAMPILLA,2021,6,0.0,23.79,7.0
116017,LA PAMPILLA,2021,7,0.0,24.5,7.39
116017,LA PAMPILLA,2021,8,0.0,23.9,7.05
116017,LA PAMPILLA,2021,9,0.0,24.79,9.22
116017,LA PAMPILLA,2021,10,0.0,25.17,9.33
116017,LA PAMPILLA,2021,11,0.2,24.35,9.44
116017,LA PAMPILLA,2021,12,0.0,24.41,11.62
116017,LA PAMPILLA,2022,1,11.2,23.51,11.81
116017,LA PAMPILLA,2022,2,18.1,23.24,11.26
116017,LA PAMPILLA,2022,3,25.8,22.59,11.58
116017,LA PAMPILLA,2022,4,0.0,24.31,8.66
116017,LA PAMPILLA,2022,5,0.0,24.66,7.37
116017,LA PAMPILLA,2022,6,0.0,23.5,6.25
116017,LA PAMPILLA,2022,7,0.0,23.88,7.56
116017,LA PAMPILLA,2022,8,0.0,23.92,6.82
116017,LA PAMPILLA,2022,9,0.0,24.09,7.89
116017,LA PAMPILLA,2022,10,0.0,24.48,7.94
116017,LA PAMPILLA,2022,11,0.0,24.7,9.82
116017,LA PAMPILLA,2022,12,21.6,23.62,10.91
116017,LA PAMPILLA,2023,1,48.3,22.88,11.05
116017,LA PAMPILLA,2023,2,49.0,23.11,12.24
116017,LA PAMPILLA,2023,3,21.7,22.98,12.38
116017,LA PAMPILLA,2023,4,5.2,23.91,10.75
116017,LA PAMPILLA,2023,5,0.0,25.29,9.82
116017,LA PAMPILLA,2023,6,0.0,25.19,7.29
116017,LA PAMPILLA,2023,7,0.0,25.37,7.6
116017,LA PAMPILLA,2023,8,0.0,25.83,8.31
116017,LA PAMPILLA,2023,9,0.0,25.88,9.81
116017,LA PAMPILLA,2023,10,0.0,25.65,11.72
116017,LA PAMPILLA,2023,11,0.6,25.8,11.35
116017,LA PAMPILLA,2023,12,2.7,26.05,13.02
116017,LA PAMPILLA,2024,1,13.1,25.99,13.34
116017,LA PAMPILLA,2024,2,32.9,25.32,13.68
116017,LA PAMPILLA,2024,3,40.0,25.03,13.85
116017,LA PAMPILLA,2024,4,0.0,24.93,11.79
116017,LA PAMPILLA,2024,5,0.0,26.27,10.33
116017,LA PAMPILLA,2024,6,0.0,24.78,8.61
116017,LA PAMPILLA,2024,7,0.0,24.74,7.85
116017,LA PAMPILLA,2024,8,0.0,24.55,8.06
116017,LA PAMPILLA,2024,9,0.0,25.89,10.34
116017,LA PAMPILLA,2024,10,0.0,25.59,10.32
116017,LA PAMPILLA,2024,11,2.0,24.32,10.92
116017,LA PAMPILLA,2024,12,0.1,24.36,11.84
116017,LA PAMPILLA,2025,1,11.8,23.8,11.91
116017,LA PAMPILLA,2025,2,102.6,22.45,12.8
116017,LA PAMPILLA,2025,3,12.8,23.88,12.37
116017,LA PAMPILLA,2025,4,0.6,24.32,10.06
116017,LA PAMPILLA,2025,5,0.0,25.22,9.98
116017,LA PAMPILLA,2025,6,0.0,24.52,7.7
116017,LA PAMPILLA,2025,7,0.0,24.96,8.08
116017,LA PAMPILLA,2025,8,0.0,24.48,7.37
116017,LA PAMPILLA,2025,9,0.0,25.28,9.48
116017,LA PAMPILLA,2025,10,0.0,24.99,9.85
116017,LA PAMPILLA,2025,11,0.0,25.27,10.0
116017,LA PAMPILLA,2025,12,0.0,24.28,10.18
