CODIGO,ESTACION,YEAR,MONTH,PP,TMAX,TMIN
116027,ILAVE,1990,1,151.2,14.21,4.6
116027,ILAVE,1990,2,39.1,14.99,3.36
116027,ILAVE,1990,3,59.9,15.04,3.08
116027,ILAVE,1990,4,48.9,15.01,2.4
116027,ILAVE,1990,5,25.0,14.58,0.28
116027,ILAVE,1990,6,67.7,11.59,-0.95
116027,ILAVE,1990,7,0.0,12.9,-3.1
116027,ILAVE,1990,8,15.5,13.6,-1.06
116027,ILAVE,1990,9,7.4,15.11,0.07
116027,ILAVE,1990,10,65.9,15.76,4.01
116027,ILAVE,1990,11,101.1,15.42,4.63
116027,ILAVE,1990,12,127.8,14.66,4.48
116027,ILAVE,1991,1,74.2,15.12,4.73
116027,ILAVE,1991,2,75.2,15.54,4.69
116027,ILAVE,1991,3,115.1,14.97,4.91
116027,ILAVE,1991,4,50.6,14.84,3.2
116027,ILAVE,1991,5,20.0,14.46,-0.16
116027,ILAVE,1991,6,43.4,12.55,-3.33
116027,ILAVE,1991,7,6.4,13.43,-3.18
116027,ILAVE,1991,8,4.0,14.71,-2.27
116027,ILAVE,1991,9,14.2,14.67,0.03
116027,ILAVE,1991,10,45.5,15.82,1.97
116027,ILAVE,1991,11,17.3,16.14,2.49
116027,ILAVE,1991,12,63.4,16.15,3.43
116027,ILAVE,1992,1,151.9,14.39,4.28
116027,ILAVE,1992,2,88.8,15.2,3.92
116027,ILAVE,1992,3,29.7,15.89,3.07
116027,ILAVE,1992,4,8.2,16.29,0.91
116027,ILAVE,1992,5,0.0,16.21,-0.74
116027,ILAVE,1992,6,1.4,13.8,-0.78
116027,ILAVE,1992,7,1.4,13.27,-2.89
116027,ILAVE,1992,8,55.5,12.14,-2.19
116027,ILAVE,1992,9,2.4,15.03,-0.51
116027,ILAVE,1992,10,38.8,15.84,1.85
116027,ILAVE,1992,11,57.8,15.67,2.33
116027,ILAVE,1992,12,45.1,15.95,4.03
116027,ILAVE,1993,1,191.7,13.91,4.38
116027,ILAVE,1993,2,36.7,14.72,3.47
116027,ILAVE,1993,3,125.3,13.29,4.19
116027,ILAVE,1993,4,65.3,14.59,2.97
116027,ILAVE,1993,5,1.5,14.62,0.53
116027,ILAVE,1993,6,1.0,13.86,-3.03
116027,ILAVE,1993,7,0.0,14.03,-2.56
116027,ILAVE,1993,8,45.3,13.36,-0.97
116027,ILAVE,1993,9,20.0,14.93,0.8
116027,ILAVE,1993,10,23.8,15.63,3.25
116027,ILAVE,1993,11,65.3,16.25,4.4
116027,ILAVE,1993,12,94.2,15.8,5.27
116027,ILAVE,1994,1,129.4,15.17,4.88
116027,ILAVE,1994,2,126.7,14.44,4.66
116027,ILAVE,1994,3,100.2,14.26,3.8
116027,ILAVE,1994,4,58.1,14.6,3.69
116027,ILAVE,1994,5,14.8,14.39,0.34
116027,ILAVE,1994,6,0.0,13.51,-2.46
116027,ILAVE,1994,7,0.0,13.95,-3.43
116027,ILAVE,1994,8,0.0,15.01,-0.97
116027,ILAVE,1994,9,5.2,15.27,0.73
116027,ILAVE,1994,10,10.8,16.13,1.48
116027,ILAVE,1994,11,39.5,16.59,4.41
116027,ILAVE,1994,12,117.1,15.76,4.69
116027,ILAVE,1995,1,111.9,15.34,5.32
116027,ILAVE,1995,2,80.2,15.61,4.42
116027,ILAVE,1995,3,138.3,14.19,5.01
116027,ILAVE,1995,4,14.6,15.69,2.78
116027,ILAVE,1995,5,5.7,15.34,-0.38
116027,ILAVE,1995,6,0.0,13.93,-2.65
116027,ILAVE,1995,7,0.0,14.59,-2.24
116027,ILAVE,1995,8,4.2,16.1,-0.79
116027,ILAVE,1995,9,9.6,15.64,1.29
116027,ILAVE,1995,10,11.2,17.3,2.23
116027,ILAVE,1995,11,47.5,16.73,3.83
116027,ILAVE,1995,12,113.4,15.12,3.86
116027,ILAVE,1996,1,245.6,14.82,4.22
116027,ILAVE,1996,2,141.1,14.08,5.24
116027,ILAVE,1996,3,34.3,15.41,4.01
116027,ILAVE,1996,4,31.5,15.34,3.41
116027,ILAVE,1996,5,2.0,14.94,0.38
116027,ILAVE,1996,6,0.0,13.81,-2.64
116027,ILAVE,1996,7,7.2,13.39,-2.83
116027,ILAVE,1996,8,30.5,14.23,0.27
116027,ILAVE,1996,9,12.0,15.17,0.39
116027,ILAVE,1996,10,9.5,16.8,2.59
116027,ILAVE,1996,11,83.2,15.22,3.63
116027,ILAVE,1996,12,86.3,15.43,4.9
116027,ILAVE,1997,1,288.0,14.01,5.12
116027,ILAVE,1997,2,190.8,13.72,4.9
116027,ILAVE,1997,3,124.7,13.74,4.32
116027,ILAVE,1997,4,60.7,13.3,2.06
116027,ILAVE,1997,5,1.4,13.79,-0.7
116027,ILAVE,1997,6,0.0,13.33,-3.81
116027,ILAVE,1997,7,0.0,14.33,-1.53
116027,ILAVE,1997,8,61.7,13.1,-0.69
116027,ILAVE,1997,9,96.1,15.03,2.61
116027,ILAVE,1997,10,27.1,16.63,2.81
116027,ILAVE,1997,11,91.7,16.25,4.47
116027,ILAVE,1997,12,51.4,17.99,5.79
116027,ILAVE,1998,1,97.3,17.08,6.82
116027,ILAVE,1998,2,112.6,17.48,6.6
116027,ILAVE,1998,3,54.7,17.33,5.69
116027,ILAVE,1998,4,59.9,17.11,3.95
116027,ILAVE,1998,5,0.0,16.08,-0.28
116027,ILAVE,1998,6,13.0,-999.0,-0.1
116027,ILAVE,1998,7,0.0,-999.0,-1.52
116027,ILAVE,1998,8,0.1,-999.0,-0.49
116027,ILAVE,1998,9,4.6,-999.0,-0.13
116027,ILAVE,1998,10,41.0,-999.0,2.56
116027,ILAVE,1998,11,47.1,-999.0,3.43
116027,ILAVE,1998,12,41.1,-999.0,4.58
116027,ILAVE,1999,1,107.1,-999.0,4.73
116027,ILAVE,1999,2,153.8,14.02,5.36
116027,ILAVE,1999,3,223.4,13.77,4.95
116027,ILAVE,1999,4,89.7,13.99,3.38
116027,ILAVE,1999,5,14.9,14.05,0.48
116027,ILAVE,1999,6,0.6,13.55,-2.77
116027,ILAVE,1999,7,1.5,13.44,-1.93
116027,ILAVE,1999,8,3.9,14.53,0.01
116027,ILAVE,1999,9,21.0,14.97,0.75
116027,ILAVE,1999,10,123.3,14.76,2.6
116027,ILAVE,1999,11,17.9,16.23,2.63
116027,ILAVE,1999,12,62.3,16.72,4.37
116027,ILAVE,2000,1,269.9,14.15,5.08
116027,ILAVE,2000,2,161.1,14.1,5.25
116027,ILAVE,2000,3,135.6,14.21,4.75
116027,ILAVE,2000,4,14.4,15.47,2.93
116027,ILAVE,2000,5,4.9,15.54,0.77
116027,ILAVE,2000,6,4.4,13.51,-2.15
116027,ILAVE,2000,7,9.3,13.23,-2.85
116027,ILAVE,2000,8,6.4,14.39,0.03
116027,ILAVE,2000,9,3.2,15.92,0.57
116027,ILAVE,2000,10,51.5,15.24,2.95
116027,ILAVE,2000,11,1.0,17.49,2.78
116027,ILAVE,2000,12,109.8,15.58,4.1
116027,ILAVE,2001,1,298.9,13.2,5.1
116027,ILAVE,2001,2,231.8,13.68,5.52
116027,ILAVE,2001,3,162.2,13.93,4.95
116027,ILAVE,2001,4,44.1,14.49,3.35
116027,ILAVE,2001,5,2.5,14.55,0.9
116027,ILAVE,2001,6,0.1,13.95,-0.2
116027,ILAVE,2001,7,15.0,13.17,-1.78
116027,ILAVE,2001,8,23.9,13.74,-0.33
116027,ILAVE,2001,9,12.2,15.55,2.01
116027,ILAVE,2001,10,58.0,16.18,3.59
116027,ILAVE,2001,11,33.8,17.59,4.65
116027,ILAVE,2001,12,106.9,15.9,4.53
116027,ILAVE,2002,1,108.2,15.63,5.23
116027,ILAVE,2002,2,242.7,14.34,5.91
116027,ILAVE,2002,3,228.5,14.72,5.5
116027,ILAVE,2002,4,156.8,14.26,3.94
116027,ILAVE,2002,5,20.9,14.12,1.55
116027,ILAVE,2002,6,19.8,13.76,0.32
116027,ILAVE,2002,7,43.6,11.84,-1.46
116027,ILAVE,2002,8,15.2,13.8,-0.01
116027,ILAVE,2002,9,10.7,14.97,1.78
116027,ILAVE,2002,10,69.8,15.46,4.16
116027,ILAVE,2002,11,80.7,16.6,4.21
116027,ILAVE,2002,12,108.0,16.07,5.18
116027,ILAVE,2003,1,168.1,15.29,5.77
116027,ILAVE,2003,2,78.9,15.5,5.69
116027,ILAVE,2003,3,172.0,14.59,5.37
116027,ILAVE,2003,4,14.5,15.2,2.81
116027,ILAVE,2003,5,24.3,14.12,0.94
116027,ILAVE,2003,6,0.5,13.82,-1.6
116027,ILAVE,2003,7,0.0,13.52,-2.17
116027,ILAVE,2003,8,10.3,13.96,-0.66
116027,ILAVE,2003,9,52.2,13.99,0.43
116027,ILAVE,2003,10,14.1,16.19,2.46
116027,ILAVE,2003,11,17.9,17.26,3.77
116027,ILAVE,2003,12,89.3,17.06,4.96
116027,ILAVE,2004,1,286.1,13.95,5.4
116027,ILAVE,2004,2,132.5,14.7,4.98
116027,ILAVE,2004,3,52.6,15.88,5.02
116027,ILAVE,2004,4,19.4,15.69,3.63
116027,ILAVE,2004,5,10.2,14.5,-2.91
116027,ILAVE,2004,6,1.6,12.91,-2.43
116027,ILAVE,2004,7,22.1,12.83,-0.8
116027,ILAVE,2004,8,38.3,13.55,0.51
116027,ILAVE,2004,9,15.9,14.79,1.7
116027,ILAVE,2004,10,2.0,16.65,2.83
116027,ILAVE,2004,11,22.4,17.33,3.37
116027,ILAVE,2004,12,63.2,17.28,3.43
116027,ILAVE,2005,1,125.1,15.32,4.09
116027,ILAVE,2005,2,142.5,14.63,4.27
116027,ILAVE,2005,3,78.7,16.04,4.63
116027,ILAVE,2005,4,23.6,15.89,3.31
116027,ILAVE,2005,5,8.3,15.19,-0.62
116027,ILAVE,2005,6,0.0,13.99,-3.35
116027,ILAVE,2005,7,0.0,14.79,-2.02
116027,ILAVE,2005,8,0.0,14.75,-2.33
116027,ILAVE,2005,9,26.2,15.01,-0.33
116027,ILAVE,2005,10,58.7,15.58,3.04
116027,ILAVE,2005,11,55.7,16.45,4.08
116027,ILAVE,2005,12,88.5,16.5,5.2
116027,ILAVE,2006,1,335.4,13.98,4.91
116027,ILAVE,2006,2,80.1,15.22,4.93
116027,ILAVE,2006,3,138.3,15.48,5.27
116027,ILAVE,2006,4,30.8,15.43,2.65
116027,ILAVE,2006,5,3.2,14.39,-1.88
116027,ILAVE,2006,6,3.0,14.17,-1.8
116027,ILAVE,2006,7,0.0,14.99,-4.46
116027,ILAVE,2006,8,8.9,15.82,-0.5
116027,ILAVE,2006,9,27.7,16.56,0.14
116027,ILAVE,2006,10,25.6,17.71,3.38
116027,ILAVE,2006,11,99.6,17.56,4.59
116027,ILAVE,2006,12,81.1,17.89,5.56
116027,ILAVE,2007,1,92.9,17.4,5.67
116027,ILAVE,2007,2,61.8,17.14,4.91
116027,ILAVE,2007,3,212.4,15.75,5.05
116027,ILAVE,2007,4,66.2,16.2,3.71
116027,ILAVE,2007,5,2.5,15.89,0.3
116027,ILAVE,2007,6,2.1,15.81,-2.07
116027,ILAVE,2007,7,7.8,14.09,-4.8
116027,ILAVE,2007,8,5.2,16.11,-3.37
116027,ILAVE,2007,9,41.5,14.87,1.15
116027,ILAVE,2007,10,27.5,17.36,1.34
116027,ILAVE,2007,11,30.6,16.68,1.01
116027,ILAVE,2007,12,87.1,16.7,2.79
116027,ILAVE,2008,1,245.1,14.5,4.75
116027,ILAVE,2008,2,94.7,15.1,3.88
116027,ILAVE,2008,3,68.5,14.66,3.24
116027,ILAVE,2008,4,17.0,15.52,-0.87
116027,ILAVE,2008,5,1.8,14.82,-4.94
116027,ILAVE,2008,6,1.4,15.25,-5.79
116027,ILAVE,2008,7,7.2,14.62,-6.54
116027,ILAVE,2008,8,3.2,15.6,-5.14
116027,ILAVE,2008,9,1.4,17.02,-3.24
116027,ILAVE,2008,10,53.7,17.08,0.95
116027,ILAVE,2008,11,0.6,18.75,2.49
116027,ILAVE,2008,12,146.2,15.7,2.28
116027,ILAVE,2009,1,105.1,15.5,3.92
116027,ILAVE,2009,2,126.7,15.24,4.37
116027,ILAVE,2009,3,81.7,14.77,3.3
116027,ILAVE,2009,4,57.5,15.01,1.39
116027,ILAVE,2009,5,0.0,15.2,-3.81
116027,ILAVE,2009,6,0.0,14.63,-7.92
116027,ILAVE,2009,7,8.2,14.75,-5.37
116027,ILAVE,2009,8,0.0,15.67,-6.16
116027,ILAVE,2009,9,40.5,16.99,-2.33
116027,ILAVE,2009,10,35.2,17.85,0.57
116027,ILAVE,2009,11,158.0,17.17,3.83
116027,ILAVE,2009,12,57.4,17.34,3.48
116027,ILAVE,2010,1,212.9,16.35,3.86
116027,ILAVE,2010,2,116.9,16.27,5.56
116027,ILAVE,2010,3,64.4,16.1,3.94
116027,ILAVE,2010,4,42.1,16.83,1.36
116027,ILAVE,2010,5,37.2,15.7,-1.83
116027,ILAVE,2010,6,0.0,16.07,-2.97
116027,ILAVE,2010,7,0.0,15.97,-5.04
116027,ILAVE,2010,8,8.7,17.17,-999.0
116027,ILAVE,2010,9,1.2,17.54,-1.51
116027,ILAVE,2010,10,39.0,18.03,0.05
116027,ILAVE,2010,11,7.8,18.91,-0.57
116027,ILAVE,2010,12,-999.0,-999.0,-999.0
116027,ILAVE,2011,1,-999.0,-999.0,-999.0
116027,ILAVE,2011,2,-999.0,-999.0,-999.0
116027,ILAVE,2011,3,152.6,-999.0,-999.0
116027,ILAVE,2011,4,5.6,-999.0,2.24
116027,ILAVE,2011,5,4.0,-999.0,-0.46
116027,ILAVE,2011,6,0.0,-999.0,-3.02
116027,ILAVE,2011,7,11.0,13.45,-3.15
116027,ILAVE,2011,8,0.0,14.67,-1.77
116027,ILAVE,2011,9,23.1,14.25,0.82
116027,ILAVE,2011,10,22.6,15.38,1.17
116027,ILAVE,2011,11,16.0,17.05,3.21
116027,ILAVE,2011,12,128.9,14.98,4.55
116027,ILAVE,2012,1,115.0,13.97,4.44
116027,ILAVE,2012,2,248.4,13.26,4.48
116027,ILAVE,2012,3,179.6,13.29,4.15
116027,ILAVE,2012,4,43.5,13.77,2.96
116027,ILAVE,2012,5,0.0,14.05,-2.01
116027,ILAVE,2012,6,1.2,13.72,-4.26
116027,ILAVE,2012,7,0.0,14.12,-4.86
116027,ILAVE,2012,8,4.2,14.6,-4.52
116027,ILAVE,2012,9,12.5,15.35,-0.75
116027,ILAVE,2012,10,7.5,16.61,2.03
116027,ILAVE,2012,11,46.3,16.79,3.66
116027,ILAVE,2012,12,252.6,-999.0,5.19
116027,ILAVE,2013,1,142.8,-999.0,4.76
116027,ILAVE,2013,2,157.0,14.72,5.47
116027,ILAVE,2013,3,39.3,16.0,4.11
116027,ILAVE,2013,4,13.4,16.33,0.17
116027,ILAVE,2013,5,33.7,15.13,0.3
116027,ILAVE,2013,6,18.3,14.05,-2.39
116027,ILAVE,2013,7,7.2,14.53,-1.66
116027,ILAVE,2013,8,6.5,15.0,-2.29
116027,ILAVE,2013,9,2.5,16.47,-1.14
116027,ILAVE,2013,10,46.0,16.43,2.26
116027,ILAVE,2013,11,19.1,17.07,3.53
116027,ILAVE,2013,12,173.6,15.61,4.65
116027,ILAVE,2014,1,210.4,15.28,4.84
116027,ILAVE,2014,2,78.2,15.58,4.75
116027,ILAVE,2014,3,36.0,16.36,3.69
116027,ILAVE,2014,4,18.6,16.27,2.65
116027,ILAVE,2014,5,0.0,15.93,-1.11
116027,ILAVE,2014,6,0.0,16.31,-3.17
116027,ILAVE,2014,7,3.3,15.13,-3.38
116027,ILAVE,2014,8,29.2,15.17,-0.97
116027,ILAVE,2014,9,111.5,14.97,2.22
116027,ILAVE,2014,10,32.3,15.79,2.82
116027,ILAVE,2014,11,20.1,17.61,3.21
116027,ILAVE,2014,12,107.3,17.32,4.88
116027,ILAVE,2015,1,122.6,14.55,4.42
116027,ILAVE,2015,2,135.0,14.97,5.0
116027,ILAVE,2015,3,164.2,14.89,4.84
116027,ILAVE,2015,4,91.5,14.49,4.27
116027,ILAVE,2015,5,11.6,15.03,-0.46
116027,ILAVE,2015,6,0.0,15.77,-2.39
116027,ILAVE,2015,7,6.1,15.22,-3.74
116027,ILAVE,2015,8,9.2,15.61,-1.86
116027,ILAVE,2015,9,34.5,16.17,0.69
116027,ILAVE,2015,10,31.9,16.69,2.13
116027,ILAVE,2015,11,12.9,17.93,3.31
116027,ILAVE,2015,12,69.6,17.39,4.68
116027,ILAVE,2016,1,96.7,17.43,5.09
116027,ILAVE,2016,2,176.8,15.98,6.06
116027,ILAVE,2016,3,108.5,-999.0,5.49
116027,ILAVE,2016,4,63.2,16.42,2.39
116027,ILAVE,2016,5,3.4,16.25,-2.08
116027,ILAVE,2016,6,2.2,-999.0,-3.63
116027,ILAVE,2016,7,11.4,15.65,-2.5
116027,ILAVE,2016,8,3.8,15.92,-1.98
116027,ILAVE,2016,9,2.4,16.94,-0.56
116027,ILAVE,2016,10,32.0,16.71,2.37
116027,ILAVE,2016,11,8.2,17.83,1.37
116027,ILAVE,2016,12,107.3,17.47,4.64
116027,ILAVE,2017,1,224.6,14.94,5.2
116027,ILAVE,2017,2,123.8,15.78,5.22
116027,ILAVE,2017,3,108.5,14.39,5.49
116027,ILAVE,2017,4,32.3,15.55,2.62
116027,ILAVE,2017,5,57.7,14.93,0.69
116027,ILAVE,2017,6,9.1,14.85,-2.62
116027,ILAVE,2017,7,14.5,14.7,-3.48
116027,ILAVE,2017,8,0.0,15.61,-3.17
116027,ILAVE,2017,9,44.1,14.98,1.61
116027,ILAVE,2017,10,24.3,16.73,0.92
116027,ILAVE,2017,11,30.8,18.03,2.91
116027,ILAVE,2017,12,93.4,16.84,4.83
116027,ILAVE,2018,1,115.8,15.12,4.8
116027,ILAVE,2018,2,185.6,14.59,-999.0
116027,ILAVE,2018,3,134.9,15.12,4.5
116027,ILAVE,2018,4,45.0,15.69,1.56
116027,ILAVE,2018,5,5.4,15.34,-1.75
116027,ILAVE,2018,6,20.0,13.71,-1.77
116027,ILAVE,2018,7,29.5,14.46,-1.69
116027,ILAVE,2018,8,2.7,14.71,-1.5
116027,ILAVE,2018,9,0.0,16.35,-0.48
116027,ILAVE,2018,10,104.7,16.25,4.28
116027,ILAVE,2018,11,3.1,18.01,4.19
116027,ILAVE,2018,12,54.5,17.37,4.15
116027,ILAVE,2019,1,158.0,15.81,5.59
116027,ILAVE,2019,2,130.2,15.59,5.86
116027,ILAVE,2019,3,44.7,16.58,4.9
116027,ILAVE,2019,4,64.2,16.32,2.97
116027,ILAVE,2019,5,14.6,16.2,-0.76
116027,ILAVE,2019,6,2.3,15.31,-2.77
116027,ILAVE,2019,7,13.3,15.36,-3.14
116027,ILAVE,2019,8,0.0,15.92,-3.43
116027,ILAVE,2019,9,32.4,16.86,1.46
116027,ILAVE,2019,10,54.0,17.11,1.7
116027,ILAVE,2019,11,83.4,16.81,4.39
116027,ILAVE,2019,12,89.6,17.51,5.09
116027,ILAVE,2020,1,107.3,16.41,5.39
116027,ILAVE,2020,2,134.5,16.3,6.13
116027,ILAVE,2020,3,-999.0,-999.0,-999.0
116027,ILAVE,2020,4,-999.0,-999.0,-999.0
116027,ILAVE,2020,5,-999.0,-999.0,-999.0
116027,ILAVE,2020,6,0.2,16.58,-4.14
116027,ILAVE,2020,7,0.0,16.36,-4.89
116027,ILAVE,2020,8,0.0,17.18,-2.54
116027,ILAVE,2020,9,41.3,16.43,1.11
116027,ILAVE,2020,10,50.1,16.47,3.08
116027,ILAVE,2020,11,29.6,18.87,2.13
116027,ILAVE,2020,12,189.0,16.9,4.7
116027,ILAVE,2021,1,165.1,15.66,4.79
116027,ILAVE,2021,2,66.2,16.3,4.84
116027,ILAVE,2021,3,130.8,15.16,4.35
116027,ILAVE,2021,4,52.1,15.78,1.67
116027,ILAVE,2021,5,24.7,15.37,-0.5
116027,ILAVE,2021,6,0.0,15.27,-2.85
116027,ILAVE,2021,7,0.9,15.61,-2.84
116027,ILAVE,2021,8,9.2,15.87,-1.85
116027,ILAVE,2021,9,42.0,16.85,1.38
116027,ILAVE,2021,10,36.9,18.13,2.37
116027,ILAVE,2021,11,46.3,17.73,3.82
116027,ILAVE,2021,12,212.0,15.49,5.06
116027,ILAVE,2022,1,192.3,15.25,4.89
116027,ILAVE,2022,2,119.8,15.07,5.19
116027,ILAVE,2022,3,93.1,15.06,5.23
116027,ILAVE,2022,4,26.8,15.74,0.34
116027,ILAVE,2022,5,0.0,14.95,-2.86
116027,ILAVE,2022,6,5.4,13.83,-4.27
116027,ILAVE,2022,7,0.0,15.34,-2.89
116027,ILAVE,2022,8,2.8,15.53,-3.05
116027,ILAVE,2022,9,7.0,16.23,-1.73
116027,ILAVE,2022,10,0.0,17.22,-1.67
116027,ILAVE,2022,11,4.4,17.85,0.53
116027,ILAVE,2022,12,29.4,16.46,2.95
116027,ILAVE,2023,1,137.9,16.09,4.21
116027,ILAVE,2023,2,139.3,15.23,4.63
116027,ILAVE,2023,3,147.7,15.33,4.94
116027,ILAVE,2023,4,11.8,15.71,1.14
116027,ILAVE,2023,5,15.5,15.37,-0.88
116027,ILAVE,2023,6,0.0,15.46,-5.31
116027,ILAVE,2023,7,2.3,16.43,-3.96
116027,ILAVE,2023,8,2.5,16.15,-2.78
116027,ILAVE,2023,9,7.1,17.51,0.35
116027,ILAVE,2023,10,22.2,18.83,3.95
116027,ILAVE,2023,11,48.8,18.51,5.21
116027,ILAVE,2023,12,87.4,17.34,6.44
116027,ILAVE,2024,1,86.3,17.25,6.22
116027,ILAVE,2024,2,174.5,15.66,5.73
116027,ILAVE,2024,3,152.4,16.01,6.36
116027,ILAVE,2024,4,28.5,17.37,4.04
116027,ILAVE,2024,5,5.8,17.26,0.39
116027,ILAVE,2024,6,0.0,16.17,-3.1
116027,ILAVE,2024,7,0.0,16.38,-3.43
116027,ILAVE,2024,8,0.0,16.78,-2.22
116027,ILAVE,2024,9,11.2,17.86,1.61
116027,ILAVE,2024,10,22.8,18.12,2.53
116027,ILAVE,2024,11,85.1,17.91,4.89
116027,ILAVE,2024,12,11.3,18.43,5.04
116027,ILAVE,2025,1,199.6,15.75,5.11
116027,ILAVE,2025,2,185.7,15.91,5.54
116027,ILAVE,2025,3,244.9,15.77,5.55
116027,ILAVE,2025,4,35.5,16.48,3.59
116027,ILAVE,2025,5,21.7,16.05,1.63
116027,ILAVE,2025,6,0.0,15.27,-0.95
116027,ILAVE,2025,7,0.2,15.69,-0.57
116027,ILAVE,2025,8,1.5,16.12,-0.01
116027,ILAVE,2025,9,33.8,16.59,3.38
116027,ILAVE,2025,10,75.8,16.9,5.46
116027,ILAVE,2025,11,8.7,17.9,3.38
116027,ILAVE,2025,12,115.9,17.53,3.81
