CODIGO,ESTACION,YEAR,MONTH,PP,TMAX,TMIN
116061,JULI,1990,1,192.0,13.64,5.02
116061,JULI,1990,2,50.8,13.99,3.37
116061,JULI,1990,3,51.4,14.39,3.47
116061,JULI,1990,4,47.7,14.29,3.14
116061,JULI,1990,5,13.6,13.92,1.34
116061,JULI,1990,6,48.5,11.3,-0.22
116061,JULI,1990,7,0.0,12.23,-1.99
116061,JULI,1990,8,18.9,12.73,-0.04
116061,JULI,1990,9,19.9,14.02,1.18
116061,JULI,1990,10,69.3,14.74,4.5
116061,JULI,1990,11,64.3,15.01,5.34
116061,JULI,1990,12,173.7,14.13,5.0
116061,JULI,1991,1,147.1,14.0,2.74
116061,JULI,1991,2,101.8,14.72,5.35
116061,JULI,1991,3,152.8,14.26,5.21
116061,JULI,1991,4,70.8,14.23,3.88
116061,JULI,1991,5,10.1,14.23,1.88
116061,JULI,1991,6,31.5,12.47,-2.07
116061,JULI,1991,7,3.8,12.95,-1.83
116061,JULI,1991,8,0.6,13.78,-0.68
116061,JULI,1991,9,11.8,13.82,1.18
116061,JULI,1991,10,49.8,14.87,2.99
116061,JULI,1991,11,30.9,14.98,2.99
116061,JULI,1991,12,74.0,15.04,2.93
116061,JULI,1992,1,159.3,13.59,3.08
116061,JULI,1992,2,130.9,13.91,2.63
116061,JULI,1992,3,40.2,14.5,2.96
116061,JULI,1992,4,32.8,15.46,1.17
116061,JULI,1992,5,0.0,15.43,-0.04
116061,JULI,1992,6,0.7,13.19,-0.0
116061,JULI,1992,7,3.7,12.47,-1.32
116061,JULI,1992,8,40.9,11.53,-0.97
116061,JULI,1992,9,0.0,13.78,0.43
116061,JULI,1992,10,24.0,14.6,2.5
116061,JULI,1992,11,72.6,14.37,2.85
116061,JULI,1992,12,60.7,14.27,4.97
116061,JULI,1993,1,219.6,12.57,4.76
116061,JULI,1993,2,88.2,12.95,3.69
116061,JULI,1993,3,185.2,12.23,3.85
116061,JULI,1993,4,30.8,13.49,3.39
116061,JULI,1993,5,7.6,13.06,1.19
116061,JULI,1993,6,2.9,12.3,-1.93
116061,JULI,1993,7,0.0,12.6,-1.53
116061,JULI,1993,8,35.1,12.27,-0.64
116061,JULI,1993,9,21.1,13.45,1.96
116061,JULI,1993,10,73.0,13.46,3.79
116061,JULI,1993,11,122.0,14.26,4.93
116061,JULI,1993,12,69.8,14.39,5.2
116061,JULI,1994,1,186.5,13.87,4.7
116061,JULI,1994,2,149.1,13.58,5.0
116061,JULI,1994,3,109.5,13.37,3.97
116061,JULI,1994,4,55.4,13.63,4.22
116061,JULI,1994,5,11.7,13.01,1.22
116061,JULI,1994,6,0.0,12.03,-1.08
116061,JULI,1994,7,1.6,12.4,-0.91
116061,JULI,1994,8,0.8,13.14,-0.0
116061,JULI,1994,9,7.1,13.37,2.02
116061,JULI,1994,10,14.3,14.4,3.34
116061,JULI,1994,11,69.2,14.59,4.92
116061,JULI,1994,12,165.3,13.81,4.99
116061,JULI,1995,1,128.9,14.29,5.37
116061,JULI,1995,2,105.9,15.16,4.84
116061,JULI,1995,3,134.5,14.09,5.01
116061,JULI,1995,4,19.9,15.36,2.59
116061,JULI,1995,5,6.1,14.54,0.55
116061,JULI,1995,6,0.0,13.29,-1.65
116061,JULI,1995,7,0.6,13.51,-0.77
116061,JULI,1995,8,7.2,14.84,0.47
116061,JULI,1995,9,17.8,14.29,2.62
116061,JULI,1995,10,26.7,15.61,3.48
116061,JULI,1995,11,71.6,15.1,4.43
116061,JULI,1995,12,117.2,14.3,4.4
116061,JULI,1996,1,195.5,13.85,4.78
116061,JULI,1996,2,127.0,13.57,5.13
116061,JULI,1996,3,137.3,14.32,4.51
116061,JULI,1996,4,32.3,14.4,4.01
116061,JULI,1996,5,18.8,13.89,1.29
116061,JULI,1996,6,0.0,13.17,-0.88
116061,JULI,1996,7,9.1,12.33,-1.3
116061,JULI,1996,8,38.0,13.12,1.47
116061,JULI,1996,9,4.5,14.1,1.9
116061,JULI,1996,10,26.6,15.35,3.71
116061,JULI,1996,11,77.2,14.33,4.57
116061,JULI,1996,12,101.6,14.55,5.42
116061,JULI,1997,1,264.1,13.7,5.29
116061,JULI,1997,2,220.4,13.42,5.2
116061,JULI,1997,3,162.3,13.45,4.37
116061,JULI,1997,4,66.1,13.31,2.82
116061,JULI,1997,5,11.1,13.4,0.59
116061,JULI,1997,6,0.0,12.73,-1.75
116061,JULI,1997,7,0.0,13.46,-0.14
116061,JULI,1997,8,64.0,12.29,1.01
116061,JULI,1997,9,79.7,13.97,3.4
116061,JULI,1997,10,36.2,15.23,3.7
116061,JULI,1997,11,79.2,15.08,5.37
116061,JULI,1997,12,54.0,16.19,6.15
116061,JULI,1998,1,132.4,15.76,6.57
116061,JULI,1998,2,77.3,16.38,6.5
116061,JULI,1998,3,150.6,16.48,6.26
116061,JULI,1998,4,62.0,16.32,4.72
116061,JULI,1998,5,0.0,15.28,1.32
116061,JULI,1998,6,13.6,13.74,1.07
116061,JULI,1998,7,0.0,13.74,-0.08
116061,JULI,1998,8,0.0,14.48,0.94
116061,JULI,1998,9,17.3,14.9,1.62
116061,JULI,1998,10,75.4,14.85,3.83
116061,JULI,1998,11,66.0,14.75,4.42
116061,JULI,1998,12,51.3,15.3,5.43
116061,JULI,1999,1,158.7,13.46,5.29
116061,JULI,1999,2,278.2,12.67,5.0
116061,JULI,1999,3,309.8,12.54,4.54
116061,JULI,1999,4,61.5,12.8,3.1
116061,JULI,1999,5,28.4,12.65,0.34
116061,JULI,1999,6,2.2,12.21,-1.79
116061,JULI,1999,7,3.1,12.32,-1.02
116061,JULI,1999,8,1.9,12.55,0.16
116061,JULI,1999,9,58.1,13.01,1.21
116061,JULI,1999,10,130.3,12.95,2.5
116061,JULI,1999,11,18.5,14.26,3.1
116061,JULI,1999,12,94.0,14.76,4.59
116061,JULI,2000,1,275.3,12.99,4.39
116061,JULI,2000,2,236.3,12.87,4.24
116061,JULI,2000,3,138.4,13.03,4.11
116061,JULI,2000,4,16.7,13.51,2.79
116061,JULI,2000,5,10.9,13.69,0.43
116061,JULI,2000,6,14.3,11.99,-2.35
116061,JULI,2000,7,0.6,11.88,-2.81
116061,JULI,2000,8,17.0,12.77,-0.58
116061,JULI,2000,9,1.2,14.42,0.3
116061,JULI,2000,10,62.2,13.98,3.34
116061,JULI,2000,11,1.9,16.32,3.25
116061,JULI,2000,12,119.5,14.39,4.56
116061,JULI,2001,1,324.0,12.53,4.74
116061,JULI,2001,2,251.9,13.08,5.31
116061,JULI,2001,3,239.6,12.98,4.63
116061,JULI,2001,4,57.4,13.2,3.47
116061,JULI,2001,5,7.9,12.94,0.86
116061,JULI,2001,6,1.9,12.44,-0.13
116061,JULI,2001,7,12.7,11.59,-1.15
116061,JULI,2001,8,30.9,12.05,0.17
116061,JULI,2001,9,18.8,13.59,2.25
116061,JULI,2001,10,67.7,14.52,3.76
116061,JULI,2001,11,13.8,15.65,5.04
116061,JULI,2001,12,116.2,14.44,4.52
116061,JULI,2002,1,145.8,14.17,4.86
116061,JULI,2002,2,216.8,13.81,5.51
116061,JULI,2002,3,239.1,14.26,5.29
116061,JULI,2002,4,134.2,13.55,4.03
116061,JULI,2002,5,8.6,13.18,2.03
116061,JULI,2002,6,16.5,12.57,0.86
116061,JULI,2002,7,42.4,11.08,-0.32
116061,JULI,2002,8,10.9,12.39,0.84
116061,JULI,2002,9,3.7,13.56,2.65
116061,JULI,2002,10,39.4,14.31,4.7
116061,JULI,2002,11,37.4,15.13,5.12
116061,JULI,2002,12,107.1,14.99,5.59
116061,JULI,2003,1,229.7,14.21,5.68
116061,JULI,2003,2,142.7,14.3,5.68
116061,JULI,2003,3,304.8,14.32,4.97
116061,JULI,2003,4,39.3,14.57,3.0
116061,JULI,2003,5,23.4,13.21,1.7
116061,JULI,2003,6,0.0,12.57,-0.86
116061,JULI,2003,7,5.9,12.14,-0.57
116061,JULI,2003,8,12.6,12.28,0.14
116061,JULI,2003,9,42.6,12.41,1.26
116061,JULI,2003,10,24.6,14.26,3.37
116061,JULI,2003,11,25.6,15.0,4.45
116061,JULI,2003,12,89.6,15.26,5.92
116061,JULI,2004,1,322.0,13.23,5.84
116061,JULI,2004,2,115.8,13.73,5.61
116061,JULI,2004,3,68.4,14.55,5.35
116061,JULI,2004,4,54.9,14.52,4.01
116061,JULI,2004,5,11.6,13.12,-1.21
116061,JULI,2004,6,2.0,11.75,-0.65
116061,JULI,2004,7,34.0,11.63,0.5
116061,JULI,2004,8,49.9,12.01,0.99
116061,JULI,2004,9,25.3,13.16,2.82
116061,JULI,2004,10,11.1,15.02,4.03
116061,JULI,2004,11,25.7,15.63,4.67
116061,JULI,2004,12,126.3,15.34,6.05
116061,JULI,2005,1,139.1,14.35,5.73
116061,JULI,2005,2,189.2,13.81,5.19
116061,JULI,2005,3,78.7,15.13,4.95
116061,JULI,2005,4,29.5,14.77,4.14
116061,JULI,2005,5,1.5,14.15,1.11
116061,JULI,2005,6,0.0,12.91,-1.7
116061,JULI,2005,7,0.0,13.43,-0.65
116061,JULI,2005,8,1.0,13.11,-0.66
116061,JULI,2005,9,24.7,13.98,1.59
116061,JULI,2005,10,61.2,14.33,4.2
116061,JULI,2005,11,54.0,14.59,4.69
116061,JULI,2005,12,164.2,14.71,5.14
116061,JULI,2006,1,347.2,13.48,4.87
116061,JULI,2006,2,196.8,14.41,4.8
116061,JULI,2006,3,174.1,14.6,5.3
116061,JULI,2006,4,44.6,13.85,4.26
116061,JULI,2006,5,37.7,12.94,0.06
116061,JULI,2006,6,3.3,12.21,-0.61
116061,JULI,2006,7,0.0,12.55,-1.15
116061,JULI,2006,8,2.3,13.46,0.6
116061,JULI,2006,9,13.9,13.76,1.25
116061,JULI,2006,10,43.5,14.59,4.46
116061,JULI,2006,11,113.6,14.53,5.69
116061,JULI,2006,12,93.9,14.79,5.88
116061,JULI,2007,1,77.1,14.81,6.14
116061,JULI,2007,2,136.4,14.24,5.53
116061,JULI,2007,3,238.3,13.43,5.49
116061,JULI,2007,4,99.6,14.01,4.56
116061,JULI,2007,5,6.6,13.66,1.49
116061,JULI,2007,6,1.2,13.53,0.51
116061,JULI,2007,7,8.3,12.23,-0.5
116061,JULI,2007,8,5.1,13.99,0.94
116061,JULI,2007,9,30.4,13.01,3.25
116061,JULI,2007,10,44.4,14.84,4.03
116061,JULI,2007,11,30.3,14.63,3.79
116061,JULI,2007,12,156.9,14.41,4.88
116061,JULI,2008,1,296.4,13.21,5.82
116061,JULI,2008,2,109.5,13.89,5.41
116061,JULI,2008,3,88.7,13.54,4.9
116061,JULI,2008,4,44.4,13.74,2.75
116061,JULI,2008,5,0.8,13.18,-1.12
116061,JULI,2008,6,2.5,13.31,-1.01
116061,JULI,2008,7,1.2,12.95,-1.66
116061,JULI,2008,8,0.5,13.46,-0.95
116061,JULI,2008,9,0.7,14.71,1.21
116061,JULI,2008,10,52.0,15.14,3.83
116061,JULI,2008,11,15.9,16.25,4.93
116061,JULI,2008,12,177.3,14.04,5.15
116061,JULI,2009,1,161.7,14.27,5.29
116061,JULI,2009,2,210.5,14.27,5.2
116061,JULI,2009,3,170.1,13.73,4.83
116061,JULI,2009,4,77.0,13.59,3.3
116061,JULI,2009,5,0.0,13.78,1.05
116061,JULI,2009,6,0.0,12.65,-2.58
116061,JULI,2009,7,6.6,13.12,-1.02
116061,JULI,2009,8,0.0,13.78,-1.12
116061,JULI,2009,9,54.0,15.07,2.31
116061,JULI,2009,10,34.0,16.21,3.98
116061,JULI,2009,11,125.9,15.81,6.24
116061,JULI,2009,12,128.5,14.94,5.54
116061,JULI,2010,1,236.2,14.77,6.32
116061,JULI,2010,2,217.6,15.36,6.45
116061,JULI,2010,3,107.0,15.39,5.81
116061,JULI,2010,4,25.1,15.69,3.55
116061,JULI,2010,5,42.5,14.43,1.83
116061,JULI,2010,6,0.0,14.3,0.9
116061,JULI,2010,7,0.0,13.9,-1.61
116061,JULI,2010,8,9.1,14.43,0.44
116061,JULI,2010,9,5.3,15.33,1.97
116061,JULI,2010,10,62.5,15.11,3.72
116061,JULI,2010,11,13.1,16.1,3.87
116061,JULI,2010,12,117.0,14.75,5.71
116061,JULI,2011,1,266.7,14.59,5.35
116061,JULI,2011,2,288.1,12.91,5.23
116061,JULI,2011,3,216.6,13.41,5.45
116061,JULI,2011,4,45.3,14.2,3.24
116061,JULI,2011,5,6.4,13.88,0.9
116061,JULI,2011,6,0.0,13.73,-0.36
116061,JULI,2011,7,12.0,12.66,-1.08
116061,JULI,2011,8,3.6,13.9,0.89
116061,JULI,2011,9,56.0,13.61,2.17
116061,JULI,2011,10,21.8,14.75,3.15
116061,JULI,2011,11,71.7,15.82,4.83
116061,JULI,2011,12,284.6,14.05,5.28
116061,JULI,2012,1,224.9,13.38,5.06
116061,JULI,2012,2,339.6,13.14,5.14
116061,JULI,2012,3,239.7,13.5,5.05
116061,JULI,2012,4,79.0,14.05,4.34
116061,JULI,2012,5,0.0,13.74,0.85
116061,JULI,2012,6,1.2,13.19,-0.23
116061,JULI,2012,7,1.3,13.23,-0.9
116061,JULI,2012,8,1.5,13.39,-0.54
116061,JULI,2012,9,5.4,14.05,2.14
116061,JULI,2012,10,17.7,15.52,4.03
116061,JULI,2012,11,31.8,15.85,4.99
116061,JULI,2012,12,241.0,14.05,5.74
116061,JULI,2013,1,166.0,14.01,5.02
116061,JULI,2013,2,210.5,13.89,5.71
116061,JULI,2013,3,120.9,14.77,5.19
116061,JULI,2013,4,12.2,14.93,2.21
116061,JULI,2013,5,33.7,13.9,2.06
116061,JULI,2013,6,40.4,12.45,0.37
116061,JULI,2013,7,9.1,12.82,0.8
116061,JULI,2013,8,10.2,13.18,0.36
116061,JULI,2013,9,2.1,14.8,1.27
116061,JULI,2013,10,73.0,15.08,3.87
116061,JULI,2013,11,59.4,15.47,5.15
116061,JULI,2013,12,159.8,14.01,5.63
116061,JULI,2014,1,278.8,13.9,5.3
116061,JULI,2014,2,103.5,14.49,5.14
116061,JULI,2014,3,67.1,15.37,4.06
116061,JULI,2014,4,40.0,15.62,3.74
116061,JULI,2014,5,5.7,14.71,1.03
116061,JULI,2014,6,0.0,14.73,-0.44
116061,JULI,2014,7,2.0,13.77,-0.43
116061,JULI,2014,8,39.2,13.69,0.96
116061,JULI,2014,9,69.8,14.01,3.35
116061,JULI,2014,10,44.8,14.41,4.23
116061,JULI,2014,11,47.3,16.1,4.87
116061,JULI,2014,12,87.5,15.31,5.74
116061,JULI,2015,1,266.2,13.46,4.91
116061,JULI,2015,2,167.9,13.84,5.66
116061,JULI,2015,3,220.8,13.67,5.48
116061,JULI,2015,4,161.8,13.15,4.91
116061,JULI,2015,5,0.4,13.19,1.12
116061,JULI,2015,6,0.2,13.53,0.61
116061,JULI,2015,7,16.7,13.08,-0.85
116061,JULI,2015,8,15.6,13.58,0.57
116061,JULI,2015,9,34.9,14.21,2.77
116061,JULI,2015,10,29.2,14.92,3.48
116061,JULI,2015,11,20.7,16.11,5.04
116061,JULI,2015,12,73.0,15.61,5.39
116061,JULI,2016,1,114.8,15.56,6.32
116061,JULI,2016,2,251.8,14.65,6.72
116061,JULI,2016,3,6.7,15.88,6.01
116061,JULI,2016,4,80.9,14.81,4.16
116061,JULI,2016,5,4.1,14.48,0.66
116061,JULI,2016,6,3.1,13.88,-1.03
116061,JULI,2016,7,0.7,13.48,0.12
116061,JULI,2016,8,5.4,14.28,0.62
116061,JULI,2016,9,7.6,15.2,2.01
116061,JULI,2016,10,50.5,15.29,4.09
116061,JULI,2016,11,51.1,15.93,3.68
116061,JULI,2016,12,123.5,15.46,5.75
116061,JULI,2017,1,325.5,13.75,5.42
116061,JULI,2017,2,194.4,14.77,5.88
116061,JULI,2017,3,152.3,13.38,5.67
116061,JULI,2017,4,42.8,14.46,4.32
116061,JULI,2017,5,35.3,13.89,2.67
116061,JULI,2017,6,0.1,13.72,0.29
116061,JULI,2017,7,8.0,13.48,0.12
116061,JULI,2017,8,0.0,14.3,0.16
116061,JULI,2017,9,53.9,14.17,3.27
116061,JULI,2017,10,26.1,15.32,3.16
116061,JULI,2017,11,56.6,16.1,5.1
116061,JULI,2017,12,125.6,15.01,5.76
116061,JULI,2018,1,257.8,13.9,5.39
116061,JULI,2018,2,246.4,13.77,5.35
116061,JULI,2018,3,169.1,14.13,5.54
116061,JULI,2018,4,31.7,14.75,3.42
116061,JULI,2018,5,4.5,14.15,0.97
116061,JULI,2018,6,24.8,12.86,0.39
116061,JULI,2018,7,34.3,13.12,0.52
116061,JULI,2018,8,25.6,13.47,1.12
116061,JULI,2018,9,7.7,14.72,1.78
116061,JULI,2018,10,103.5,14.89,4.88
116061,JULI,2018,11,12.2,16.47,5.83
116061,JULI,2018,12,72.1,15.61,5.21
116061,JULI,2019,1,291.4,14.63,6.15
116061,JULI,2019,2,184.3,14.39,6.22
116061,JULI,2019,3,107.8,15.04,5.48
116061,JULI,2019,4,82.6,15.25,4.79
116061,JULI,2019,5,16.9,14.9,1.98
116061,JULI,2019,6,12.8,14.24,0.19
116061,JULI,2019,7,17.9,13.79,-0.21
116061,JULI,2019,8,2.6,14.08,0.3
116061,JULI,2019,9,46.0,14.8,3.32
116061,JULI,2019,10,75.0,14.86,3.23
116061,JULI,2019,11,124.2,14.97,4.91
116061,JULI,2019,12,87.0,15.35,5.7
116061,JULI,2020,1,138.6,15.17,5.85
116061,JULI,2020,2,176.9,15.31,6.01
116061,JULI,2020,3,186.6,14.86,5.42
116061,JULI,2020,4,-999.0,-999.0,-999.0
116061,JULI,2020,5,-999.0,-999.0,-999.0
116061,JULI,2020,6,-999.0,-999.0,-999.0
116061,JULI,2020,7,-999.0,-999.0,-999.0
116061,JULI,2020,8,0.0,15.76,0.41
116061,JULI,2020,9,37.5,14.64,2.72
116061,JULI,2020,10,65.7,15.25,3.9
116061,JULI,2020,11,34.9,17.22,3.92
116061,JULI,2020,12,257.4,15.38,5.43
116061,JULI,2021,1,188.2,14.65,4.7
116061,JULI,2021,2,117.0,15.39,4.86
116061,JULI,2021,3,238.7,13.91,3.88
116061,JULI,2021,4,49.6,14.37,3.71
116061,JULI,2021,5,10.6,14.22,1.88
116061,JULI,2021,6,0.0,13.57,-0.34
116061,JULI,2021,7,0.0,14.08,0.13
116061,JULI,2021,8,14.7,14.0,0.81
116061,JULI,2021,9,25.0,15.61,3.5
116061,JULI,2021,10,16.6,16.89,4.08
116061,JULI,2021,11,56.7,16.39,5.52
116061,JULI,2021,12,243.0,14.17,5.41
116061,JULI,2022,1,274.5,14.65,5.08
116061,JULI,2022,2,-999.0,-999.0,-999.0
116061,JULI,2022,3,-999.0,-999.0,-999.0
116061,JULI,2022,4,-999.0,-999.0,-999.0
116061,JULI,2022,5,-999.0,-999.0,-999.0
116061,JULI,2022,6,-999.0,-999.0,-999.0
116061,JULI,2022,7,-999.0,-999.0,-999.0
116061,JULI,2022,8,-999.0,-999.0,-999.0
116061,JULI,2022,9,-999.0,-999.0,-999.0
116061,JULI,2022,10,5.9,-999.0,1.52
116061,JULI,2022,11,20.7,16.83,3.32
116061,JULI,2022,12,54.7,15.41,4.45
116061,JULI,2023,1,-999.0,-999.0,-999.0
116061,JULI,2023,2,-999.0,-999.0,-999.0
116061,JULI,2023,3,-999.0,-999.0,-999.0
116061,JULI,2023,4,-999.0,-999.0,-999.0
116061,JULI,2023,5,-999.0,-999.0,-999.0
116061,JULI,2023,6,-999.0,-999.0,-999.0
116061,JULI,2023,7,-999.0,-999.0,-999.0
116061,JULI,2023,8,0.0,-999.0,-999.0
116061,JULI,2023,9,4.0,-999.0,-999.0
116061,JULI,2023,10,3.0,-999.0,-999.0
116061,JULI,2023,11,56.7,-999.0,-999.0
116061,JULI,2023,12,181.8,-999.0,-999.0
116061,JULI,2024,1,-999.0,-999.0,-999.0
116061,JULI,2024,2,-999.0,-999.0,-999.0
116061,JULI,2024,3,144.5,-999.0,-999.0
116061,JULI,2024,4,30.6,16.95,6.02
116061,JULI,2024,5,6.1,16.53,3.17
116061,JULI,2024,6,0.0,15.71,1.73
116061,JULI,2024,7,0.0,15.24,0.41
116061,JULI,2024,8,0.0,15.77,0.85
116061,JULI,2024,9,0.0,16.93,4.38
116061,JULI,2024,10,41.1,16.99,5.1
116061,JULI,2024,11,101.1,16.53,6.65
116061,JULI,2024,12,17.3,17.19,5.9
116061,JULI,2025,1,256.5,14.23,5.13
116061,JULI,2025,2,222.3,14.5,4.34
116061,JULI,2025,3,228.7,14.36,5.43
116061,JULI,2025,4,35.5,15.21,3.84
116061,JULI,2025,5,35.8,15.03,2.26
116061,JULI,2025,6,0.1,14.31,0.65
116061,JULI,2025,7,9.4,14.33,1.04
116061,JULI,2025,8,0.6,14.44,0.64
116061,JULI,2025,9,27.3,14.74,3.2
116061,JULI,2025,10,48.0,15.52,4.26
116061,JULI,2025,11,26.3,16.27,4.21
116061,JULI,2025,12,157.8,15.33,4.38
