CODIGO,ESTACION,YEAR,MONTH,PP,TMAX,TMIN
117020,TARATA,1990,1,-999.0,18.71,-999.0
117020,TARATA,1990,2,-999.0,-999.0,-999.0
117020,TARATA,1990,3,-999.0,-999.0,-999.0
117020,TARATA,1990,4,-999.0,18.91,-999.0
117020,TARATA,1990,5,-999.0,18.23,-999.0
117020,TARATA,1990,6,-999.0,17.48,-999.0
117020,TARATA,1990,7,-999.0,17.29,-999.0
117020,TARATA,1990,8,-999.0,19.34,-999.0
117020,TARATA,1990,9,-999.0,19.53,-999.0
117020,TARATA,1990,10,-999.0,19.83,-999.0
117020,TARATA,1990,11,-999.0,20.69,-999.0
117020,TARATA,1990,12,-999.0,19.31,-999.0
117020,TARATA,1991,1,-999.0,18.49,-999.0
117020,TARATA,1991,2,-999.0,20.42,-999.0
117020,TARATA,1991,3,-999.0,19.06,-999.0
117020,TARATA,1991,4,-999.0,20.37,-999.0
117020,TARATA,1991,5,-999.0,20.76,-999.0
117020,TARATA,1991,6,-999.0,18.95,-999.0
117020,TARATA,1991,7,-999.0,18.89,-999.0
117020,TARATA,1991,8,-999.0,19.82,-999.0
117020,TARATA,1991,9,-999.0,19.34,-999.0
117020,TARATA,1991,10,-999.0,20.07,-999.0
117020,TARATA,1991,11,-999.0,19.78,-999.0
117020,TARATA,1991,12,-999.0,20.22,-999.0
117020,TARATA,1992,1,-999.0,19.7,-999.0
117020,TARATA,1992,2,-999.0,19.76,-999.0
117020,TARATA,1992,3,-999.0,20.79,-999.0
117020,TARATA,1992,4,-999.0,20.83,-999.0
117020,TARATA,1992,5,-999.0,20.11,-999.0
117020,TARATA,1992,6,-999.0,19.5,-999.0
117020,TARATA,1992,7,-999.0,18.84,-999.0
117020,TARATA,1992,8,-999.0,17.95,-999.0
117020,TARATA,1992,9,-999.0,18.6,-999.0
117020,TARATA,1992,10,-999.0,20.0,-999.0
117020,TARATA,1992,11,-999.0,19.5,-999.0
117020,TARATA,1992,12,-999.0,19.66,-999.0
117020,TARATA,1993,1,144.4,16.87,-999.0
117020,TARATA,1993,2,38.8,18.24,-999.0
117020,TARATA,1993,3,73.9,18.41,-999.0
117020,TARATA,1993,4,0.0,20.24,-999.0
117020,TARATA,1993,5,0.0,19.23,-999.0
117020,TARATA,1993,6,0.0,19.76,-999.0
117020,TARATA,1993,7,0.0,18.28,-999.0
117020,TARATA,1993,8,21.8,18.66,-999.0
117020,TARATA,1993,9,0.0,19.59,-999.0
117020,TARATA,1993,10,0.0,20.86,-999.0
117020,TARATA,1993,11,0.0,20.83,-999.0
117020,TARATA,1993,12,30.1,20.19,-999.0
117020,TARATA,1994,1,93.4,18.72,-999.0
117020,TARATA,1994,2,115.4,18.05,-999.0
117020,TARATA,1994,3,18.3,19.54,-999.0
117020,TARATA,1994,4,0.6,19.82,-999.0
117020,TARATA,1994,5,0.0,19.74,-999.0
117020,TARATA,1994,6,0.0,19.48,-999.0
117020,TARATA,1994,7,0.0,18.86,-999.0
117020,TARATA,1994,8,-999.0,-999.0,-999.0
117020,TARATA,1994,9,0.0,20.88,-999.0
117020,TARATA,1994,10,0.0,20.56,-999.0
117020,TARATA,1994,11,0.0,20.1,-999.0
117020,TARATA,1994,12,21.2,20.34,-999.0
117020,TARATA,1995,1,44.2,20.96,-999.0
117020,TARATA,1995,2,0.0,20.19,-999.0
117020,TARATA,1995,3,75.8,18.94,-999.0
117020,TARATA,1995,4,3.3,20.18,-999.0
117020,TARATA,1995,5,0.0,20.06,-999.0
117020,TARATA,1995,6,0.0,19.06,-999.0
117020,TARATA,1995,7,0.0,18.97,-999.0
117020,TARATA,1995,8,0.0,20.35,-999.0
117020,TARATA,1995,9,0.0,20.66,-999.0
117020,TARATA,1995,10,0.0,20.57,-999.0
117020,TARATA,1995,11,0.0,20.14,-999.0
117020,TARATA,1995,12,6.7,20.01,-999.0
117020,TARATA,1996,1,15.2,18.34,-999.0
117020,TARATA,1996,2,25.9,19.34,-999.0
117020,TARATA,1996,3,2.0,19.81,-999.0
117020,TARATA,1996,4,0.0,20.07,-999.0
117020,TARATA,1996,5,0.0,19.73,-999.0
117020,TARATA,1996,6,0.0,17.98,-999.0
117020,TARATA,1996,7,0.0,18.21,-999.0
117020,TARATA,1996,8,0.0,19.15,-999.0
117020,TARATA,1996,9,0.0,20.06,-999.0
117020,TARATA,1996,10,0.0,20.42,-999.0
117020,TARATA,1996,11,2.6,19.62,-999.0
117020,TARATA,1996,12,3.0,20.62,-999.0
117020,TARATA,1997,1,132.8,16.62,7.69
117020,TARATA,1997,2,104.0,18.91,6.45
117020,TARATA,1997,3,39.1,19.34,4.85
117020,TARATA,1997,4,2.8,19.95,2.75
117020,TARATA,1997,5,0.0,20.1,1.64
117020,TARATA,1997,6,0.0,18.91,-0.63
117020,TARATA,1997,7,0.0,21.19,2.84
117020,TARATA,1997,8,0.0,20.1,3.5
117020,TARATA,1997,9,18.0,20.52,5.09
117020,TARATA,1997,10,0.0,21.61,-999.0
117020,TARATA,1997,11,0.0,21.59,5.7
117020,TARATA,1997,12,9.2,21.75,6.66
117020,TARATA,1998,1,140.3,21.31,9.47
117020,TARATA,1998,2,28.2,21.2,7.48
117020,TARATA,1998,3,0.2,22.64,6.26
117020,TARATA,1998,4,0.0,21.75,4.07
117020,TARATA,1998,5,0.0,21.6,2.35
117020,TARATA,1998,6,3.1,20.9,2.93
117020,TARATA,1998,7,0.0,21.06,2.63
117020,TARATA,1998,8,0.0,20.89,2.91
117020,TARATA,1998,9,0.0,20.88,2.37
117020,TARATA,1998,10,0.0,21.32,3.69
117020,TARATA,1998,11,0.2,19.9,4.76
117020,TARATA,1998,12,9.1,19.93,5.55
117020,TARATA,1999,1,16.0,19.36,5.34
117020,TARATA,1999,2,147.6,17.36,8.14
117020,TARATA,1999,3,93.8,17.87,7.35
117020,TARATA,1999,4,1.7,20.29,3.98
117020,TARATA,1999,5,0.0,20.22,0.96
117020,TARATA,1999,6,0.0,19.69,0.45
117020,TARATA,1999,7,0.0,19.81,2.36
117020,TARATA,1999,8,0.0,20.41,3.1
117020,TARATA,1999,9,0.0,20.03,2.87
117020,TARATA,1999,10,0.0,20.38,4.5
117020,TARATA,1999,11,0.0,19.55,-999.0
117020,TARATA,1999,12,13.8,19.14,4.81
117020,TARATA,2000,1,141.9,16.85,7.93
117020,TARATA,2000,2,104.3,16.79,7.86
117020,TARATA,2000,3,51.9,18.39,6.36
117020,TARATA,2000,4,3.7,20.28,4.25
117020,TARATA,2000,5,0.0,20.4,2.43
117020,TARATA,2000,6,3.0,18.99,1.14
117020,TARATA,2000,7,0.5,19.28,1.32
117020,TARATA,2000,8,0.0,20.24,2.95
117020,TARATA,2000,9,0.0,20.04,2.5
117020,TARATA,2000,10,0.0,20.54,4.71
117020,TARATA,2000,11,0.0,19.84,2.77
117020,TARATA,2000,12,8.9,19.76,5.82
117020,TARATA,2001,1,68.7,18.3,7.27
117020,TARATA,2001,2,237.6,17.74,7.61
117020,TARATA,2001,3,111.6,18.23,7.1
117020,TARATA,2001,4,12.4,20.57,5.59
117020,TARATA,2001,5,0.0,20.26,2.73
117020,TARATA,2001,6,0.0,20.28,2.44
117020,TARATA,2001,7,0.0,20.02,1.76
117020,TARATA,2001,8,4.1,20.75,3.59
117020,TARATA,2001,9,2.2,20.4,3.79
117020,TARATA,2001,10,2.4,20.91,4.54
117020,TARATA,2001,11,0.0,19.97,4.08
117020,TARATA,2001,12,4.3,20.49,4.82
117020,TARATA,2002,1,29.1,20.6,5.43
117020,TARATA,2002,2,141.4,18.75,7.78
117020,TARATA,2002,3,60.4,19.93,7.36
117020,TARATA,2002,4,0.8,20.33,5.43
117020,TARATA,2002,5,0.0,20.81,3.58
117020,TARATA,2002,6,3.8,21.12,2.89
117020,TARATA,2002,7,19.0,18.78,2.54
117020,TARATA,2002,8,0.0,20.8,3.91
117020,TARATA,2002,9,0.0,20.37,3.83
117020,TARATA,2002,10,0.7,20.84,5.0
117020,TARATA,2002,11,0.7,20.83,4.78
117020,TARATA,2002,12,13.2,21.28,5.73
117020,TARATA,2003,1,11.9,21.09,6.9
117020,TARATA,2003,2,22.2,21.09,6.41
117020,TARATA,2003,3,48.1,20.43,4.94
117020,TARATA,2003,4,0.0,20.97,3.24
117020,TARATA,2003,5,0.0,21.58,1.81
117020,TARATA,2003,6,0.0,21.21,0.79
117020,TARATA,2003,7,0.0,20.53,1.59
117020,TARATA,2003,8,0.4,20.73,2.16
117020,TARATA,2003,9,0.0,20.99,2.5
117020,TARATA,2003,10,0.0,21.37,3.96
117020,TARATA,2003,11,0.0,21.15,-999.0
117020,TARATA,2003,12,3.5,20.54,5.32
117020,TARATA,2004,1,63.4,19.25,5.97
117020,TARATA,2004,2,102.2,19.62,5.67
117020,TARATA,2004,3,5.5,21.8,5.38
117020,TARATA,2004,4,0.0,21.04,2.47
117020,TARATA,2004,5,0.0,20.79,-0.61
117020,TARATA,2004,6,0.0,21.56,0.87
117020,TARATA,2004,7,4.5,20.08,0.7
117020,TARATA,2004,8,0.0,20.62,3.82
117020,TARATA,2004,9,0.0,21.85,3.74
117020,TARATA,2004,10,0.0,20.83,3.27
117020,TARATA,2004,11,0.0,21.36,4.02
117020,TARATA,2004,12,1.5,21.08,5.23
117020,TARATA,2005,1,84.4,19.86,6.46
117020,TARATA,2005,2,49.5,20.95,7.05
117020,TARATA,2005,3,11.2,20.7,4.79
117020,TARATA,2005,4,0.1,22.01,3.33
117020,TARATA,2005,5,0.0,21.66,-0.03
117020,TARATA,2005,6,0.0,21.57,0.3
117020,TARATA,2005,7,0.0,21.38,2.18
117020,TARATA,2005,8,0.0,22.1,1.36
117020,TARATA,2005,9,11.6,20.7,2.96
117020,TARATA,2005,10,0.0,20.83,3.12
117020,TARATA,2005,11,0.2,21.0,4.12
117020,TARATA,2005,12,28.3,19.94,6.78
117020,TARATA,2006,1,56.7,18.87,-999.0
117020,TARATA,2006,2,94.1,19.31,-999.0
117020,TARATA,2006,3,80.0,20.03,-999.0
117020,TARATA,2006,4,0.0,20.91,-999.0
117020,TARATA,2006,5,0.0,20.8,-999.0
117020,TARATA,2006,6,0.0,21.24,-999.0
117020,TARATA,2006,7,0.0,21.61,-999.0
117020,TARATA,2006,8,0.0,21.59,-999.0
117020,TARATA,2006,9,0.0,21.26,-999.0
117020,TARATA,2006,10,6.3,21.32,-999.0
117020,TARATA,2006,11,0.0,21.07,-999.0
117020,TARATA,2006,12,7.6,21.22,-999.0
117020,TARATA,2007,1,36.3,21.71,-999.0
117020,TARATA,2007,2,47.4,20.42,-999.0
117020,TARATA,2007,3,39.0,20.66,-999.0
117020,TARATA,2007,4,0.0,21.33,-999.0
117020,TARATA,2007,5,0.0,21.13,-999.0
117020,TARATA,2007,6,0.0,21.38,-999.0
117020,TARATA,2007,7,0.0,19.91,-999.0
117020,TARATA,2007,8,0.0,20.9,-999.0
117020,TARATA,2007,9,0.0,22.21,-999.0
117020,TARATA,2007,10,0.0,21.85,-999.0
117020,TARATA,2007,11,0.0,21.9,-999.0
117020,TARATA,2007,12,9.5,20.72,-999.0
117020,TARATA,2008,1,169.0,-999.0,-999.0
117020,TARATA,2008,2,38.8,-999.0,-999.0
117020,TARATA,2008,3,18.0,-999.0,-999.0
117020,TARATA,2008,4,0.0,-999.0,-999.0
117020,TARATA,2008,5,0.0,-999.0,-999.0
117020,TARATA,2008,6,0.4,-999.0,-999.0
117020,TARATA,2008,7,0.0,-999.0,-999.0
117020,TARATA,2008,8,1.8,-999.0,-999.0
117020,TARATA,2008,9,0.0,-999.0,-999.0
117020,TARATA,2008,10,0.0,-999.0,-999.0
117020,TARATA,2008,11,0.0,-999.0,-999.0
117020,TARATA,2008,12,15.3,-999.0,-999.0
117020,TARATA,2009,1,8.5,21.3,-999.0
117020,TARATA,2009,2,117.6,20.42,-999.0
117020,TARATA,2009,3,17.8,20.87,-999.0
117020,TARATA,2009,4,1.0,21.7,-999.0
117020,TARATA,2009,5,0.0,20.59,-999.0
117020,TARATA,2009,6,0.0,21.13,-999.0
117020,TARATA,2009,7,0.0,20.59,-999.0
117020,TARATA,2009,8,0.0,21.73,-999.0
117020,TARATA,2009,9,0.0,21.66,-999.0
117020,TARATA,2009,10,0.0,21.44,-999.0
117020,TARATA,2009,11,2.2,21.09,-999.0
117020,TARATA,2009,12,0.4,20.87,-999.0
117020,TARATA,2010,1,7.4,20.98,-999.0
117020,TARATA,2010,2,34.2,22.43,-999.0
117020,TARATA,2010,3,1.3,22.02,-999.0
117020,TARATA,2010,4,0.2,22.16,-999.0
117020,TARATA,2010,5,1.5,20.89,-999.0
117020,TARATA,2010,6,0.0,21.16,-999.0
117020,TARATA,2010,7,0.0,20.36,-999.0
117020,TARATA,2010,8,0.0,21.6,-999.0
117020,TARATA,2010,9,0.0,21.53,-999.0
117020,TARATA,2010,10,0.0,20.7,-999.0
117020,TARATA,2010,11,0.0,20.02,-999.0
117020,TARATA,2010,12,-999.0,19.34,-999.0
117020,TARATA,2011,1,74.1,19.22,-999.0
117020,TARATA,2011,2,110.6,17.29,-999.0
117020,TARATA,2011,3,2.0,19.3,-999.0
117020,TARATA,2011,4,1.7,20.71,-999.0
117020,TARATA,2011,5,7.1,21.46,-999.0
117020,TARATA,2011,6,0.0,20.22,-999.0
117020,TARATA,2011,7,0.3,19.99,-999.0
117020,TARATA,2011,8,0.0,21.27,-999.0
117020,TARATA,2011,9,0.0,22.12,-999.0
117020,TARATA,2011,10,0.0,20.33,-999.0
117020,TARATA,2011,11,1.1,21.2,-999.0
117020,TARATA,2011,12,54.3,19.9,-999.0
117020,TARATA,2012,1,94.1,19.57,-999.0
117020,TARATA,2012,2,-999.0,18.19,-999.0
117020,TARATA,2012,3,41.3,20.93,-999.0
117020,TARATA,2012,4,14.2,20.35,-999.0
117020,TARATA,2012,5,0.0,21.74,-999.0
117020,TARATA,2012,6,0.0,20.48,-999.0
117020,TARATA,2012,7,0.0,21.58,-999.0
117020,TARATA,2012,8,0.0,21.39,-999.0
117020,TARATA,2012,9,0.0,22.23,-999.0
117020,TARATA,2012,10,2.4,21.17,-999.0
117020,TARATA,2012,11,0.0,20.9,-999.0
117020,TARATA,2012,12,59.9,19.9,-999.0
117020,TARATA,2013,1,50.4,20.9,-999.0
117020,TARATA,2013,2,77.9,19.91,5.47
117020,TARATA,2013,3,58.2,20.46,4.65
117020,TARATA,2013,4,0.0,21.8,1.3
117020,TARATA,2013,5,15.2,20.45,2.23
117020,TARATA,2013,6,1.5,20.76,1.8
117020,TARATA,2013,7,0.0,21.06,3.41
117020,TARATA,2013,8,0.5,21.27,3.33
117020,TARATA,2013,9,0.0,21.95,3.35
117020,TARATA,2013,10,0.3,21.29,4.52
117020,TARATA,2013,11,0.0,21.29,3.98
117020,TARATA,2013,12,14.5,20.96,5.93
117020,TARATA,2014,1,62.0,20.15,6.15
117020,TARATA,2014,2,0.0,20.66,3.51
117020,TARATA,2014,3,1.1,20.55,4.04
117020,TARATA,2014,4,1.6,21.61,2.53
117020,TARATA,2014,5,0.0,21.11,0.3
117020,TARATA,2014,6,0.0,21.88,3.14
117020,TARATA,2014,7,0.0,21.1,4.4
117020,TARATA,2014,8,0.0,21.4,3.77
117020,TARATA,2014,9,0.0,21.72,5.26
117020,TARATA,2014,10,0.7,21.98,5.5
117020,TARATA,2014,11,1.6,21.48,3.96
117020,TARATA,2014,12,0.0,21.38,4.84
117020,TARATA,2015,1,32.0,21.28,5.45
117020,TARATA,2015,2,100.0,19.78,7.15
117020,TARATA,2015,3,140.8,19.78,6.66
117020,TARATA,2015,4,8.9,21.4,4.78
117020,TARATA,2015,5,0.0,21.2,1.6
117020,TARATA,2015,6,0.0,22.45,3.25
117020,TARATA,2015,7,0.0,20.91,2.45
117020,TARATA,2015,8,0.1,21.56,3.38
117020,TARATA,2015,9,0.0,22.08,3.98
117020,TARATA,2015,10,0.0,21.8,4.73
117020,TARATA,2015,11,0.0,22.74,4.63
117020,TARATA,2015,12,0.0,23.13,5.66
117020,TARATA,2016,1,7.4,22.05,5.29
117020,TARATA,2016,2,103.1,21.79,7.23
117020,TARATA,2016,3,1.8,22.45,4.61
117020,TARATA,2016,4,3.1,22.03,3.27
117020,TARATA,2016,5,0.0,21.98,0.32
117020,TARATA,2016,6,1.4,21.67,1.74
117020,TARATA,2016,7,2.4,21.51,3.15
117020,TARATA,2016,8,0.0,21.87,3.09
117020,TARATA,2016,9,0.0,22.59,3.42
117020,TARATA,2016,10,0.0,21.67,3.14
117020,TARATA,2016,11,0.0,21.24,2.36
117020,TARATA,2016,12,9.8,21.71,3.99
117020,TARATA,2017,1,171.0,19.14,6.74
117020,TARATA,2017,2,94.4,19.2,5.76
117020,TARATA,2017,3,72.6,19.38,6.03
117020,TARATA,2017,4,0.0,21.71,3.39
117020,TARATA,2017,5,0.0,21.0,2.64
117020,TARATA,2017,6,0.0,20.78,0.2
117020,TARATA,2017,7,0.0,21.85,1.77
117020,TARATA,2017,8,0.0,21.62,1.87
117020,TARATA,2017,9,0.0,21.76,5.01
117020,TARATA,2017,10,0.0,21.74,4.4
117020,TARATA,2017,11,0.1,21.57,4.2
117020,TARATA,2017,12,24.0,20.82,5.43
117020,TARATA,2018,1,43.0,20.13,6.36
117020,TARATA,2018,2,43.9,20.3,7.13
117020,TARATA,2018,3,18.9,20.55,5.23
117020,TARATA,2018,4,0.6,21.13,2.8
117020,TARATA,2018,5,0.0,21.52,0.33
117020,TARATA,2018,6,2.9,20.15,2.08
117020,TARATA,2018,7,3.1,20.35,2.79
117020,TARATA,2018,8,0.0,21.69,2.93
117020,TARATA,2018,9,0.0,22.47,2.78
117020,TARATA,2018,10,0.0,21.58,4.8
117020,TARATA,2018,11,0.0,21.81,4.33
117020,TARATA,2018,12,2.4,22.26,5.48
117020,TARATA,2019,1,141.7,21.34,6.67
117020,TARATA,2019,2,130.1,20.01,7.29
117020,TARATA,2019,3,2.0,22.04,5.67
117020,TARATA,2019,4,0.0,21.99,3.45
117020,TARATA,2019,5,0.0,21.98,1.5
117020,TARATA,2019,6,0.0,22.58,2.38
117020,TARATA,2019,7,0.0,21.49,2.86
117020,TARATA,2019,8,0.0,22.82,3.57
117020,TARATA,2019,9,0.0,22.17,5.42
117020,TARATA,2019,10,0.0,22.04,4.28
117020,TARATA,2019,11,0.0,22.1,6.18
117020,TARATA,2019,12,11.5,21.84,5.68
117020,TARATA,2020,1,135.1,20.66,8.21
117020,TARATA,2020,2,159.0,20.17,8.82
117020,TARATA,2020,3,-999.0,-999.0,-999.0
117020,TARATA,2020,4,-999.0,-999.0,-999.0
117020,TARATA,2020,5,-999.0,-999.0,-999.0
117020,TARATA,2020,6,-999.0,-999.0,-999.0
117020,TARATA,2020,7,-999.0,-999.0,-999.0
117020,TARATA,2020,8,-999.0,-999.0,-999.0
117020,TARATA,2020,9,-999.0,-999.0,-999.0
117020,TARATA,2020,10,-999.0,-999.0,-999.0
117020,TARATA,2020,11,-999.0,-999.0,-999.0
117020,TARATA,2020,12,-999.0,-999.0,-999.0
117020,TARATA,2021,1,-999.0,-999.0,-999.0
117020,TARATA,2021,2,-999.0,-999.0,-999.0
117020,TARATA,2021,3,-999.0,-999.0,-999.0
117020,TARATA,2021,4,-999.0,-999.0,-999.0
117020,TARATA,2021,5,-999.0,-999.0,-999.0
117020,TARATA,2021,6,0.0,-999.0,1.72
117020,TARATA,2021,7,0.0,-999.0,1.66
117020,TARATA,2021,8,0.0,-999.0,-999.0
117020,TARATA,2021,9,0.0,-999.0,-999.0
117020,TARATA,2021,10,0.0,-999.0,-999.0
117020,TARATA,2021,11,7.9,-999.0,-999.0
117020,TARATA,2021,12,15.1,-999.0,6.76
117020,TARATA,2022,1,66.2,-999.0,6.83
117020,TARATA,2022,2,53.5,-999.0,6.2
117020,TARATA,2022,3,51.5,-999.0,6.48
117020,TARATA,2022,4,0.0,-999.0,-999.0
117020,TARATA,2022,5,0.0,-999.0,-999.0
117020,TARATA,2022,6,0.0,-999.0,0.99
117020,TARATA,2022,7,0.0,-999.0,2.79
117020,TARATA,2022,8,0.0,-999.0,2.18
117020,TARATA,2022,9,0.0,-999.0,-999.0
117020,TARATA,2022,10,0.0,-999.0,-999.0
117020,TARATA,2022,11,1.0,-999.0,-999.0
117020,TARATA,2022,12,-999.0,-999.0,-999.0
117020,TARATA,2023,1,96.6,19.24,7.09
117020,TARATA,2023,2,47.5,19.74,7.55
117020,TARATA,2023,3,74.6,19.43,7.52
117020,TARATA,2023,4,1.9,21.5,-999.0
117020,TARATA,2023,5,0.0,21.35,-999.0
117020,TARATA,2023,6,0.0,-999.0,-999.0
117020,TARATA,2023,7,-999.0,-999.0,-999.0
117020,TARATA,2023,8,-999.0,-999.0,-999.0
117020,TARATA,2023,9,-999.0,-999.0,-999.0
117020,TARATA,2023,10,-999.0,-999.0,-999.0
117020,TARATA,2023,11,3.0,22.11,6.03
117020,TARATA,2023,12,7.5,22.35,7.76
117020,TARATA,2024,1,26.9,22.4,8.13
117020,TARATA,2024,2,134.4,21.37,8.28
117020,TARATA,2024,3,78.5,21.06,8.26
117020,TARATA,2024,4,0.6,22.76,4.71
117020,TARATA,2024,5,0.0,22.82,3.24
117020,TARATA,2024,6,0.0,21.91,2.79
117020,TARATA,2024,7,0.0,21.59,2.25
117020,TARATA,2024,8,0.0,21.31,2.98
117020,TARATA,2024,9,0.0,22.92,5.32
117020,TARATA,2024,10,0.0,22.33,5.15
117020,TARATA,2024,11,12.9,20.84,5.64
117020,TARATA,2024,12,0.0,21.44,5.67
117020,TARATA,2025,1,114.1,19.05,7.58
117020,TARATA,2025,2,170.5,18.99,8.77
117020,TARATA,2025,3,43.9,19.81,6.57
117020,TARATA,2025,4,0.0,21.34,2.71
117020,TARATA,2025,5,0.0,22.13,2.73
117020,TARATA,2025,6,0.0,20.69,1.53
117020,TARATA,2025,7,0.0,22.07,2.57
117020,TARATA,2025,8,0.0,21.16,1.88
117020,TARATA,2025,9,0.0,22.4,4.44
117020,TARATA,2025,10,0.0,21.64,4.7
117020,TARATA,2025,11,0.0,22.39,4.4
117020,TARATA,2025,12,4.5,21.35,4.46
