CODIGO,ESTACION,YEAR,MONTH,PP,TMAX,TMIN
117007,ILO,1990,1,-999.0,-999.0,-999.0
117007,ILO,1990,2,-999.0,-999.0,-999.0
117007,ILO,1990,3,-999.0,-999.0,-999.0
117007,ILO,1990,4,-999.0,-999.0,-999.0
117007,ILO,1990,5,-999.0,-999.0,-999.0
117007,ILO,1990,6,-999.0,-999.0,-999.0
117007,ILO,1990,7,-999.0,-999.0,-999.0
117007,ILO,1990,8,-999.0,-999.0,-999.0
117007,ILO,1990,9,-999.0,-999.0,-999.0
117007,ILO,1990,10,-999.0,-999.0,-999.0
117007,ILO,1990,11,-999.0,-999.0,-999.0
117007,ILO,1990,12,-999.0,-999.0,-999.0
117007,ILO,1991,1,-999.0,-999.0,-999.0
117007,ILO,1991,2,-999.0,-999.0,-999.0
117007,ILO,1991,3,-999.0,-999.0,-999.0
117007,ILO,1991,4,-999.0,-999.0,-999.0
117007,ILO,1991,5,-999.0,-999.0,-999.0
117007,ILO,1991,6,-999.0,-999.0,-999.0
117007,ILO,1991,7,-999.0,-999.0,-999.0
117007,ILO,1991,8,-999.0,-999.0,-999.0
117007,ILO,1991,9,-999.0,-999.0,-999.0
117007,ILO,1991,10,-999.0,-999.0,-999.0
117007,ILO,1991,11,-999.0,-999.0,-999.0
117007,ILO,1991,12,-999.0,-999.0,-999.0
117007,ILO,1992,1,-999.0,-999.0,-999.0
117007,ILO,1992,2,-999.0,-999.0,-999.0
117007,ILO,1992,3,-999.0,-999.0,-999.0
117007,ILO,1992,4,-999.0,-999.0,-999.0
117007,ILO,1992,5,-999.0,-999.0,-999.0
117007,ILO,1992,6,-999.0,-999.0,-999.0
117007,ILO,1992,7,-999.0,-999.0,-999.0
117007,ILO,1992,8,-999.0,-999.0,-999.0
117007,ILO,1992,9,-999.0,-999.0,-999.0
117007,ILO,1992,10,-999.0,-999.0,-999.0
117007,ILO,1992,11,-999.0,-999.0,-999.0
117007,ILO,1992,12,-999.0,-999.0,-999.0
117007,ILO,1993,1,-999.0,-999.0,-999.0
117007,ILO,1993,2,-999.0,-999.0,-999.0
117007,ILO,1993,3,-999.0,-999.0,-999.0
117007,ILO,1993,4,-999.0,-999.0,-999.0
117007,ILO,1993,5,-999.0,-999.0,-999.0
117007,ILO,1993,6,-999.0,-999.0,-999.0
117007,ILO,1993,7,-999.0,-999.0,-999.0
117007,ILO,1993,8,-999.0,-999.0,-999.0
117007,ILO,1993,9,-999.0,-999.0,-999.0
117007,ILO,1993,10,-999.0,-999.0,-999.0
117007,ILO,1993,11,0.0,-999.0,-999.0
117007,ILO,1993,12,0.0,-999.0,-999.0
117007,ILO,1994,1,-999.0,-999.0,-999.0
117007,ILO,1994,2,0.0,-999.0,19.33
117007,ILO,1994,3,0.0,-999.0,17.52
117007,ILO,1994,4,0.0,-999.0,15.64
117007,ILO,1994,5,0.0,-999.0,15.38
117007,ILO,1994,6,0.0,-999.0,14.31
117007,ILO,1994,7,-999.0,-999.0,12.94
117007,ILO,1994,8,0.0,-999.0,12.94
117007,ILO,1994,9,0.0,-999.0,-999.0
117007,ILO,1994,10,0.0,-999.0,-999.0
117007,ILO,1994,11,0.0,27.34,-999.0
117007,ILO,1994,12,0.3,28.42,19.51
117007,ILO,1995,1,0.0,30.56,-999.0
117007,ILO,1995,2,0.0,29.99,-999.0
117007,ILO,1995,3,0.0,-999.0,18.72
117007,ILO,1995,4,0.0,-999.0,-999.0
117007,ILO,1995,5,0.0,25.44,-999.0
117007,ILO,1995,6,0.0,23.42,-999.0
117007,ILO,1995,7,0.0,20.97,-999.0
117007,ILO,1995,8,0.0,20.64,-999.0
117007,ILO,1995,9,0.5,-999.0,14.12
117007,ILO,1995,10,0.0,22.67,13.91
117007,ILO,1995,11,0.0,25.31,-999.0
117007,ILO,1995,12,0.0,26.67,-999.0
117007,ILO,1996,1,0.0,28.75,16.63
117007,ILO,1996,2,0.0,29.58,-999.0
117007,ILO,1996,3,0.0,28.77,15.41
117007,ILO,1996,4,0.0,25.64,-999.0
117007,ILO,1996,5,0.0,23.63,-999.0
117007,ILO,1996,6,0.0,20.87,12.52
117007,ILO,1996,7,0.0,20.25,-999.0
117007,ILO,1996,8,0.0,20.01,-999.0
117007,ILO,1996,9,0.0,21.42,-999.0
117007,ILO,1996,10,0.0,-999.0,-999.0
117007,ILO,1996,11,0.0,24.35,-999.0
117007,ILO,1996,12,0.0,27.07,-999.0
117007,ILO,1997,1,0.0,29.58,-999.0
117007,ILO,1997,2,0.0,29.9,-999.0
117007,ILO,1997,3,0.0,29.64,17.29
117007,ILO,1997,4,0.0,27.65,-999.0
117007,ILO,1997,5,1.5,26.01,-999.0
117007,ILO,1997,6,0.0,24.49,-999.0
117007,ILO,1997,7,0.3,22.7,14.05
117007,ILO,1997,8,0.0,23.42,15.55
117007,ILO,1997,9,0.6,23.16,-999.0
117007,ILO,1997,10,0.0,24.46,16.92
117007,ILO,1997,11,0.0,25.76,18.04
117007,ILO,1997,12,0.0,28.15,19.87
117007,ILO,1998,1,2.4,30.14,22.39
117007,ILO,1998,2,0.0,32.44,22.7
117007,ILO,1998,3,0.0,30.75,20.18
117007,ILO,1998,4,0.0,28.95,-999.0
117007,ILO,1998,5,0.0,25.94,15.56
117007,ILO,1998,6,0.0,23.5,13.2
117007,ILO,1998,7,0.0,22.31,14.88
117007,ILO,1998,8,0.0,22.03,13.23
117007,ILO,1998,9,0.0,21.81,13.41
117007,ILO,1998,10,0.0,22.74,14.76
117007,ILO,1998,11,0.0,25.98,16.74
117007,ILO,1998,12,0.0,27.65,17.64
117007,ILO,1999,1,0.0,29.43,17.36
117007,ILO,1999,2,0.5,31.06,19.05
117007,ILO,1999,3,0.0,29.62,18.21
117007,ILO,1999,4,0.0,26.24,14.39
117007,ILO,1999,5,0.0,24.25,-999.0
117007,ILO,1999,6,0.0,22.41,12.39
117007,ILO,1999,7,0.0,20.9,-999.0
117007,ILO,1999,8,0.0,21.46,12.78
117007,ILO,1999,9,0.0,22.38,-999.0
117007,ILO,1999,10,0.0,23.26,14.89
117007,ILO,1999,11,0.0,26.38,-999.0
117007,ILO,1999,12,0.0,28.0,16.93
117007,ILO,2000,1,1.6,29.84,19.24
117007,ILO,2000,2,0.0,30.26,18.15
117007,ILO,2000,3,0.0,29.6,16.89
117007,ILO,2000,4,0.0,-999.0,16.54
117007,ILO,2000,5,0.0,24.87,13.58
117007,ILO,2000,6,0.0,21.54,12.94
117007,ILO,2000,7,0.0,20.8,12.08
117007,ILO,2000,8,0.0,20.64,12.42
117007,ILO,2000,9,0.0,22.57,-999.0
117007,ILO,2000,10,0.0,23.74,15.04
117007,ILO,2000,11,0.0,25.56,15.24
117007,ILO,2000,12,0.0,27.9,17.99
117007,ILO,2001,1,0.0,30.52,19.1
117007,ILO,2001,2,0.8,31.91,-999.0
117007,ILO,2001,3,0.0,30.62,18.55
117007,ILO,2001,4,0.0,27.65,16.2
117007,ILO,2001,5,0.0,24.33,14.35
117007,ILO,2001,6,0.0,22.26,13.65
117007,ILO,2001,7,0.0,21.21,12.7
117007,ILO,2001,8,0.0,20.41,12.99
117007,ILO,2001,9,0.0,20.61,13.54
117007,ILO,2001,10,0.0,23.66,14.48
117007,ILO,2001,11,0.0,25.67,16.0
117007,ILO,2001,12,0.0,27.82,17.91
117007,ILO,2002,1,0.0,29.86,17.59
117007,ILO,2002,2,0.0,30.51,18.91
117007,ILO,2002,3,0.0,29.87,18.77
117007,ILO,2002,4,0.0,26.46,17.33
117007,ILO,2002,5,0.0,24.88,14.52
117007,ILO,2002,6,0.0,21.76,12.84
117007,ILO,2002,7,3.4,20.11,13.56
117007,ILO,2002,8,0.0,20.92,13.39
117007,ILO,2002,9,0.0,21.97,13.89
117007,ILO,2002,10,0.0,24.5,15.27
117007,ILO,2002,11,0.0,25.81,16.6
117007,ILO,2002,12,0.0,27.95,17.91
117007,ILO,2003,1,0.0,29.26,18.89
117007,ILO,2003,2,0.0,31.07,19.87
117007,ILO,2003,3,0.0,29.41,17.5
117007,ILO,2003,4,0.0,26.5,15.13
117007,ILO,2003,5,0.0,24.29,14.67
117007,ILO,2003,6,0.0,22.15,11.92
117007,ILO,2003,7,0.0,21.3,13.07
117007,ILO,2003,8,0.0,21.27,13.43
117007,ILO,2003,9,0.0,21.74,13.58
117007,ILO,2003,10,0.0,25.08,15.79
117007,ILO,2003,11,0.0,26.89,16.86
117007,ILO,2003,12,0.0,28.93,-999.0
117007,ILO,2004,1,0.0,30.15,19.02
117007,ILO,2004,2,0.0,30.81,18.4
117007,ILO,2004,3,0.0,29.69,17.82
117007,ILO,2004,4,0.0,27.07,15.37
117007,ILO,2004,5,0.0,23.84,-999.0
117007,ILO,2004,6,0.0,21.33,12.35
117007,ILO,2004,7,1.0,20.61,-999.0
117007,ILO,2004,8,0.5,20.47,13.09
117007,ILO,2004,9,0.0,22.2,13.76
117007,ILO,2004,10,0.0,23.83,15.52
117007,ILO,2004,11,0.0,25.94,16.61
117007,ILO,2004,12,0.0,28.65,18.94
117007,ILO,2005,1,0.0,30.49,19.65
117007,ILO,2005,2,0.0,29.71,19.23
117007,ILO,2005,3,0.0,29.62,16.84
117007,ILO,2005,4,0.0,26.81,15.63
117007,ILO,2005,5,0.0,23.77,14.66
117007,ILO,2005,6,0.0,22.06,12.19
117007,ILO,2005,7,0.0,21.14,13.12
117007,ILO,2005,8,0.0,21.32,12.49
117007,ILO,2005,9,0.0,21.21,13.69
117007,ILO,2005,10,0.0,22.82,14.29
117007,ILO,2005,11,0.0,25.45,15.84
117007,ILO,2005,12,0.0,28.43,17.7
117007,ILO,2006,1,0.0,30.38,19.66
117007,ILO,2006,2,0.0,31.22,19.74
117007,ILO,2006,3,2.4,29.76,19.06
117007,ILO,2006,4,0.0,27.47,14.91
117007,ILO,2006,5,0.0,25.0,13.26
117007,ILO,2006,6,0.0,22.63,13.92
117007,ILO,2006,7,0.0,22.02,13.12
117007,ILO,2006,8,0.3,21.62,13.64
117007,ILO,2006,9,0.0,22.85,14.77
117007,ILO,2006,10,0.0,24.38,15.75
117007,ILO,2006,11,0.0,25.75,16.01
117007,ILO,2006,12,0.0,27.52,18.16
117007,ILO,2007,1,0.0,30.46,19.55
117007,ILO,2007,2,0.0,31.06,18.29
117007,ILO,2007,3,0.0,30.15,17.75
117007,ILO,2007,4,0.0,27.21,14.57
117007,ILO,2007,5,0.0,23.32,-999.0
117007,ILO,2007,6,0.0,20.3,12.55
117007,ILO,2007,7,0.0,19.99,11.98
117007,ILO,2007,8,0.0,18.83,12.16
117007,ILO,2007,9,0.0,19.04,12.64
117007,ILO,2007,10,0.0,21.41,13.25
117007,ILO,2007,11,0.1,24.85,15.54
117007,ILO,2007,12,0.0,27.3,16.34
117007,ILO,2008,1,0.0,30.39,18.45
117007,ILO,2008,2,0.0,31.37,17.8
117007,ILO,2008,3,0.0,30.57,16.85
117007,ILO,2008,4,0.0,27.55,13.78
117007,ILO,2008,5,0.0,23.3,-999.0
117007,ILO,2008,6,0.9,21.55,12.92
117007,ILO,2008,7,0.0,21.29,12.06
117007,ILO,2008,8,0.2,21.28,12.74
117007,ILO,2008,9,0.0,21.88,13.31
117007,ILO,2008,10,0.0,23.13,13.74
117007,ILO,2008,11,0.0,25.83,15.12
117007,ILO,2008,12,0.0,27.99,16.1
117007,ILO,2009,1,0.0,29.9,17.11
117007,ILO,2009,2,0.0,30.73,18.11
117007,ILO,2009,3,0.0,30.36,17.63
117007,ILO,2009,4,0.0,28.97,15.44
117007,ILO,2009,5,0.0,26.33,14.58
117007,ILO,2009,6,0.0,23.81,12.96
117007,ILO,2009,7,0.0,21.2,13.12
117007,ILO,2009,8,0.0,20.91,11.92
117007,ILO,2009,9,1.0,20.77,13.42
117007,ILO,2009,10,0.0,22.51,14.07
117007,ILO,2009,11,0.3,25.04,16.44
117007,ILO,2009,12,0.0,27.22,17.44
117007,ILO,2010,1,0.0,29.25,18.14
117007,ILO,2010,2,1.6,31.31,19.76
117007,ILO,2010,3,0.0,29.65,16.82
117007,ILO,2010,4,0.0,27.58,17.0
117007,ILO,2010,5,0.0,24.91,15.25
117007,ILO,2010,6,0.0,21.72,12.7
117007,ILO,2010,7,0.0,20.07,-999.0
117007,ILO,2010,8,0.0,20.14,11.43
117007,ILO,2010,9,0.0,20.89,12.41
117007,ILO,2010,10,0.0,22.71,13.38
117007,ILO,2010,11,0.0,25.35,13.87
117007,ILO,2010,12,0.0,27.32,14.47
117007,ILO,2011,1,1.5,29.39,15.77
117007,ILO,2011,2,0.0,31.2,18.24
117007,ILO,2011,3,0.0,29.29,15.31
117007,ILO,2011,4,0.0,27.6,14.41
117007,ILO,2011,5,0.0,24.44,14.07
117007,ILO,2011,6,0.0,22.54,13.62
117007,ILO,2011,7,1.0,21.12,13.37
117007,ILO,2011,8,0.0,20.95,12.49
117007,ILO,2011,9,0.0,21.49,12.55
117007,ILO,2011,10,0.0,23.75,13.14
117007,ILO,2011,11,0.8,25.88,-999.0
117007,ILO,2011,12,0.3,28.0,-999.0
117007,ILO,2012,1,0.0,31.0,-999.0
117007,ILO,2012,2,0.0,32.05,-999.0
117007,ILO,2012,3,0.0,31.2,-999.0
117007,ILO,2012,4,1.2,29.85,-999.0
117007,ILO,2012,5,0.0,26.23,-999.0
117007,ILO,2012,6,0.0,24.0,-999.0
117007,ILO,2012,7,0.0,22.19,-999.0
117007,ILO,2012,8,0.0,21.49,-999.0
117007,ILO,2012,9,0.0,22.61,-999.0
117007,ILO,2012,10,0.0,23.39,-999.0
117007,ILO,2012,11,0.0,25.28,-999.0
117007,ILO,2012,12,0.0,27.42,-999.0
117007,ILO,2013,1,0.4,29.01,-999.0
117007,ILO,2013,2,0.0,31.73,-999.0
117007,ILO,2013,3,0.0,30.44,-999.0
117007,ILO,2013,4,0.0,28.55,-999.0
117007,ILO,2013,5,0.2,25.84,-999.0
117007,ILO,2013,6,0.0,23.1,-999.0
117007,ILO,2013,7,0.0,21.52,-999.0
117007,ILO,2013,8,0.0,21.03,-999.0
117007,ILO,2013,9,0.0,21.44,-999.0
117007,ILO,2013,10,0.0,23.14,-999.0
117007,ILO,2013,11,0.0,25.6,-999.0
117007,ILO,2013,12,0.0,28.37,-999.0
117007,ILO,2014,1,0.0,31.45,-999.0
117007,ILO,2014,2,0.0,30.88,-999.0
117007,ILO,2014,3,0.0,29.93,-999.0
117007,ILO,2014,4,0.0,27.28,-999.0
117007,ILO,2014,5,0.0,24.75,-999.0
117007,ILO,2014,6,0.0,21.66,-999.0
117007,ILO,2014,7,0.0,20.85,-999.0
117007,ILO,2014,8,-999.0,20.71,-999.0
117007,ILO,2014,9,-999.0,20.75,-999.0
117007,ILO,2014,10,0.0,23.21,-999.0
117007,ILO,2014,11,0.0,25.55,-999.0
117007,ILO,2014,12,0.0,26.78,-999.0
117007,ILO,2015,1,0.0,28.55,-999.0
117007,ILO,2015,2,0.0,31.89,-999.0
117007,ILO,2015,3,0.0,31.44,-999.0
117007,ILO,2015,4,0.0,28.99,-999.0
117007,ILO,2015,5,0.0,26.27,-999.0
117007,ILO,2015,6,0.0,23.52,-999.0
117007,ILO,2015,7,0.0,22.29,-999.0
117007,ILO,2015,8,0.6,21.44,-999.0
117007,ILO,2015,9,0.0,23.1,-999.0
117007,ILO,2015,10,0.0,23.44,-999.0
117007,ILO,2015,11,0.0,24.84,-999.0
117007,ILO,2015,12,0.0,28.13,-999.0
117007,ILO,2016,1,0.0,30.11,-999.0
117007,ILO,2016,2,1.7,31.49,-999.0
117007,ILO,2016,3,0.0,31.81,-999.0
117007,ILO,2016,4,0.0,28.54,-999.0
117007,ILO,2016,5,0.0,26.1,-999.0
117007,ILO,2016,6,0.0,23.87,-999.0
117007,ILO,2016,7,0.7,22.68,-999.0
117007,ILO,2016,8,0.0,22.35,-999.0
117007,ILO,2016,9,0.0,23.45,-999.0
117007,ILO,2016,10,0.0,24.78,-999.0
117007,ILO,2016,11,0.0,27.54,-999.0
117007,ILO,2016,12,0.0,29.31,-999.0
117007,ILO,2017,1,0.0,32.81,-999.0
117007,ILO,2017,2,0.0,33.39,-999.0
117007,ILO,2017,3,0.0,32.61,-999.0
117007,ILO,2017,4,0.0,29.7,-999.0
117007,ILO,2017,5,0.0,26.7,-999.0
117007,ILO,2017,6,0.0,23.0,-999.0
117007,ILO,2017,7,3.0,21.6,-999.0
117007,ILO,2017,8,0.0,21.34,-999.0
117007,ILO,2017,9,0.0,20.85,-999.0
117007,ILO,2017,10,0.0,22.55,-999.0
117007,ILO,2017,11,0.0,24.76,-999.0
117007,ILO,2017,12,0.0,27.88,-999.0
117007,ILO,2018,1,0.0,30.37,-999.0
117007,ILO,2018,2,0.0,32.09,-999.0
117007,ILO,2018,3,0.0,30.46,-999.0
117007,ILO,2018,4,0.0,28.55,-999.0
117007,ILO,2018,5,0.0,25.56,-999.0
117007,ILO,2018,6,0.0,22.89,-999.0
117007,ILO,2018,7,0.3,20.68,-999.0
117007,ILO,2018,8,0.1,21.44,-999.0
117007,ILO,2018,9,0.0,23.16,-999.0
117007,ILO,2018,10,1.0,24.35,-999.0
117007,ILO,2018,11,0.0,27.32,-999.0
117007,ILO,2018,12,0.0,30.41,-999.0
117007,ILO,2019,1,1.4,30.72,-999.0
117007,ILO,2019,2,0.0,33.13,-999.0
117007,ILO,2019,3,0.0,31.35,-999.0
117007,ILO,2019,4,0.0,28.92,-999.0
117007,ILO,2019,5,0.0,25.55,-999.0
117007,ILO,2019,6,0.0,22.97,-999.0
117007,ILO,2019,7,0.3,21.64,-999.0
117007,ILO,2019,8,0.0,21.67,-999.0
117007,ILO,2019,9,0.0,22.72,-999.0
117007,ILO,2019,10,0.0,24.39,-999.0
117007,ILO,2019,11,0.0,25.98,-999.0
117007,ILO,2019,12,0.0,28.9,-999.0
117007,ILO,2020,1,1.5,31.32,-999.0
117007,ILO,2020,2,0.1,31.97,-999.0
117007,ILO,2020,3,-999.0,-999.0,-999.0
117007,ILO,2020,4,-999.0,-999.0,-999.0
117007,ILO,2020,5,-999.0,-999.0,-999.0
117007,ILO,2020,6,-999.0,-999.0,-999.0
117007,ILO,2020,7,-999.0,-999.0,-999.0
117007,ILO,2020,8,-999.0,-999.0,-999.0
117007,ILO,2020,9,-999.0,-999.0,-999.0
117007,ILO,2020,10,-999.0,-999.0,-999.0
117007,ILO,2020,11,-999.0,-999.0,-999.0
117007,ILO,2020,12,-999.0,-999.0,-999.0
117007,ILO,2021,1,-999.0,-999.0,-999.0
117007,ILO,2021,2,-999.0,-999.0,-999.0
117007,ILO,2021,3,-999.0,-999.0,-999.0
117007,ILO,2021,4,-999.0,-999.0,-999.0
117007,ILO,2021,5,-999.0,-999.0,-999.0
117007,ILO,2021,6,-999.0,-999.0,-999.0
117007,ILO,2021,7,-999.0,-999.0,-999.0
117007,ILO,2021,8,-999.0,-999.0,-999.0
117007,ILO,2021,9,-999.0,-999.0,-999.0
117007,ILO,2021,10,-999.0,-999.0,-999.0
117007,ILO,2021,11,-999.0,-999.0,-999.0
117007,ILO,2021,12,-999.0,-999.0,-999.0
117007,ILO,2022,1,-999.0,-999.0,-999.0
117007,ILO,2022,2,-999.0,-999.0,-999.0
117007,ILO,2022,3,-999.0,-999.0,-999.0
117007,ILO,2022,4,-999.0,-999.0,-999.0
117007,ILO,2022,5,-999.0,25.23,-999.0
117007,ILO,2022,6,-999.0,22.75,-999.0
117007,ILO,2022,7,-999.0,21.73,-999.0
117007,ILO,2022,8,-999.0,21.34,-999.0
117007,ILO,2022,9,-999.0,-999.0,-999.0
117007,ILO,2022,10,-999.0,23.77,-999.0
117007,ILO,2022,11,-999.0,25.12,-999.0
117007,ILO,2022,12,-999.0,28.59,-999.0
117007,ILO,2023,1,-999.0,31.09,-999.0
117007,ILO,2023,2,-999.0,33.1,-999.0
117007,ILO,2023,3,-999.0,32.99,-999.0
117007,ILO,2023,4,-999.0,30.38,-999.0
117007,ILO,2023,5,-999.0,26.25,-999.0
117007,ILO,2023,6,-999.0,23.89,-999.0
117007,ILO,2023,7,-999.0,22.96,-999.0
117007,ILO,2023,8,-999.0,23.43,-999.0
117007,ILO,2023,9,-999.0,-999.0,-999.0
117007,ILO,2023,10,-999.0,25.95,-999.0
117007,ILO,2023,11,-999.0,26.72,-999.0
117007,ILO,2023,12,-999.0,28.52,-999.0
117007,ILO,2024,1,-999.0,31.2,-999.0
117007,ILO,2024,2,-999.0,32.79,-999.0
117007,ILO,2024,3,-999.0,30.53,-999.0
117007,ILO,2024,4,-999.0,29.15,-999.0
117007,ILO,2024,5,-999.0,24.48,-999.0
117007,ILO,2024,6,-999.0,22.63,-999.0
117007,ILO,2024,7,-999.0,21.95,-999.0
117007,ILO,2024,8,-999.0,21.55,-999.0
117007,ILO,2024,9,-999.0,-999.0,-999.0
117007,ILO,2024,10,-999.0,24.95,-999.0
117007,ILO,2024,11,-999.0,26.71,-999.0
117007,ILO,2024,12,-999.0,28.48,-999.0
117007,ILO,2025,1,-999.0,30.32,-999.0
117007,ILO,2025,2,-999.0,-999.0,-999.0
117007,ILO,2025,3,-999.0,-999.0,-999.0
117007,ILO,2025,4,-999.0,-999.0,-999.0
117007,ILO,2025,5,-999.0,24.93,-999.0
117007,ILO,2025,6,-999.0,-999.0,-999.0
117007,ILO,2025,7,0.0,22.01,14.09
117007,ILO,2025,8,0.0,22.2,14.43
117007,ILO,2025,9,0.0,22.88,14.8
117007,ILO,2025,10,0.0,24.5,16.31
117007,ILO,2025,11,0.0,26.26,17.59
117007,ILO,2025,12,0.0,28.44,18.57
