CODIGO,ESTACION,YEAR,MONTH,PP,TMAX,TMIN
117016,ILABAYA,1990,1,-999.0,-999.0,-999.0
117016,ILABAYA,1990,2,-999.0,-999.0,-999.0
117016,ILABAYA,1990,3,-999.0,-999.0,-999.0
117016,ILABAYA,1990,4,-999.0,-999.0,-999.0
117016,ILABAYA,1990,5,-999.0,-999.0,-999.0
117016,ILABAYA,1990,6,-999.0,-999.0,-999.0
117016,ILABAYA,1990,7,-999.0,-999.0,-999.0
117016,ILABAYA,1990,8,-999.0,-999.0,-999.0
117016,ILABAYA,1990,9,-999.0,-999.0,-999.0
117016,ILABAYA,1990,10,-999.0,-999.0,-999.0
117016,ILABAYA,1990,11,-999.0,-999.0,-999.0
117016,ILABAYA,1990,12,-999.0,-999.0,-999.0
117016,ILABAYA,1991,1,-999.0,-999.0,-999.0
117016,ILABAYA,1991,2,-999.0,-999.0,-999.0
117016,ILABAYA,1991,3,-999.0,-999.0,-999.0
117016,ILABAYA,1991,4,-999.0,-999.0,-999.0
117016,ILABAYA,1991,5,-999.0,-999.0,-999.0
117016,ILABAYA,1991,6,-999.0,-999.0,-999.0
117016,ILABAYA,1991,7,-999.0,-999.0,-999.0
117016,ILABAYA,1991,8,-999.0,-999.0,-999.0
117016,ILABAYA,1991,9,-999.0,-999.0,-999.0
117016,ILABAYA,1991,10,-999.0,-999.0,-999.0
117016,ILABAYA,1991,11,-999.0,-999.0,-999.0
117016,ILABAYA,1991,12,-999.0,-999.0,-999.0
117016,ILABAYA,1992,1,-999.0,-999.0,-999.0
117016,ILABAYA,1992,2,-999.0,-999.0,-999.0
117016,ILABAYA,1992,3,-999.0,-999.0,-999.0
117016,ILABAYA,1992,4,-999.0,-999.0,-999.0
117016,ILABAYA,1992,5,-999.0,-999.0,-999.0
117016,ILABAYA,1992,6,-999.0,-999.0,-999.0
117016,ILABAYA,1992,7,-999.0,-999.0,-999.0
117016,ILABAYA,1992,8,-999.0,-999.0,-999.0
117016,ILABAYA,1992,9,-999.0,-999.0,-999.0
117016,ILABAYA,1992,10,-999.0,-999.0,-999.0
117016,ILABAYA,1992,11,-999.0,-999.0,-999.0
117016,ILABAYA,1992,12,-999.0,-999.0,-999.0
117016,ILABAYA,1993,1,-999.0,-999.0,-999.0
117016,ILABAYA,1993,2,-999.0,-999.0,-999.0
117016,ILABAYA,1993,3,-999.0,-999.0,-999.0
117016,ILABAYA,1993,4,-999.0,-999.0,-999.0
117016,ILABAYA,1993,5,-999.0,-999.0,-999.0
117016,ILABAYA,1993,6,-999.0,-999.0,-999.0
117016,ILABAYA,1993,7,-999.0,-999.0,-999.0
117016,ILABAYA,1993,8,-999.0,-999.0,-999.0
117016,ILABAYA,1993,9,-999.0,-999.0,-999.0
117016,ILABAYA,1993,10,-999.0,-999.0,-999.0
117016,ILABAYA,1993,11,-999.0,-999.0,-999.0
117016,ILABAYA,1993,12,-999.0,-999.0,-999.0
117016,ILABAYA,1994,1,-999.0,-999.0,-999.0
117016,ILABAYA,1994,2,-999.0,-999.0,-999.0
117016,ILABAYA,1994,3,-999.0,-999.0,-999.0
117016,ILABAYA,1994,4,-999.0,-999.0,-999.0
117016,ILABAYA,1994,5,-999.0,-999.0,-999.0
117016,ILABAYA,1994,6,-999.0,-999.0,-999.0
117016,ILABAYA,1994,7,-999.0,-999.0,-999.0
117016,ILABAYA,1994,8,-999.0,-999.0,-999.0
117016,ILABAYA,1994,9,-999.0,-999.0,-999.0
117016,ILABAYA,1994,10,-999.0,-999.0,-999.0
117016,ILABAYA,1994,11,-999.0,-999.0,-999.0
117016,ILABAYA,1994,12,-999.0,-999.0,-999.0
117016,ILABAYA,1995,1,-999.0,-999.0,-999.0
117016,ILABAYA,1995,2,-999.0,-999.0,-999.0
117016,ILABAYA,1995,3,-999.0,-999.0,-999.0
117016,ILABAYA,1995,4,-999.0,-999.0,-999.0
117016,ILABAYA,1995,5,-999.0,-999.0,-999.0
117016,ILABAYA,1995,6,-999.0,-999.0,-999.0
117016,ILABAYA,1995,7,-999.0,-999.0,-999.0
117016,ILABAYA,1995,8,-999.0,-999.0,-999.0
117016,ILABAYA,1995,9,-999.0,-999.0,-999.0
117016,ILABAYA,1995,10,-999.0,-999.0,-999.0
117016,ILABAYA,1995,11,-999.0,-999.0,-999.0
117016,ILABAYA,1995,12,-999.0,-999.0,-999.0
117016,ILABAYA,1996,1,-999.0,-999.0,-999.0
117016,ILABAYA,1996,2,-999.0,-999.0,-999.0
117016,ILABAYA,1996,3,-999.0,-999.0,-999.0
117016,ILABAYA,1996,4,-999.0,-999.0,-999.0
117016,ILABAYA,1996,5,-999.0,-999.0,-999.0
117016,ILABAYA,1996,6,-999.0,-999.0,-999.0
117016,ILABAYA,1996,7,-999.0,-999.0,-999.0
117016,ILABAYA,1996,8,-999.0,-999.0,-999.0
117016,ILABAYA,1996,9,-999.0,-999.0,-999.0
117016,ILABAYA,1996,10,-999.0,-999.0,-999.0
117016,ILABAYA,1996,11,-999.0,-999.0,-999.0
117016,ILABAYA,1996,12,-999.0,-999.0,-999.0
117016,ILABAYA,1997,1,-999.0,-999.0,-999.0
117016,ILABAYA,1997,2,-999.0,-999.0,-999.0
117016,ILABAYA,1997,3,-999.0,-999.0,-999.0
117016,ILABAYA,1997,4,-999.0,-999.0,-999.0
117016,ILABAYA,1997,5,-999.0,-999.0,-999.0
117016,ILABAYA,1997,6,-999.0,-999.0,-999.0
117016,ILABAYA,1997,7,-999.0,-999.0,-999.0
117016,ILABAYA,1997,8,1.2,25.84,12.07
117016,ILABAYA,1997,9,0.3,24.95,12.53
117016,ILABAYA,1997,10,0.0,25.01,11.48
117016,ILABAYA,1997,11,0.0,25.44,11.92
117016,ILABAYA,1997,12,0.0,26.65,14.42
117016,ILABAYA,1998,1,13.2,27.99,16.58
117016,ILABAYA,1998,2,-999.0,27.98,16.56
117016,ILABAYA,1998,3,0.0,27.23,14.98
117016,ILABAYA,1998,4,0.0,25.9,13.05
117016,ILABAYA,1998,5,0.0,25.33,11.03
117016,ILABAYA,1998,6,0.0,24.72,10.88
117016,ILABAYA,1998,7,0.0,25.17,10.64
117016,ILABAYA,1998,8,0.0,24.09,10.69
117016,ILABAYA,1998,9,0.0,24.96,10.45
117016,ILABAYA,1998,10,0.0,25.67,12.89
117016,ILABAYA,1998,11,0.0,25.81,12.82
117016,ILABAYA,1998,12,0.0,26.15,12.91
117016,ILABAYA,1999,1,1.0,26.4,13.03
117016,ILABAYA,1999,2,-999.0,25.66,14.27
117016,ILABAYA,1999,3,4.6,25.23,14.16
117016,ILABAYA,1999,4,0.0,24.67,13.15
117016,ILABAYA,1999,5,0.0,24.44,12.21
117016,ILABAYA,1999,6,0.0,24.18,11.06
117016,ILABAYA,1999,7,0.0,23.22,9.15
117016,ILABAYA,1999,8,0.0,24.75,11.3
117016,ILABAYA,1999,9,0.0,24.3,11.96
117016,ILABAYA,1999,10,0.0,24.61,12.48
117016,ILABAYA,1999,11,0.0,24.65,12.45
117016,ILABAYA,1999,12,9.4,24.99,13.11
117016,ILABAYA,2000,1,12.8,23.75,13.81
117016,ILABAYA,2000,2,-999.0,25.91,12.87
117016,ILABAYA,2000,3,0.0,25.46,13.33
117016,ILABAYA,2000,4,0.0,24.43,12.83
117016,ILABAYA,2000,5,0.0,23.44,11.05
117016,ILABAYA,2000,6,0.5,23.82,10.5
117016,ILABAYA,2000,7,0.0,24.16,10.8
117016,ILABAYA,2000,8,0.0,25.33,12.53
117016,ILABAYA,2000,9,0.0,24.94,12.22
117016,ILABAYA,2000,10,0.0,25.74,12.59
117016,ILABAYA,2000,11,0.0,25.15,12.9
117016,ILABAYA,2000,12,0.0,25.54,13.31
117016,ILABAYA,2001,1,3.1,25.58,13.75
117016,ILABAYA,2001,2,-999.0,26.21,15.4
117016,ILABAYA,2001,3,8.0,26.12,14.34
117016,ILABAYA,2001,4,0.0,25.09,13.31
117016,ILABAYA,2001,5,0.0,24.56,11.52
117016,ILABAYA,2001,6,0.0,24.57,11.64
117016,ILABAYA,2001,7,0.0,25.49,12.77
117016,ILABAYA,2001,8,0.0,26.42,13.39
117016,ILABAYA,2001,9,0.0,24.64,10.85
117016,ILABAYA,2001,10,0.0,25.55,12.8
117016,ILABAYA,2001,11,0.0,25.17,11.79
117016,ILABAYA,2001,12,-999.0,-999.0,-999.0
117016,ILABAYA,2002,1,1.0,26.62,13.6
117016,ILABAYA,2002,2,13.8,26.21,14.61
117016,ILABAYA,2002,3,0.0,26.37,14.75
117016,ILABAYA,2002,4,0.0,24.72,12.9
117016,ILABAYA,2002,5,0.0,25.5,12.5
117016,ILABAYA,2002,6,0.0,25.37,10.48
117016,ILABAYA,2002,7,1.2,25.66,11.91
117016,ILABAYA,2002,8,0.0,26.96,12.16
117016,ILABAYA,2002,9,0.0,26.9,12.13
117016,ILABAYA,2002,10,0.0,27.2,12.15
117016,ILABAYA,2002,11,0.0,26.7,12.71
117016,ILABAYA,2002,12,0.0,26.83,13.15
117016,ILABAYA,2003,1,2.1,26.61,13.85
117016,ILABAYA,2003,2,-999.0,27.31,14.73
117016,ILABAYA,2003,3,0.1,26.99,14.04
117016,ILABAYA,2003,4,0.0,26.84,13.26
117016,ILABAYA,2003,5,0.0,27.26,12.89
117016,ILABAYA,2003,6,0.0,26.57,11.63
117016,ILABAYA,2003,7,0.0,25.83,11.16
117016,ILABAYA,2003,8,0.0,26.05,12.46
117016,ILABAYA,2003,9,0.0,26.82,11.78
117016,ILABAYA,2003,10,0.0,26.99,11.53
117016,ILABAYA,2003,11,0.0,27.02,12.09
117016,ILABAYA,2003,12,0.4,26.66,12.57
117016,ILABAYA,2004,1,0.4,26.64,14.23
117016,ILABAYA,2004,2,6.8,27.53,13.72
117016,ILABAYA,2004,3,0.0,28.13,14.36
117016,ILABAYA,2004,4,0.0,26.52,12.49
117016,ILABAYA,2004,5,0.0,25.57,10.81
117016,ILABAYA,2004,6,0.0,26.77,10.58
117016,ILABAYA,2004,7,0.9,25.73,10.16
117016,ILABAYA,2004,8,0.0,26.08,10.66
117016,ILABAYA,2004,9,0.0,26.44,10.82
117016,ILABAYA,2004,10,0.0,26.81,11.35
117016,ILABAYA,2004,11,0.0,27.44,12.08
117016,ILABAYA,2004,12,0.0,28.18,12.45
117016,ILABAYA,2005,1,3.0,-999.0,-999.0
117016,ILABAYA,2005,2,2.0,-999.0,-999.0
117016,ILABAYA,2005,3,0.0,-999.0,-999.0
117016,ILABAYA,2005,4,0.0,-999.0,-999.0
117016,ILABAYA,2005,5,0.0,-999.0,-999.0
117016,ILABAYA,2005,6,0.0,-999.0,-999.0
117016,ILABAYA,2005,7,0.0,-999.0,-999.0
117016,ILABAYA,2005,8,0.0,-999.0,-999.0
117016,ILABAYA,2005,9,0.0,-999.0,-999.0
117016,ILABAYA,2005,10,0.0,-999.0,-999.0
117016,ILABAYA,2005,11,0.0,-999.0,-999.0
117016,ILABAYA,2005,12,0.0,-999.0,-999.0
117016,ILABAYA,2006,1,0.2,-999.0,-999.0
117016,ILABAYA,2006,2,6.3,-999.0,-999.0
117016,ILABAYA,2006,3,0.0,-999.0,-999.0
117016,ILABAYA,2006,4,0.0,-999.0,-999.0
117016,ILABAYA,2006,5,0.0,-999.0,-999.0
117016,ILABAYA,2006,6,0.0,-999.0,-999.0
117016,ILABAYA,2006,7,0.0,-999.0,-999.0
117016,ILABAYA,2006,8,0.0,-999.0,-999.0
117016,ILABAYA,2006,9,0.0,-999.0,-999.0
117016,ILABAYA,2006,10,0.0,-999.0,-999.0
117016,ILABAYA,2006,11,0.0,-999.0,-999.0
117016,ILABAYA,2006,12,0.0,-999.0,-999.0
117016,ILABAYA,2007,1,1.2,-999.0,-999.0
117016,ILABAYA,2007,2,0.0,-999.0,-999.0
117016,ILABAYA,2007,3,0.0,-999.0,-999.0
117016,ILABAYA,2007,4,0.0,-999.0,-999.0
117016,ILABAYA,2007,5,0.0,-999.0,-999.0
117016,ILABAYA,2007,6,0.0,-999.0,-999.0
117016,ILABAYA,2007,7,0.0,-999.0,-999.0
117016,ILABAYA,2007,8,0.0,-999.0,-999.0
117016,ILABAYA,2007,9,0.0,-999.0,-999.0
117016,ILABAYA,2007,10,0.0,-999.0,-999.0
117016,ILABAYA,2007,11,0.0,-999.0,-999.0
117016,ILABAYA,2007,12,0.0,-999.0,-999.0
117016,ILABAYA,2008,1,17.1,-999.0,-999.0
117016,ILABAYA,2008,2,0.0,-999.0,-999.0
117016,ILABAYA,2008,3,3.4,-999.0,-999.0
117016,ILABAYA,2008,4,0.0,-999.0,-999.0
117016,ILABAYA,2008,5,0.0,-999.0,-999.0
117016,ILABAYA,2008,6,0.0,-999.0,-999.0
117016,ILABAYA,2008,7,0.0,-999.0,-999.0
117016,ILABAYA,2008,8,0.0,-999.0,-999.0
117016,ILABAYA,2008,9,0.0,-999.0,-999.0
117016,ILABAYA,2008,10,0.0,-999.0,-999.0
117016,ILABAYA,2008,11,0.0,-999.0,-999.0
117016,ILABAYA,2008,12,0.0,-999.0,-999.0
117016,ILABAYA,2009,1,0.0,-999.0,-999.0
117016,ILABAYA,2009,2,-999.0,-999.0,-999.0
117016,ILABAYA,2009,3,1.0,-999.0,-999.0
117016,ILABAYA,2009,4,0.0,-999.0,-999.0
117016,ILABAYA,2009,5,0.0,-999.0,-999.0
117016,ILABAYA,2009,6,0.0,-999.0,-999.0
117016,ILABAYA,2009,7,0.0,-999.0,-999.0
117016,ILABAYA,2009,8,0.0,-999.0,-999.0
117016,ILABAYA,2009,9,0.0,-999.0,-999.0
117016,ILABAYA,2009,10,0.0,-999.0,-999.0
117016,ILABAYA,2009,11,0.0,-999.0,-999.0
117016,ILABAYA,2009,12,0.0,-999.0,-999.0
117016,ILABAYA,2010,1,0.0,-999.0,-999.0
117016,ILABAYA,2010,2,0.0,-999.0,-999.0
117016,ILABAYA,2010,3,0.0,-999.0,-999.0
117016,ILABAYA,2010,4,0.0,-999.0,-999.0
117016,ILABAYA,2010,5,0.0,-999.0,-999.0
117016,ILABAYA,2010,6,0.0,-999.0,-999.0
117016,ILABAYA,2010,7,0.0,-999.0,-999.0
117016,ILABAYA,2010,8,0.0,-999.0,-999.0
117016,ILABAYA,2010,9,0.0,-999.0,-999.0
117016,ILABAYA,2010,10,0.0,-999.0,-999.0
117016,ILABAYA,2010,11,0.0,-999.0,-999.0
117016,ILABAYA,2010,12,0.0,-999.0,-999.0
117016,ILABAYA,2011,1,8.2,-999.0,-999.0
117016,ILABAYA,2011,2,-999.0,-999.0,-999.0
117016,ILABAYA,2011,3,0.0,-999.0,-999.0
117016,ILABAYA,2011,4,0.0,-999.0,-999.0
117016,ILABAYA,2011,5,0.0,-999.0,-999.0
117016,ILABAYA,2011,6,0.0,-999.0,-999.0
117016,ILABAYA,2011,7,0.0,-999.0,-999.0
117016,ILABAYA,2011,8,0.0,-999.0,-999.0
117016,ILABAYA,2011,9,0.0,-999.0,-999.0
117016,ILABAYA,2011,10,0.0,-999.0,-999.0
117016,ILABAYA,2011,11,0.0,-999.0,-999.0
117016,ILABAYA,2011,12,6.0,-999.0,-999.0
117016,ILABAYA,2012,1,12.9,-999.0,-999.0
117016,ILABAYA,2012,2,32.3,-999.0,-999.0
117016,ILABAYA,2012,3,1.0,-999.0,-999.0
117016,ILABAYA,2012,4,0.0,-999.0,-999.0
117016,ILABAYA,2012,5,0.0,-999.0,-999.0
117016,ILABAYA,2012,6,0.0,-999.0,-999.0
117016,ILABAYA,2012,7,0.0,-999.0,-999.0
117016,ILABAYA,2012,8,0.0,-999.0,-999.0
117016,ILABAYA,2012,9,0.0,-999.0,-999.0
117016,ILABAYA,2012,10,0.0,-999.0,-999.0
117016,ILABAYA,2012,11,0.0,-999.0,-999.0
117016,ILABAYA,2012,12,2.8,-999.0,-999.0
117016,ILABAYA,2013,1,10.3,-999.0,-999.0
117016,ILABAYA,2013,2,5.5,-999.0,-999.0
117016,ILABAYA,2013,3,7.5,-999.0,-999.0
117016,ILABAYA,2013,4,0.0,-999.0,-999.0
117016,ILABAYA,2013,5,2.0,-999.0,-999.0
117016,ILABAYA,2013,6,1.8,-999.0,-999.0
117016,ILABAYA,2013,7,0.0,-999.0,-999.0
117016,ILABAYA,2013,8,0.0,-999.0,-999.0
117016,ILABAYA,2013,9,0.0,-999.0,-999.0
117016,ILABAYA,2013,10,0.0,-999.0,-999.0
117016,ILABAYA,2013,11,0.0,-999.0,-999.0
117016,ILABAYA,2013,12,0.0,-999.0,-999.0
117016,ILABAYA,2014,1,2.6,-999.0,-999.0
117016,ILABAYA,2014,2,0.0,-999.0,-999.0
117016,ILABAYA,2014,3,0.0,-999.0,-999.0
117016,ILABAYA,2014,4,0.0,-999.0,-999.0
117016,ILABAYA,2014,5,0.0,-999.0,-999.0
117016,ILABAYA,2014,6,0.0,-999.0,-999.0
117016,ILABAYA,2014,7,0.0,-999.0,-999.0
117016,ILABAYA,2014,8,0.0,-999.0,-999.0
117016,ILABAYA,2014,9,0.0,-999.0,-999.0
117016,ILABAYA,2014,10,0.0,-999.0,-999.0
117016,ILABAYA,2014,11,0.0,-999.0,-999.0
117016,ILABAYA,2014,12,0.0,-999.0,-999.0
117016,ILABAYA,2015,1,4.5,-999.0,-999.0
117016,ILABAYA,2015,2,13.0,-999.0,-999.0
117016,ILABAYA,2015,3,39.0,-999.0,-999.0
117016,ILABAYA,2015,4,0.0,-999.0,-999.0
117016,ILABAYA,2015,5,0.0,-999.0,-999.0
117016,ILABAYA,2015,6,0.0,-999.0,-999.0
117016,ILABAYA,2015,7,0.0,-999.0,-999.0
117016,ILABAYA,2015,8,0.0,-999.0,-999.0
117016,ILABAYA,2015,9,0.0,-999.0,-999.0
117016,ILABAYA,2015,10,0.0,-999.0,-999.0
117016,ILABAYA,2015,11,0.0,-999.0,-999.0
117016,ILABAYA,2015,12,0.0,-999.0,-999.0
117016,ILABAYA,2016,1,0.7,-999.0,-999.0
117016,ILABAYA,2016,2,-999.0,-999.0,-999.0
117016,ILABAYA,2016,3,0.0,-999.0,-999.0
117016,ILABAYA,2016,4,0.5,-999.0,-999.0
117016,ILABAYA,2016,5,0.0,-999.0,-999.0
117016,ILABAYA,2016,6,0.0,-999.0,-999.0
117016,ILABAYA,2016,7,0.0,-999.0,-999.0
117016,ILABAYA,2016,8,0.0,-999.0,-999.0
117016,ILABAYA,2016,9,0.0,-999.0,-999.0
117016,ILABAYA,2016,10,0.0,-999.0,-999.0
117016,ILABAYA,2016,11,0.0,-999.0,-999.0
117016,ILABAYA,2016,12,1.0,-999.0,-999.0
117016,ILABAYA,2017,1,18.0,-999.0,-999.0
117016,ILABAYA,2017,2,-999.0,-999.0,-999.0
117016,ILABAYA,2017,3,6.5,-999.0,-999.0
117016,ILABAYA,2017,4,0.0,-999.0,-999.0
117016,ILABAYA,2017,5,0.0,-999.0,-999.0
117016,ILABAYA,2017,6,0.0,-999.0,-999.0
117016,ILABAYA,2017,7,0.0,-999.0,-999.0
117016,ILABAYA,2017,8,0.0,-999.0,-999.0
117016,ILABAYA,2017,9,0.0,-999.0,-999.0
117016,ILABAYA,2017,10,0.0,-999.0,-999.0
117016,ILABAYA,2017,11,0.0,-999.0,-999.0
117016,ILABAYA,2017,12,2.7,-999.0,-999.0
117016,ILABAYA,2018,1,5.4,-999.0,-999.0
117016,ILABAYA,2018,2,0.2,-999.0,-999.0
117016,ILABAYA,2018,3,0.0,-999.0,-999.0
117016,ILABAYA,2018,4,0.0,-999.0,-999.0
117016,ILABAYA,2018,5,0.0,-999.0,-999.0
117016,ILABAYA,2018,6,0.0,-999.0,-999.0
117016,ILABAYA,2018,7,0.5,-999.0,-999.0
117016,ILABAYA,2018,8,0.0,-999.0,-999.0
117016,ILABAYA,2018,9,0.0,-999.0,-999.0
117016,ILABAYA,2018,10,0.0,-999.0,-999.0
117016,ILABAYA,2018,11,0.0,-999.0,-999.0
117016,ILABAYA,2018,12,0.0,-999.0,-999.0
117016,ILABAYA,2019,1,-999.0,-999.0,-999.0
117016,ILABAYA,2019,2,19.9,-999.0,-999.0
117016,ILABAYA,2019,3,0.0,-999.0,-999.0
117016,ILABAYA,2019,4,0.0,-999.0,-999.0
117016,ILABAYA,2019,5,0.0,-999.0,-999.0
117016,ILABAYA,2019,6,0.0,-999.0,-999.0
117016,ILABAYA,2019,7,0.0,-999.0,-999.0
117016,ILABAYA,2019,8,0.0,-999.0,-999.0
117016,ILABAYA,2019,9,0.0,-999.0,-999.0
117016,ILABAYA,2019,10,0.0,-999.0,-999.0
117016,ILABAYA,2019,11,0.0,-999.0,-999.0
117016,ILABAYA,2019,12,1.0,-999.0,-999.0
117016,ILABAYA,2020,1,-999.0,-999.0,-999.0
117016,ILABAYA,2020,2,49.6,-999.0,-999.0
117016,ILABAYA,2020,3,-999.0,-999.0,-999.0
117016,ILABAYA,2020,4,-999.0,-999.0,-999.0
117016,ILABAYA,2020,5,-999.0,-999.0,-999.0
117016,ILABAYA,2020,6,-999.0,-999.0,-999.0
117016,ILABAYA,2020,7,-999.0,-999.0,-999.0
117016,ILABAYA,2020,8,-999.0,-999.0,-999.0
117016,ILABAYA,2020,9,0.0,-999.0,-999.0
117016,ILABAYA,2020,10,0.0,-999.0,-999.0
117016,ILABAYA,2020,11,0.0,-999.0,-999.0
117016,ILABAYA,2020,12,25.5,-999.0,-999.0
117016,ILABAYA,2021,1,4.5,-999.0,-999.0
117016,ILABAYA,2021,2,0.5,-999.0,-999.0
117016,ILABAYA,2021,3,0.0,-999.0,-999.0
117016,ILABAYA,2021,4,0.0,-999.0,-999.0
117016,ILABAYA,2021,5,0.0,-999.0,-999.0
117016,ILABAYA,2021,6,0.0,-999.0,-999.0
117016,ILABAYA,2021,7,0.0,-999.0,-999.0
117016,ILABAYA,2021,8,0.0,-999.0,-999.0
117016,ILABAYA,2021,9,0.0,-999.0,-999.0
117016,ILABAYA,2021,10,0.0,-999.0,-999.0
117016,ILABAYA,2021,11,0.3,-999.0,-999.0
117016,ILABAYA,2021,12,0.4,-999.0,-999.0
117016,ILABAYA,2022,1,1.8,-999.0,-999.0
117016,ILABAYA,2022,2,2.1,-999.0,-999.0
117016,ILABAYA,2022,3,1.0,-999.0,-999.0
117016,ILABAYA,2022,4,0.0,-999.0,-999.0
117016,ILABAYA,2022,5,0.0,-999.0,-999.0
117016,ILABAYA,2022,6,0.0,-999.0,-999.0
117016,ILABAYA,2022,7,0.0,-999.0,-999.0
117016,ILABAYA,2022,8,0.0,-999.0,-999.0
117016,ILABAYA,2022,9,0.0,-999.0,-999.0
117016,ILABAYA,2022,10,0.0,-999.0,-999.0
117016,ILABAYA,2022,11,0.0,-999.0,-999.0
117016,ILABAYA,2022,12,2.6,28.17,13.06
117016,ILABAYA,2023,1,13.9,28.48,14.39
117016,ILABAYA,2023,2,3.0,28.69,14.47
117016,ILABAYA,2023,3,1.0,28.57,13.66
117016,ILABAYA,2023,4,0.0,27.84,12.55
117016,ILABAYA,2023,5,0.0,25.67,11.08
117016,ILABAYA,2023,6,0.0,25.37,10.01
117016,ILABAYA,2023,7,0.0,25.28,9.82
117016,ILABAYA,2023,8,0.0,26.19,10.69
117016,ILABAYA,2023,9,0.0,27.09,11.81
117016,ILABAYA,2023,10,0.0,28.26,13.56
117016,ILABAYA,2023,11,2.0,28.55,14.42
117016,ILABAYA,2023,12,1.5,28.7,14.75
117016,ILABAYA,2024,1,0.5,28.79,15.46
117016,ILABAYA,2024,2,6.2,28.48,14.7
117016,ILABAYA,2024,3,10.3,28.36,14.65
117016,ILABAYA,2024,4,0.0,27.83,14.11
117016,ILABAYA,2024,5,0.0,26.68,12.73
117016,ILABAYA,2024,6,0.0,25.22,10.62
117016,ILABAYA,2024,7,0.0,24.61,8.86
117016,ILABAYA,2024,8,0.0,26.52,11.72
117016,ILABAYA,2024,9,0.0,27.9,13.48
117016,ILABAYA,2024,10,0.0,28.01,13.65
117016,ILABAYA,2024,11,0.1,27.9,12.72
117016,ILABAYA,2024,12,0.0,27.85,13.85
117016,ILABAYA,2025,1,11.2,27.99,15.23
117016,ILABAYA,2025,2,26.3,27.36,15.86
117016,ILABAYA,2025,3,0.2,27.65,15.01
117016,ILABAYA,2025,4,0.1,26.19,13.59
117016,ILABAYA,2025,5,0.0,26.43,13.53
117016,ILABAYA,2025,6,0.0,25.53,11.47
117016,ILABAYA,2025,7,0.0,26.96,13.11
117016,ILABAYA,2025,8,0.0,26.06,11.75
117016,ILABAYA,2025,9,0.0,27.49,12.85
117016,ILABAYA,2025,10,0.0,27.27,12.93
117016,ILABAYA,2025,11,0.0,27.59,12.73
117016,ILABAYA,2025,12,4.9,28.13,13.16
