CODIGO,ESTACION,YEAR,MONTH,PP,TMAX,TMIN
117003,CALANA,1990,1,0.0,26.43,-999.0
117003,CALANA,1990,2,-999.0,26.3,-999.0
117003,CALANA,1990,3,0.0,25.78,-999.0
117003,CALANA,1990,4,0.3,23.56,-999.0
117003,CALANA,1990,5,0.0,21.32,-999.0
117003,CALANA,1990,6,0.0,20.61,7.33
117003,CALANA,1990,7,1.9,19.21,6.68
117003,CALANA,1990,8,0.0,20.25,-999.0
117003,CALANA,1990,9,0.0,-999.0,-999.0
117003,CALANA,1990,10,0.0,22.02,-999.0
117003,CALANA,1990,11,0.0,23.59,-999.0
117003,CALANA,1990,12,0.0,25.67,13.84
117003,CALANA,1991,1,0.0,26.8,14.13
117003,CALANA,1991,2,-999.0,-999.0,-999.0
117003,CALANA,1991,3,-999.0,-999.0,-999.0
117003,CALANA,1991,4,0.0,24.7,11.32
117003,CALANA,1991,5,0.0,22.52,9.9
117003,CALANA,1991,6,0.0,21.01,8.58
117003,CALANA,1991,7,0.0,19.63,6.4
117003,CALANA,1991,8,0.0,19.72,6.75
117003,CALANA,1991,9,0.0,21.9,9.24
117003,CALANA,1991,10,-999.0,22.26,9.15
117003,CALANA,1991,11,0.0,23.82,12.5
117003,CALANA,1991,12,10.0,25.69,13.29
117003,CALANA,1992,1,0.0,-999.0,14.66
117003,CALANA,1992,2,0.0,26.97,14.16
117003,CALANA,1992,3,0.0,26.71,14.76
117003,CALANA,1992,4,3.2,24.78,15.37
117003,CALANA,1992,5,20.9,23.31,13.11
117003,CALANA,1992,6,3.4,20.56,9.58
117003,CALANA,1992,7,0.0,19.31,7.35
117003,CALANA,1992,8,0.0,20.46,7.51
117003,CALANA,1992,9,0.0,21.31,8.75
117003,CALANA,1992,10,0.8,22.61,10.62
117003,CALANA,1992,11,0.0,24.38,12.92
117003,CALANA,1992,12,0.0,25.17,14.2
117003,CALANA,1993,1,0.0,26.83,15.92
117003,CALANA,1993,2,0.0,26.8,15.12
117003,CALANA,1993,3,0.0,26.28,-999.0
117003,CALANA,1993,4,0.0,24.97,13.7
117003,CALANA,1993,5,6.0,21.77,12.32
117003,CALANA,1993,6,7.6,20.41,8.55
117003,CALANA,1993,7,4.6,19.34,8.22
117003,CALANA,1993,8,2.3,21.22,9.06
117003,CALANA,1993,9,0.0,21.51,9.29
117003,CALANA,1993,10,0.0,23.12,10.48
117003,CALANA,1993,11,0.0,23.77,11.73
117003,CALANA,1993,12,0.4,25.14,13.45
117003,CALANA,1994,1,3.8,26.24,14.92
117003,CALANA,1994,2,0.0,26.44,15.32
117003,CALANA,1994,3,0.0,25.59,14.37
117003,CALANA,1994,4,1.0,24.27,12.81
117003,CALANA,1994,5,0.2,21.68,10.15
117003,CALANA,1994,6,1.5,19.57,7.77
117003,CALANA,1994,7,0.0,-999.0,6.78
117003,CALANA,1994,8,3.0,-999.0,8.58
117003,CALANA,1994,9,0.0,22.58,9.38
117003,CALANA,1994,10,0.4,22.66,10.86
117003,CALANA,1994,11,1.0,23.89,12.58
117003,CALANA,1994,12,0.2,25.62,14.42
117003,CALANA,1995,1,0.0,26.6,15.38
117003,CALANA,1995,2,0.0,26.11,14.46
117003,CALANA,1995,3,9.6,25.68,14.54
117003,CALANA,1995,4,0.0,24.11,12.59
117003,CALANA,1995,5,0.0,22.14,9.4
117003,CALANA,1995,6,0.0,20.85,7.84
117003,CALANA,1995,7,0.0,19.3,7.32
117003,CALANA,1995,8,2.3,19.59,7.58
117003,CALANA,1995,9,1.7,21.42,9.86
117003,CALANA,1995,10,0.4,22.79,10.0
117003,CALANA,1995,11,0.0,23.63,11.43
117003,CALANA,1995,12,0.0,24.32,12.32
117003,CALANA,1996,1,0.0,25.63,13.92
117003,CALANA,1996,2,1.4,26.27,14.62
117003,CALANA,1996,3,0.0,25.56,13.61
117003,CALANA,1996,4,0.0,22.93,11.6
117003,CALANA,1996,5,0.0,21.46,9.6
117003,CALANA,1996,6,1.4,19.14,7.18
117003,CALANA,1996,7,0.1,19.68,6.85
117003,CALANA,1996,8,4.5,18.92,7.47
117003,CALANA,1996,9,0.0,20.77,7.92
117003,CALANA,1996,10,0.0,22.52,9.81
117003,CALANA,1996,11,0.3,23.36,11.54
117003,CALANA,1996,12,0.0,24.86,12.74
117003,CALANA,1997,1,4.7,25.57,15.88
117003,CALANA,1997,2,3.5,26.18,15.72
117003,CALANA,1997,3,0.8,26.07,15.26
117003,CALANA,1997,4,0.0,24.71,13.14
117003,CALANA,1997,5,6.3,23.35,11.71
117003,CALANA,1997,6,1.8,21.33,10.24
117003,CALANA,1997,7,6.2,20.75,10.34
117003,CALANA,1997,8,8.7,22.32,12.46
117003,CALANA,1997,9,21.0,21.17,12.77
117003,CALANA,1997,10,5.8,22.98,13.06
117003,CALANA,1997,11,8.7,24.01,14.23
117003,CALANA,1997,12,-999.0,-999.0,-999.0
117003,CALANA,1998,1,34.5,26.72,18.55
117003,CALANA,1998,2,2.0,28.16,18.13
117003,CALANA,1998,3,0.0,27.39,16.18
117003,CALANA,1998,4,1.1,25.57,13.56
117003,CALANA,1998,5,0.2,23.39,10.96
117003,CALANA,1998,6,0.8,21.05,9.42
117003,CALANA,1998,7,1.6,19.9,9.02
117003,CALANA,1998,8,5.1,20.23,8.41
117003,CALANA,1998,9,2.2,20.87,8.8
117003,CALANA,1998,10,1.3,21.68,9.79
117003,CALANA,1998,11,0.0,23.38,12.1
117003,CALANA,1998,12,1.4,24.39,13.68
117003,CALANA,1999,1,0.9,25.4,13.86
117003,CALANA,1999,2,0.4,26.29,17.03
117003,CALANA,1999,3,0.3,25.66,15.55
117003,CALANA,1999,4,0.0,23.19,11.61
117003,CALANA,1999,5,0.0,21.41,8.59
117003,CALANA,1999,6,1.1,20.13,7.2
117003,CALANA,1999,7,0.0,18.97,8.37
117003,CALANA,1999,8,0.7,20.44,7.75
117003,CALANA,1999,9,2.3,21.07,8.79
117003,CALANA,1999,10,1.3,22.11,10.8
117003,CALANA,1999,11,2.5,23.03,11.45
117003,CALANA,1999,12,9.1,24.81,13.63
117003,CALANA,2000,1,7.5,25.29,16.34
117003,CALANA,2000,2,0.8,26.09,15.29
117003,CALANA,2000,3,0.6,25.51,14.22
117003,CALANA,2000,4,0.0,24.78,14.16
117003,CALANA,2000,5,0.0,21.7,10.07
117003,CALANA,2000,6,2.2,19.3,9.11
117003,CALANA,2000,7,3.0,19.37,6.73
117003,CALANA,2000,8,1.8,20.66,7.81
117003,CALANA,2000,9,0.1,21.43,9.05
117003,CALANA,2000,10,1.1,22.48,11.05
117003,CALANA,2000,11,0.0,23.4,10.86
117003,CALANA,2000,12,1.0,25.34,14.39
117003,CALANA,2001,1,0.4,26.32,15.88
117003,CALANA,2001,2,0.7,27.23,17.34
117003,CALANA,2001,3,0.8,26.61,16.18
117003,CALANA,2001,4,0.3,24.22,13.31
117003,CALANA,2001,5,0.0,21.37,10.1
117003,CALANA,2001,6,1.1,19.07,8.03
117003,CALANA,2001,7,1.4,20.24,6.57
117003,CALANA,2001,8,1.9,20.08,7.66
117003,CALANA,2001,9,2.7,20.03,9.16
117003,CALANA,2001,10,0.1,22.36,10.0
117003,CALANA,2001,11,0.0,23.06,12.25
117003,CALANA,2001,12,2.1,24.7,13.96
117003,CALANA,2002,1,0.0,25.93,13.73
117003,CALANA,2002,2,5.3,26.51,16.06
117003,CALANA,2002,3,5.1,26.22,16.02
117003,CALANA,2002,4,2.6,22.93,13.61
117003,CALANA,2002,5,0.0,22.52,11.18
117003,CALANA,2002,6,0.2,19.61,8.33
117003,CALANA,2002,7,12.9,18.95,7.59
117003,CALANA,2002,8,2.2,20.19,8.14
117003,CALANA,2002,9,0.4,21.37,9.35
117003,CALANA,2002,10,0.6,22.59,11.12
117003,CALANA,2002,11,0.6,23.37,12.14
117003,CALANA,2002,12,1.0,24.83,13.7
117003,CALANA,2003,1,5.2,25.55,14.59
117003,CALANA,2003,2,0.0,26.61,15.8
117003,CALANA,2003,3,0.0,25.65,14.48
117003,CALANA,2003,4,0.7,23.55,11.04
117003,CALANA,2003,5,1.2,21.82,9.54
117003,CALANA,2003,6,0.6,20.37,6.78
117003,CALANA,2003,7,3.9,19.44,7.44
117003,CALANA,2003,8,2.3,20.72,8.14
117003,CALANA,2003,9,2.3,21.11,8.67
117003,CALANA,2003,10,0.3,23.44,10.92
117003,CALANA,2003,11,0.8,24.11,12.67
117003,CALANA,2003,12,0.0,24.87,13.25
117003,CALANA,2004,1,0.4,26.02,14.95
117003,CALANA,2004,2,1.2,26.72,14.98
117003,CALANA,2004,3,0.0,26.32,14.01
117003,CALANA,2004,4,0.0,23.63,11.77
117003,CALANA,2004,5,0.3,20.92,8.57
117003,CALANA,2004,6,0.6,19.57,6.09
117003,CALANA,2004,7,1.6,19.92,7.47
117003,CALANA,2004,8,3.6,19.8,8.87
117003,CALANA,2004,9,0.7,21.59,8.95
117003,CALANA,2004,10,0.1,22.71,10.63
117003,CALANA,2004,11,0.1,23.92,12.24
117003,CALANA,2004,12,0.5,25.44,14.42
117003,CALANA,2005,1,2.4,26.26,15.88
117003,CALANA,2005,2,0.2,25.78,15.22
117003,CALANA,2005,3,0.0,25.66,13.95
117003,CALANA,2005,4,0.3,23.69,12.24
117003,CALANA,2005,5,0.5,20.97,9.46
117003,CALANA,2005,6,1.5,21.51,6.46
117003,CALANA,2005,7,0.3,19.03,6.99
117003,CALANA,2005,8,1.3,20.5,6.86
117003,CALANA,2005,9,3.3,19.68,8.43
117003,CALANA,2005,10,0.0,21.01,8.96
117003,CALANA,2005,11,0.0,23.34,10.71
117003,CALANA,2005,12,0.0,25.1,13.48
117003,CALANA,2006,1,0.0,26.13,15.44
117003,CALANA,2006,2,0.2,26.85,15.79
117003,CALANA,2006,3,0.0,25.79,15.17
117003,CALANA,2006,4,0.0,23.51,11.53
117003,CALANA,2006,5,0.5,22.25,9.05
117003,CALANA,2006,6,3.3,20.23,7.95
117003,CALANA,2006,7,0.6,20.99,7.8
117003,CALANA,2006,8,2.0,19.99,8.41
117003,CALANA,2006,9,0.4,22.01,9.48
117003,CALANA,2006,10,0.5,22.81,11.12
117003,CALANA,2006,11,0.3,23.67,12.2
117003,CALANA,2006,12,0.3,24.88,13.56
117003,CALANA,2007,1,0.0,26.53,15.23
117003,CALANA,2007,2,1.2,26.35,14.43
117003,CALANA,2007,3,0.0,25.65,14.18
117003,CALANA,2007,4,0.1,23.79,11.66
117003,CALANA,2007,5,0.5,20.47,8.41
117003,CALANA,2007,6,1.5,19.79,7.27
117003,CALANA,2007,7,0.6,19.55,5.93
117003,CALANA,2007,8,10.0,16.98,6.7
117003,CALANA,2007,9,4.3,19.26,7.84
117003,CALANA,2007,10,0.3,21.38,8.95
117003,CALANA,2007,11,2.0,22.75,11.12
117003,CALANA,2007,12,0.0,24.21,12.04
117003,CALANA,2008,1,5.2,26.24,15.84
117003,CALANA,2008,2,0.0,26.76,14.67
117003,CALANA,2008,3,0.0,26.27,14.27
117003,CALANA,2008,4,0.2,23.67,10.75
117003,CALANA,2008,5,0.2,21.35,7.5
117003,CALANA,2008,6,2.9,19.11,7.25
117003,CALANA,2008,7,0.1,18.84,6.19
117003,CALANA,2008,8,1.0,20.31,7.34
117003,CALANA,2008,9,4.0,21.46,8.67
117003,CALANA,2008,10,0.5,21.96,10.34
117003,CALANA,2008,11,0.0,23.43,11.23
117003,CALANA,2008,12,0.4,24.85,12.53
117003,CALANA,2009,1,0.0,26.29,14.12
117003,CALANA,2009,2,0.8,26.95,15.12
117003,CALANA,2009,3,0.0,26.32,14.35
117003,CALANA,2009,4,0.0,25.09,12.21
117003,CALANA,2009,5,0.0,22.77,10.3
117003,CALANA,2009,6,0.3,21.18,7.32
117003,CALANA,2009,7,2.1,19.17,7.13
117003,CALANA,2009,8,2.6,20.32,6.39
117003,CALANA,2009,9,2.8,20.73,9.1
117003,CALANA,2009,10,0.6,22.37,10.36
117003,CALANA,2009,11,3.8,24.55,13.05
117003,CALANA,2009,12,5.6,25.28,14.54
117003,CALANA,2010,1,0.0,26.35,14.3
117003,CALANA,2010,2,0.1,27.39,16.49
117003,CALANA,2010,3,0.0,26.14,13.87
117003,CALANA,2010,4,2.9,24.33,13.86
117003,CALANA,2010,5,1.2,21.98,10.91
117003,CALANA,2010,6,3.1,19.21,7.34
117003,CALANA,2010,7,0.6,18.52,5.86
117003,CALANA,2010,8,0.0,20.45,6.55
117003,CALANA,2010,9,0.7,20.91,8.6
117003,CALANA,2010,10,0.0,22.11,9.64
117003,CALANA,2010,11,0.0,23.25,10.79
117003,CALANA,2010,12,0.0,24.38,11.84
117003,CALANA,2011,1,2.4,25.85,13.7
117003,CALANA,2011,2,11.8,26.66,15.77
117003,CALANA,2011,3,0.0,25.71,12.55
117003,CALANA,2011,4,0.0,24.28,12.17
117003,CALANA,2011,5,1.0,21.74,10.08
117003,CALANA,2011,6,7.5,20.03,9.15
117003,CALANA,2011,7,3.5,18.8,8.5
117003,CALANA,2011,8,3.7,19.55,7.58
117003,CALANA,2011,9,3.3,21.48,8.61
117003,CALANA,2011,10,0.0,22.99,9.87
117003,CALANA,2011,11,0.6,23.86,11.75
117003,CALANA,2011,12,1.8,25.15,13.63
117003,CALANA,2012,1,5.5,26.18,14.47
117003,CALANA,2012,2,3.6,26.91,15.69
117003,CALANA,2012,3,2.6,27.14,15.76
117003,CALANA,2012,4,0.3,25.53,13.35
117003,CALANA,2012,5,0.0,22.65,9.76
117003,CALANA,2012,6,2.3,21.41,8.63
117003,CALANA,2012,7,1.6,20.55,7.65
117003,CALANA,2012,8,5.7,19.14,8.21
117003,CALANA,2012,9,3.1,21.52,9.52
117003,CALANA,2012,10,1.0,22.44,10.52
117003,CALANA,2012,11,0.0,23.77,11.88
117003,CALANA,2012,12,0.0,25.46,-999.0
117003,CALANA,2013,1,0.7,26.22,14.47
117003,CALANA,2013,2,1.3,27.51,15.24
117003,CALANA,2013,3,2.4,26.4,13.16
117003,CALANA,2013,4,0.0,24.56,9.78
117003,CALANA,2013,5,0.5,22.51,10.22
117003,CALANA,2013,6,0.0,20.94,8.13
117003,CALANA,2013,7,0.9,20.57,7.4
117003,CALANA,2013,8,1.2,20.28,7.56
117003,CALANA,2013,9,0.0,23.0,9.67
117003,CALANA,2013,10,0.0,23.09,10.22
117003,CALANA,2013,11,0.0,24.03,11.13
117003,CALANA,2013,12,0.0,26.08,12.99
117003,CALANA,2014,1,0.0,28.09,14.87
117003,CALANA,2014,2,0.0,26.71,12.58
117003,CALANA,2014,3,0.0,26.61,13.06
117003,CALANA,2014,4,0.0,24.26,12.56
117003,CALANA,2014,5,0.7,22.64,10.07
117003,CALANA,2014,6,5.2,20.2,8.36
117003,CALANA,2014,7,1.6,20.3,6.54
117003,CALANA,2014,8,0.7,21.79,8.41
117003,CALANA,2014,9,5.9,21.13,9.72
117003,CALANA,2014,10,0.5,24.01,11.07
117003,CALANA,2014,11,2.0,25.01,12.66
117003,CALANA,2014,12,1.4,25.3,13.23
117003,CALANA,2015,1,0.7,26.5,14.57
117003,CALANA,2015,2,0.7,27.37,16.27
117003,CALANA,2015,3,4.6,27.82,16.18
117003,CALANA,2015,4,0.0,25.54,14.01
117003,CALANA,2015,5,4.2,22.92,11.97
117003,CALANA,2015,6,0.0,21.78,8.99
117003,CALANA,2015,7,3.5,20.52,7.86
117003,CALANA,2015,8,9.4,21.72,8.73
117003,CALANA,2015,9,5.4,23.63,10.58
117003,CALANA,2015,10,7.7,23.74,12.18
117003,CALANA,2015,11,3.2,24.11,12.86
117003,CALANA,2015,12,3.9,25.83,14.41
117003,CALANA,2016,1,1.6,27.03,15.34
117003,CALANA,2016,2,2.2,28.29,16.6
117003,CALANA,2016,3,0.0,27.63,15.35
117003,CALANA,2016,4,0.3,25.25,13.16
117003,CALANA,2016,5,0.0,23.73,10.19
117003,CALANA,2016,6,0.0,22.41,8.98
117003,CALANA,2016,7,2.3,21.28,8.72
117003,CALANA,2016,8,1.2,21.85,8.41
117003,CALANA,2016,9,0.0,23.25,9.23
117003,CALANA,2016,10,0.3,23.85,10.96
117003,CALANA,2016,11,0.0,25.52,11.66
117003,CALANA,2016,12,0.0,26.08,13.26
117003,CALANA,2017,1,0.4,27.9,17.33
117003,CALANA,2017,2,3.6,28.93,16.89
117003,CALANA,2017,3,0.0,27.6,15.71
117003,CALANA,2017,4,0.0,25.63,12.5
117003,CALANA,2017,5,0.5,23.09,11.55
117003,CALANA,2017,6,3.4,21.62,9.75
117003,CALANA,2017,7,6.7,20.21,8.45
117003,CALANA,2017,8,2.1,20.82,8.03
117003,CALANA,2017,9,6.5,20.75,9.67
117003,CALANA,2017,10,0.3,23.69,10.46
117003,CALANA,2017,11,3.5,24.11,11.21
117003,CALANA,2017,12,0.0,25.9,12.78
117003,CALANA,2018,1,0.3,27.38,13.81
117003,CALANA,2018,2,0.3,28.5,15.26
117003,CALANA,2018,3,0.0,27.75,13.66
117003,CALANA,2018,4,0.0,25.94,12.16
117003,CALANA,2018,5,0.6,23.88,10.51
117003,CALANA,2018,6,1.5,21.19,9.54
117003,CALANA,2018,7,3.1,20.86,8.69
117003,CALANA,2018,8,1.2,21.73,-999.0
117003,CALANA,2018,9,0.0,23.28,8.82
117003,CALANA,2018,10,4.7,24.08,11.57
117003,CALANA,2018,11,0.0,25.79,12.89
117003,CALANA,2018,12,0.0,26.65,13.33
117003,CALANA,2019,1,20.5,26.89,15.51
117003,CALANA,2019,2,10.2,28.8,16.14
117003,CALANA,2019,3,0.0,28.1,13.59
117003,CALANA,2019,4,0.1,25.55,12.58
117003,CALANA,2019,5,1.2,23.36,10.12
117003,CALANA,2019,6,1.3,21.53,8.75
117003,CALANA,2019,7,5.7,20.3,7.78
117003,CALANA,2019,8,1.1,21.9,7.5
117003,CALANA,2019,9,5.0,21.67,9.31
117003,CALANA,2019,10,3.1,23.39,9.95
117003,CALANA,2019,11,2.1,25.29,12.55
117003,CALANA,2019,12,0.1,26.95,13.74
117003,CALANA,2020,1,25.0,27.28,15.98
117003,CALANA,2020,2,23.7,28.93,-999.0
117003,CALANA,2020,3,-999.0,-999.0,-999.0
117003,CALANA,2020,4,-999.0,-999.0,-999.0
117003,CALANA,2020,5,-999.0,-999.0,-999.0
117003,CALANA,2020,6,-999.0,-999.0,-999.0
117003,CALANA,2020,7,0.7,21.39,6.71
117003,CALANA,2020,8,4.3,21.13,8.39
117003,CALANA,2020,9,0.4,22.27,9.21
117003,CALANA,2020,10,1.1,23.59,11.14
117003,CALANA,2020,11,0.3,24.81,10.8
117003,CALANA,2020,12,10.3,26.23,13.35
117003,CALANA,2021,1,0.0,27.4,13.98
117003,CALANA,2021,2,0.0,27.76,14.02
117003,CALANA,2021,3,0.2,27.41,13.26
117003,CALANA,2021,4,0.0,24.66,12.01
117003,CALANA,2021,5,3.8,23.48,10.52
117003,CALANA,2021,6,0.1,21.47,8.08
117003,CALANA,2021,7,1.5,21.13,7.37
117003,CALANA,2021,8,3.5,21.59,8.09
117003,CALANA,2021,9,1.9,21.69,8.92
117003,CALANA,2021,10,0.6,24.01,9.16
117003,CALANA,2021,11,0.0,24.64,10.79
117003,CALANA,2021,12,2.4,25.65,13.41
117003,CALANA,2022,1,0.6,27.59,13.46
117003,CALANA,2022,2,1.3,27.64,13.1
117003,CALANA,2022,3,4.2,27.29,13.23
117003,CALANA,2022,4,0.0,24.93,10.62
117003,CALANA,2022,5,0.0,23.41,8.72
117003,CALANA,2022,6,1.9,20.98,7.18
117003,CALANA,2022,7,0.0,20.56,7.38
117003,CALANA,2022,8,0.1,21.63,6.4
117003,CALANA,2022,9,1.9,21.37,7.48
117003,CALANA,2022,10,0.3,24.01,7.9
117003,CALANA,2022,11,0.0,25.75,10.86
117003,CALANA,2022,12,0.0,27.37,13.01
117003,CALANA,2023,1,5.8,28.23,13.8
117003,CALANA,2023,2,0.0,29.49,15.92
117003,CALANA,2023,3,0.0,29.5,15.58
117003,CALANA,2023,4,0.0,27.73,13.21
117003,CALANA,2023,5,1.3,23.77,11.8
117003,CALANA,2023,6,0.4,23.19,8.3
117003,CALANA,2023,7,1.3,22.93,9.27
117003,CALANA,2023,8,4.4,23.34,9.77
117003,CALANA,2023,9,5.3,23.95,10.85
117003,CALANA,2023,10,0.0,25.93,11.65
117003,CALANA,2023,11,2.8,25.65,12.39
117003,CALANA,2023,12,0.1,27.22,13.97
117003,CALANA,2024,1,0.0,29.09,15.63
117003,CALANA,2024,2,4.2,29.44,16.78
117003,CALANA,2024,3,3.8,28.77,15.08
117003,CALANA,2024,4,0.4,26.31,12.63
117003,CALANA,2024,5,2.8,22.44,9.94
117003,CALANA,2024,6,0.3,23.05,8.39
117003,CALANA,2024,7,1.2,21.55,6.13
117003,CALANA,2024,8,5.0,21.46,7.11
117003,CALANA,2024,9,0.1,23.14,9.12
117003,CALANA,2024,10,3.5,25.04,10.21
117003,CALANA,2024,11,3.2,25.85,12.7
117003,CALANA,2024,12,0.0,26.59,12.87
117003,CALANA,2025,1,3.1,28.28,14.71
117003,CALANA,2025,2,6.8,29.7,16.32
117003,CALANA,2025,3,0.0,28.39,14.19
117003,CALANA,2025,4,0.0,25.67,11.51
117003,CALANA,2025,5,0.3,23.34,10.5
117003,CALANA,2025,6,2.4,21.43,8.91
117003,CALANA,2025,7,0.0,22.63,7.19
117003,CALANA,2025,8,4.9,22.02,7.44
117003,CALANA,2025,9,0.0,23.93,8.48
117003,CALANA,2025,10,0.5,24.92,10.37
117003,CALANA,2025,11,0.0,25.5,11.37
117003,CALANA,2025,12,0.1,27.07,12.16
