CODIGO,ESTACION,YEAR,MONTH,PP,TMAX,TMIN
117012,ITE,1990,1,-999.0,-999.0,-999.0
117012,ITE,1990,2,-999.0,-999.0,-999.0
117012,ITE,1990,3,-999.0,-999.0,-999.0
117012,ITE,1990,4,-999.0,-999.0,-999.0
117012,ITE,1990,5,-999.0,-999.0,-999.0
117012,ITE,1990,6,-999.0,-999.0,-999.0
117012,ITE,1990,7,-999.0,-999.0,-999.0
117012,ITE,1990,8,-999.0,-999.0,-999.0
117012,ITE,1990,9,-999.0,-999.0,-999.0
117012,ITE,1990,10,-999.0,-999.0,-999.0
117012,ITE,1990,11,-999.0,-999.0,-999.0
117012,ITE,1990,12,-999.0,-999.0,-999.0
117012,ITE,1991,1,-999.0,-999.0,-999.0
117012,ITE,1991,2,-999.0,-999.0,-999.0
117012,ITE,1991,3,-999.0,-999.0,-999.0
117012,ITE,1991,4,-999.0,-999.0,-999.0
117012,ITE,1991,5,-999.0,-999.0,-999.0
117012,ITE,1991,6,-999.0,-999.0,-999.0
117012,ITE,1991,7,-999.0,-999.0,-999.0
117012,ITE,1991,8,-999.0,-999.0,-999.0
117012,ITE,1991,9,-999.0,-999.0,-999.0
117012,ITE,1991,10,-999.0,-999.0,-999.0
117012,ITE,1991,11,-999.0,-999.0,-999.0
117012,ITE,1991,12,-999.0,-999.0,-999.0
117012,ITE,1992,1,-999.0,-999.0,-999.0
117012,ITE,1992,2,-999.0,-999.0,-999.0
117012,ITE,1992,3,-999.0,-999.0,-999.0
117012,ITE,1992,4,-999.0,-999.0,-999.0
117012,ITE,1992,5,-999.0,-999.0,-999.0
117012,ITE,1992,6,-999.0,-999.0,-999.0
117012,ITE,1992,7,-999.0,-999.0,-999.0
117012,ITE,1992,8,-999.0,-999.0,-999.0
117012,ITE,1992,9,-999.0,-999.0,-999.0
117012,ITE,1992,10,-999.0,-999.0,-999.0
117012,ITE,1992,11,-999.0,-999.0,-999.0
117012,ITE,1992,12,-999.0,-999.0,-999.0
117012,ITE,1993,1,-999.0,-999.0,-999.0
117012,ITE,1993,2,-999.0,-999.0,-999.0
117012,ITE,1993,3,-999.0,-999.0,-999.0
117012,ITE,1993,4,-999.0,-999.0,-999.0
117012,ITE,1993,5,-999.0,-999.0,-999.0
117012,ITE,1993,6,-999.0,-999.0,-999.0
117012,ITE,1993,7,-999.0,-999.0,-999.0
117012,ITE,1993,8,-999.0,-999.0,-999.0
117012,ITE,1993,9,-999.0,-999.0,-999.0
117012,ITE,1993,10,-999.0,-999.0,-999.0
117012,ITE,1993,11,-999.0,-999.0,-999.0
117012,ITE,1993,12,-999.0,-999.0,-999.0
117012,ITE,1994,1,-999.0,-999.0,-999.0
117012,ITE,1994,2,-999.0,-999.0,-999.0
117012,ITE,1994,3,-999.0,-999.0,-999.0
117012,ITE,1994,4,-999.0,-999.0,-999.0
117012,ITE,1994,5,-999.0,-999.0,-999.0
117012,ITE,1994,6,-999.0,-999.0,-999.0
117012,ITE,1994,7,-999.0,-999.0,-999.0
117012,ITE,1994,8,-999.0,-999.0,-999.0
117012,ITE,1994,9,-999.0,-999.0,-999.0
117012,ITE,1994,10,-999.0,-999.0,-999.0
117012,ITE,1994,11,-999.0,-999.0,-999.0
117012,ITE,1994,12,-999.0,-999.0,-999.0
117012,ITE,1995,1,-999.0,-999.0,-999.0
117012,ITE,1995,2,-999.0,-999.0,-999.0
117012,ITE,1995,3,-999.0,-999.0,-999.0
117012,ITE,1995,4,-999.0,-999.0,-999.0
117012,ITE,1995,5,-999.0,-999.0,-999.0
117012,ITE,1995,6,-999.0,-999.0,-999.0
117012,ITE,1995,7,-999.0,-999.0,-999.0
117012,ITE,1995,8,-999.0,-999.0,-999.0
117012,ITE,1995,9,-999.0,-999.0,-999.0
117012,ITE,1995,10,-999.0,-999.0,-999.0
117012,ITE,1995,11,-999.0,-999.0,-999.0
117012,ITE,1995,12,-999.0,-999.0,-999.0
117012,ITE,1996,1,-999.0,-999.0,-999.0
117012,ITE,1996,2,-999.0,-999.0,-999.0
117012,ITE,1996,3,-999.0,-999.0,-999.0
117012,ITE,1996,4,-999.0,-999.0,-999.0
117012,ITE,1996,5,-999.0,-999.0,-999.0
117012,ITE,1996,6,-999.0,-999.0,-999.0
117012,ITE,1996,7,-999.0,-999.0,-999.0
117012,ITE,1996,8,-999.0,-999.0,-999.0
117012,ITE,1996,9,-999.0,-999.0,-999.0
117012,ITE,1996,10,-999.0,-999.0,-999.0
117012,ITE,1996,11,-999.0,-999.0,-999.0
117012,ITE,1996,12,-999.0,-999.0,-999.0
117012,ITE,1997,1,-999.0,-999.0,-999.0
117012,ITE,1997,2,-999.0,-999.0,-999.0
117012,ITE,1997,3,-999.0,-999.0,-999.0
117012,ITE,1997,4,-999.0,-999.0,-999.0
117012,ITE,1997,5,-999.0,-999.0,-999.0
117012,ITE,1997,6,-999.0,-999.0,-999.0
117012,ITE,1997,7,-999.0,-999.0,-999.0
117012,ITE,1997,8,-999.0,-999.0,-999.0
117012,ITE,1997,9,-999.0,-999.0,-999.0
117012,ITE,1997,10,0.6,-999.0,17.26
117012,ITE,1997,11,-999.0,-999.0,18.0
117012,ITE,1997,12,1.6,-999.0,19.89
117012,ITE,1998,1,40.5,-999.0,21.93
117012,ITE,1998,2,0.0,-999.0,22.29
117012,ITE,1998,3,0.0,-999.0,21.59
117012,ITE,1998,4,0.0,-999.0,18.91
117012,ITE,1998,5,0.0,-999.0,16.81
117012,ITE,1998,6,0.0,-999.0,14.25
117012,ITE,1998,7,0.0,-999.0,14.9
117012,ITE,1998,8,2.3,-999.0,13.25
117012,ITE,1998,9,0.0,-999.0,12.82
117012,ITE,1998,10,0.5,-999.0,14.61
117012,ITE,1998,11,0.0,-999.0,16.93
117012,ITE,1998,12,0.2,-999.0,18.09
117012,ITE,1999,1,0.0,-999.0,18.91
117012,ITE,1999,2,0.0,-999.0,19.94
117012,ITE,1999,3,0.0,-999.0,19.85
117012,ITE,1999,4,0.0,-999.0,16.27
117012,ITE,1999,5,0.0,-999.0,14.52
117012,ITE,1999,6,0.0,-999.0,13.35
117012,ITE,1999,7,0.0,-999.0,13.51
117012,ITE,1999,8,0.0,-999.0,13.66
117012,ITE,1999,9,0.2,-999.0,13.45
117012,ITE,1999,10,0.4,-999.0,14.79
117012,ITE,1999,11,1.5,-999.0,16.19
117012,ITE,1999,12,0.0,-999.0,18.17
117012,ITE,2000,1,1.1,-999.0,19.93
117012,ITE,2000,2,0.0,-999.0,19.23
117012,ITE,2000,3,0.0,-999.0,18.42
117012,ITE,2000,4,0.0,-999.0,18.37
117012,ITE,2000,5,0.0,-999.0,14.61
117012,ITE,2000,6,0.0,-999.0,-999.0
117012,ITE,2000,7,0.5,17.75,12.66
117012,ITE,2000,8,1.5,17.67,12.49
117012,ITE,2000,9,0.0,19.1,13.87
117012,ITE,2000,10,2.2,-999.0,15.26
117012,ITE,2000,11,0.0,22.04,15.98
117012,ITE,2000,12,0.8,-999.0,18.82
117012,ITE,2001,1,0.8,-999.0,20.33
117012,ITE,2001,2,0.0,27.81,21.16
117012,ITE,2001,3,0.0,26.91,19.81
117012,ITE,2001,4,0.0,24.06,17.36
117012,ITE,2001,5,0.0,21.57,15.65
117012,ITE,2001,6,0.0,19.32,14.08
117012,ITE,2001,7,0.0,-999.0,12.7
117012,ITE,2001,8,0.8,17.55,12.91
117012,ITE,2001,9,6.4,17.96,13.28
117012,ITE,2001,10,0.0,-999.0,14.46
117012,ITE,2001,11,0.0,-999.0,16.51
117012,ITE,2001,12,-999.0,-999.0,-999.0
117012,ITE,2002,1,0.0,-999.0,19.07
117012,ITE,2002,2,0.0,-999.0,20.45
117012,ITE,2002,3,0.2,25.63,20.07
117012,ITE,2002,4,1.0,23.12,17.86
117012,ITE,2002,5,0.0,21.62,15.56
117012,ITE,2002,6,0.1,-999.0,13.57
117012,ITE,2002,7,-999.0,18.02,13.1
117012,ITE,2002,8,-999.0,18.31,12.73
117012,ITE,2002,9,1.4,-999.0,13.62
117012,ITE,2002,10,0.2,20.57,-999.0
117012,ITE,2002,11,0.0,-999.0,-999.0
117012,ITE,2002,12,0.1,-999.0,-999.0
117012,ITE,2003,1,0.2,25.12,-999.0
117012,ITE,2003,2,0.0,27.13,21.02
117012,ITE,2003,3,0.0,-999.0,19.13
117012,ITE,2003,4,0.0,-999.0,16.77
117012,ITE,2003,5,1.2,20.84,-999.0
117012,ITE,2003,6,0.0,19.26,12.99
117012,ITE,2003,7,0.7,-999.0,-999.0
117012,ITE,2003,8,2.1,18.44,13.17
117012,ITE,2003,9,6.2,18.65,13.31
117012,ITE,2003,10,0.9,21.5,16.02
117012,ITE,2003,11,0.0,23.28,17.8
117012,ITE,2003,12,0.0,25.17,19.05
117012,ITE,2004,1,0.0,26.43,20.63
117012,ITE,2004,2,0.0,26.19,20.23
117012,ITE,2004,3,0.0,25.67,19.38
117012,ITE,2004,4,0.0,23.56,17.4
117012,ITE,2004,5,0.0,20.84,14.69
117012,ITE,2004,6,0.0,18.79,13.31
117012,ITE,2004,7,4.0,18.11,13.14
117012,ITE,2004,8,-999.0,17.73,13.48
117012,ITE,2004,9,0.0,19.4,14.28
117012,ITE,2004,10,0.5,20.95,15.54
117012,ITE,2004,11,0.0,22.61,17.19
117012,ITE,2004,12,0.0,25.05,19.54
117012,ITE,2005,1,0.0,26.52,20.72
117012,ITE,2005,2,0.0,25.59,20.28
117012,ITE,2005,3,0.0,25.1,18.53
117012,ITE,2005,4,0.0,23.04,16.85
117012,ITE,2005,5,0.0,20.68,15.5
117012,ITE,2005,6,0.0,19.14,13.04
117012,ITE,2005,7,0.0,18.28,13.4
117012,ITE,2005,8,1.3,18.26,13.03
117012,ITE,2005,9,4.1,17.93,13.07
117012,ITE,2005,10,0.0,19.5,13.4
117012,ITE,2005,11,0.0,21.82,15.51
117012,ITE,2005,12,0.0,24.34,18.3
117012,ITE,2006,1,0.0,26.12,20.61
117012,ITE,2006,2,0.0,26.58,20.58
117012,ITE,2006,3,1.1,25.62,20.11
117012,ITE,2006,4,0.0,22.98,16.62
117012,ITE,2006,5,0.0,21.57,15.4
117012,ITE,2006,6,1.1,19.92,14.29
117012,ITE,2006,7,0.0,19.66,13.96
117012,ITE,2006,8,5.1,18.73,13.75
117012,ITE,2006,9,1.0,19.57,14.16
117012,ITE,2006,10,0.0,21.39,15.98
117012,ITE,2006,11,0.0,22.4,17.15
117012,ITE,2006,12,2.6,24.02,18.69
117012,ITE,2007,1,0.0,26.52,20.59
117012,ITE,2007,2,0.0,25.99,19.99
117012,ITE,2007,3,0.0,25.05,19.18
117012,ITE,2007,4,0.0,22.67,16.06
117012,ITE,2007,5,0.0,19.29,13.61
117012,ITE,2007,6,-999.0,17.22,12.4
117012,ITE,2007,7,0.0,16.43,11.28
117012,ITE,2007,8,-999.0,15.25,11.34
117012,ITE,2007,9,5.5,15.83,12.04
117012,ITE,2007,10,0.0,17.93,12.92
117012,ITE,2007,11,0.0,20.85,15.54
117012,ITE,2007,12,0.0,22.85,17.19
117012,ITE,2008,1,2.8,25.81,19.95
117012,ITE,2008,2,0.0,25.91,18.77
117012,ITE,2008,3,0.0,25.35,18.32
117012,ITE,2008,4,0.0,22.78,16.03
117012,ITE,2008,5,0.0,19.66,13.4
117012,ITE,2008,6,0.9,18.68,13.26
117012,ITE,2008,7,0.0,18.12,12.38
117012,ITE,2008,8,1.6,18.14,12.68
117012,ITE,2008,9,3.1,18.77,13.91
117012,ITE,2008,10,0.6,19.81,14.87
117012,ITE,2008,11,0.0,22.11,16.48
117012,ITE,2008,12,0.0,23.96,18.33
117012,ITE,2009,1,0.0,25.72,19.7
117012,ITE,2009,2,0.0,26.26,20.15
117012,ITE,2009,3,0.0,25.85,19.27
117012,ITE,2009,4,0.0,24.73,17.68
117012,ITE,2009,5,0.2,22.55,16.1
117012,ITE,2009,6,0.0,20.75,14.41
117012,ITE,2009,7,3.4,18.65,13.52
117012,ITE,2009,8,0.0,18.27,12.65
117012,ITE,2009,9,-999.0,18.05,13.71
117012,ITE,2009,10,0.3,19.69,14.43
117012,ITE,2009,11,3.4,22.69,17.44
117012,ITE,2009,12,0.1,24.52,19.14
117012,ITE,2010,1,0.0,25.85,20.01
117012,ITE,2010,2,0.0,26.83,21.2
117012,ITE,2010,3,0.0,25.52,18.79
117012,ITE,2010,4,-999.0,23.96,18.3
117012,ITE,2010,5,1.3,21.49,16.26
117012,ITE,2010,6,1.3,18.63,13.55
117012,ITE,2010,7,0.0,17.06,11.4
117012,ITE,2010,8,0.6,17.28,11.62
117012,ITE,2010,9,-999.0,17.67,12.96
117012,ITE,2010,10,0.0,19.59,14.02
117012,ITE,2010,11,0.0,21.43,15.79
117012,ITE,2010,12,0.0,23.12,16.98
117012,ITE,2011,1,0.3,24.89,18.67
117012,ITE,2011,2,0.0,26.36,20.79
117012,ITE,2011,3,0.0,25.01,18.57
117012,ITE,2011,4,0.0,23.55,17.51
117012,ITE,2011,5,0.0,20.9,15.46
117012,ITE,2011,6,-999.0,19.23,14.41
117012,ITE,2011,7,-999.0,17.67,13.85
117012,ITE,2011,8,3.9,17.12,12.83
117012,ITE,2011,9,1.1,18.16,13.13
117012,ITE,2011,10,0.1,20.17,14.2
117012,ITE,2011,11,0.0,22.39,16.76
117012,ITE,2011,12,0.0,24.37,18.74
117012,ITE,2012,1,1.3,25.63,19.89
117012,ITE,2012,2,0.0,26.59,21.03
117012,ITE,2012,3,0.0,26.48,20.8
117012,ITE,2012,4,0.3,24.61,18.08
117012,ITE,2012,5,0.0,22.1,15.8
117012,ITE,2012,6,0.0,20.59,15.15
117012,ITE,2012,7,4.2,18.83,14.08
117012,ITE,2012,8,2.0,18.06,13.27
117012,ITE,2012,9,-999.0,18.92,14.32
117012,ITE,2012,10,0.4,19.84,14.97
117012,ITE,2012,11,0.0,21.75,16.6
117012,ITE,2012,12,2.7,24.19,18.66
117012,ITE,2013,1,0.0,25.26,19.71
117012,ITE,2013,2,0.0,26.95,20.8
117012,ITE,2013,3,0.0,25.46,18.88
117012,ITE,2013,4,0.0,22.95,15.55
117012,ITE,2013,5,0.0,21.22,15.32
117012,ITE,2013,6,0.0,19.23,13.39
117012,ITE,2013,7,0.0,17.97,12.27
117012,ITE,2013,8,0.3,17.77,12.8
117012,ITE,2013,9,1.9,18.62,13.53
117012,ITE,2013,10,0.0,19.79,14.65
117012,ITE,2013,11,0.0,21.81,16.36
117012,ITE,2013,12,0.4,24.47,18.67
117012,ITE,2014,1,0.0,26.76,20.5
117012,ITE,2014,2,0.0,25.74,18.82
117012,ITE,2014,3,0.0,25.49,18.45
117012,ITE,2014,4,1.0,23.32,17.97
117012,ITE,2014,5,0.0,21.8,15.97
117012,ITE,2014,6,3.2,19.07,14.13
117012,ITE,2014,7,1.0,17.46,12.85
117012,ITE,2014,8,0.3,17.97,13.14
117012,ITE,2014,9,3.1,17.86,13.95
117012,ITE,2014,10,2.1,20.32,15.21
117012,ITE,2014,11,0.8,22.85,17.48
117012,ITE,2014,12,2.8,23.49,18.14
117012,ITE,2015,1,0.0,25.05,19.62
117012,ITE,2015,2,0.2,27.16,21.09
117012,ITE,2015,3,0.0,27.13,20.71
117012,ITE,2015,4,0.0,24.95,19.3
117012,ITE,2015,5,0.0,22.67,17.45
117012,ITE,2015,6,0.0,20.5,15.44
117012,ITE,2015,7,2.5,19.03,14.01
117012,ITE,2015,8,10.0,18.7,13.77
117012,ITE,2015,9,2.5,19.96,14.86
117012,ITE,2015,10,7.6,21.13,16.09
117012,ITE,2015,11,0.0,22.36,17.23
117012,ITE,2015,12,0.9,24.57,19.11
117012,ITE,2016,1,1.4,26.06,20.13
117012,ITE,2016,2,0.2,27.52,21.82
117012,ITE,2016,3,0.0,26.63,20.25
117012,ITE,2016,4,0.6,24.19,18.16
117012,ITE,2016,5,0.0,22.2,16.08
117012,ITE,2016,6,1.0,19.99,14.29
117012,ITE,2016,7,2.0,18.88,13.69
117012,ITE,2016,8,0.2,19.29,14.05
117012,ITE,2016,9,0.0,20.01,14.46
117012,ITE,2016,10,0.8,21.54,16.05
117012,ITE,2016,11,0.0,23.31,16.76
117012,ITE,2016,12,0.0,25.05,18.71
117012,ITE,2017,1,0.4,28.34,21.75
117012,ITE,2017,2,0.0,28.58,21.33
117012,ITE,2017,3,0.0,26.83,20.76
117012,ITE,2017,4,0.0,24.62,17.82
117012,ITE,2017,5,2.5,22.91,16.93
117012,ITE,2017,6,3.9,20.11,14.88
117012,ITE,2017,7,11.7,18.38,14.1
117012,ITE,2017,8,0.5,18.75,13.9
117012,ITE,2017,9,8.7,18.16,13.29
117012,ITE,2017,10,0.5,19.64,14.52
117012,ITE,2017,11,4.4,21.42,15.85
117012,ITE,2017,12,0.0,23.93,17.82
117012,ITE,2018,1,0.0,25.8,19.57
117012,ITE,2018,2,0.6,27.06,20.57
117012,ITE,2018,3,0.0,25.9,19.86
117012,ITE,2018,4,0.0,24.36,17.8
117012,ITE,2018,5,0.0,22.03,16.41
117012,ITE,2018,6,1.0,19.14,14.87
117012,ITE,2018,7,5.5,-999.0,13.66
117012,ITE,2018,8,0.0,18.07,13.13
117012,ITE,2018,9,0.7,19.2,14.22
117012,ITE,2018,10,5.9,21.05,16.11
117012,ITE,2018,11,0.0,23.38,17.6
117012,ITE,2018,12,0.0,24.93,19.13
117012,ITE,2019,1,0.7,26.65,20.42
117012,ITE,2019,2,0.2,27.56,20.93
117012,ITE,2019,3,0.0,26.14,19.43
117012,ITE,2019,4,0.0,24.25,17.84
117012,ITE,2019,5,0.0,21.48,15.93
117012,ITE,2019,6,0.0,19.61,14.43
117012,ITE,2019,7,9.2,17.81,13.39
117012,ITE,2019,8,0.1,18.01,12.86
117012,ITE,2019,9,8.2,18.53,13.64
117012,ITE,2019,10,2.1,20.07,14.57
117012,ITE,2019,11,1.1,22.88,17.26
117012,ITE,2019,12,0.0,24.93,18.77
117012,ITE,2020,1,3.9,27.23,21.33
117012,ITE,2020,2,0.0,27.41,21.21
117012,ITE,2020,3,-999.0,-999.0,-999.0
117012,ITE,2020,4,-999.0,-999.0,-999.0
117012,ITE,2020,5,-999.0,-999.0,-999.0
117012,ITE,2020,6,-999.0,-999.0,-999.0
117012,ITE,2020,7,-999.0,-999.0,-999.0
117012,ITE,2020,8,-999.0,-999.0,-999.0
117012,ITE,2020,9,-999.0,-999.0,-999.0
117012,ITE,2020,10,-999.0,-999.0,-999.0
117012,ITE,2020,11,-999.0,-999.0,-999.0
117012,ITE,2020,12,-999.0,-999.0,-999.0
117012,ITE,2021,1,-999.0,-999.0,-999.0
117012,ITE,2021,2,-999.0,-999.0,-999.0
117012,ITE,2021,3,-999.0,-999.0,-999.0
117012,ITE,2021,4,-999.0,-999.0,-999.0
117012,ITE,2021,5,-999.0,-999.0,-999.0
117012,ITE,2021,6,-999.0,-999.0,-999.0
117012,ITE,2021,7,-999.0,-999.0,-999.0
117012,ITE,2021,8,-999.0,-999.0,-999.0
117012,ITE,2021,9,-999.0,-999.0,-999.0
117012,ITE,2021,10,2.0,-999.0,-999.0
117012,ITE,2021,11,0.0,22.27,14.06
117012,ITE,2021,12,2.3,24.57,-999.0
117012,ITE,2022,1,0.0,26.63,16.92
117012,ITE,2022,2,0.0,-999.0,17.1
117012,ITE,2022,3,0.0,27.17,16.84
117012,ITE,2022,4,0.0,23.93,14.92
117012,ITE,2022,5,0.0,21.56,15.12
117012,ITE,2022,6,0.0,19.56,13.32
117012,ITE,2022,7,0.3,18.66,12.82
117012,ITE,2022,8,0.0,18.15,12.43
117012,ITE,2022,9,2.7,18.25,11.97
117012,ITE,2022,10,0.0,20.03,13.24
117012,ITE,2022,11,3.1,22.77,15.29
117012,ITE,2022,12,0.0,-999.0,18.34
117012,ITE,2023,1,0.0,26.48,19.06
117012,ITE,2023,2,0.0,28.21,21.5
117012,ITE,2023,3,0.0,28.11,21.15
117012,ITE,2023,4,0.0,-999.0,19.1
117012,ITE,2023,5,1.5,22.32,17.48
117012,ITE,2023,6,0.0,21.51,15.96
117012,ITE,2023,7,2.3,20.65,15.32
117012,ITE,2023,8,1.3,-999.0,15.5
117012,ITE,2023,9,4.3,22.2,16.14
117012,ITE,2023,10,1.1,22.76,16.47
117012,ITE,2023,11,0.3,23.57,17.4
117012,ITE,2023,12,0.0,25.53,19.05
117012,ITE,2024,1,0.7,27.52,20.51
117012,ITE,2024,2,3.2,28.93,22.29
117012,ITE,2024,3,0.0,27.12,20.28
117012,ITE,2024,4,0.0,25.47,18.59
117012,ITE,2024,5,0.6,21.46,15.64
117012,ITE,2024,6,0.0,20.29,14.25
117012,ITE,2024,7,0.0,19.06,12.94
117012,ITE,2024,8,7.5,18.7,13.11
117012,ITE,2024,9,0.9,19.72,13.89
117012,ITE,2024,10,6.5,21.7,15.26
117012,ITE,2024,11,0.5,-999.0,17.26
117012,ITE,2024,12,0.0,24.73,17.81
117012,ITE,2025,1,0.0,26.87,19.91
117012,ITE,2025,2,0.0,29.0,21.49
117012,ITE,2025,3,0.0,27.2,19.83
117012,ITE,2025,4,0.0,24.21,16.73
117012,ITE,2025,5,-999.0,-999.0,-999.0
117012,ITE,2025,6,-999.0,-999.0,-999.0
117012,ITE,2025,7,0.0,19.31,13.45
117012,ITE,2025,8,3.1,19.35,13.34
117012,ITE,2025,9,0.0,20.33,14.06
117012,ITE,2025,10,0.3,22.06,15.53
117012,ITE,2025,11,0.0,23.45,16.57
117012,ITE,2025,12,0.0,25.24,17.66
